0.12996197
0.12506247
0.10995078
0.11790729
0.10498023
0.10047412
0.11306691
0.10990977
0.11501408
0.11517477
0.11652207
0.12465239
0.12022305
0.10954952
0.10214853
0.09999204
0.10885811
0.11027050
0.10988879
0.10997510
0.11985016
0.12503052
0.12727571
0.12033868
0.10497332
0.11021447
0.09993076
0.10999799
0.12285638
0.11532903
0.11878562
0.12555408
0.11534238
0.11980295
0.10994601
0.11582303
0.12030482
0.11383677
0.11617374
0.09991527
0.11020327
0.11207819
0.10991406
0.12002873
0.12462974
0.10978961
0.12019730
0.11603069
0.11515284
0.12525773
0.10875535
0.12976980
0.11598969
0.11822486
0.12984467
0.11788177
0.11102080
0.11983895
0.11457086
0.12026715
0.10415983
0.10412025
0.12006068
0.11481023
0.10998821
0.12030506
0.13010478
0.11489511
0.10983849
0.10980630
0.11081266
0.11491156
0.11790800
0.12989140
0.11509371
0.11971116
0.12392259
0.11958385
0.11998487
0.12349772
0.11014819
0.11020303
0.11561847
0.11338735
0.13022494
0.11059856
0.10976219
0.10911608
0.11669993
0.11010551
0.11498451
0.10004902
0.12235904
0.10531688
0.10995460
0.12030792
0.10964680
0.11544132
0.11772060
0.11621213
0.10752010
0.12806726
0.13985205
0.12292385
0.11011958
0.12494659
0.12504911
0.11406827
0.11998677
0.10507536
0.10016704
0.10980225
0.10515571
0.11028171
0.11485124
0.10961413
0.10999060
0.12253952
0.11538363
0.09976149
0.11007309
0.10519695
0.10631680
0.10982227
0.12186289
0.11986589
0.11532283
0.11527276
0.10886526
0.10990453
0.13518667
0.10983896
0.11286855
0.11897063
0.11474609
0.11685610
0.11368775
0.10506630
0.11496925
0.12011313
0.11483192
0.12291789
0.11102533
0.12225986
0.12159133
0.11017132
0.10971308
0.10510540
0.12001944
0.10523319
0.12172055
0.12016082
0.12981033
0.11002922
0.12013793
0.10508013
0.11885357
0.12028432
0.11374855
0.11984038
0.11028099
0.11473656
0.10979891
0.11514616
0.11030436
0.11357284
0.12012625
0.12989783
0.11771941
0.11003351
0.11483860
0.10985708
0.10516310
0.11974621
0.11032176
0.11374187
0.12462711
0.12036133
0.11514473
0.11434889
0.10972953
0.10917974
0.09993863
0.12528276
0.11218786
0.10999632
0.12012649
0.10461617
0.10989594
0.11968112
0.11007571
0.10810280
0.11409354
0.11733246
0.12486911
0.10458541
0.11009574
0.12198591
0.11187339
0.11848950
0.12012577
0.11594963
0.10994029
0.11006188
0.11507797
0.10979867
0.11507916
0.11000395
0.11493397
0.11500931
0.14708328
0.14018583
0.10018182
0.12009358
0.10005999
0.10018301
0.10998583
0.12984872
0.12029481
0.11223102
0.11006308
0.10423970
0.11316442
0.10498095
0.09997892
0.09999514
0.12006092
0.12818766
0.11469531
0.10474420
0.10003448
0.09975266
0.11484504
0.11015415
0.11503911
0.11019135
0.10959411
0.11975646
0.11497903
0.10973644
0.11993885
0.11378908
0.11519933
0.11917949
0.11004567
0.10691690
0.11386824
0.09997821
0.10977030
0.10517335
0.12503338
0.12395430
0.11991596
0.13518810
0.11983442
0.11499405
0.11024737
0.11817145
0.11006999
0.11500716
0.11971712
0.12526894
0.11000443
0.11606121
0.12485790
0.10992026
0.09978843
0.10029411
0.11705112
0.11185384
0.12891102
0.10967445
0.11033010
0.11183429
0.10976648
0.12261772
0.13019633
0.12023234
0.11474609
0.11195159
0.11003208
0.11203957
0.10489702
0.10850549
0.12001777
0.11593318
0.12814426
0.11371636
0.11993980
0.12000132
0.11996841
0.11881781
0.12012100
0.11508083
0.10763550
0.12961817
0.10980940
0.10987210
0.12005377
0.11793065
0.14091992
0.11968756
0.11022782
0.12978292
0.11510086
0.12003422
0.10898328
0.11991906
0.10602927
0.11048055
0.11031461
0.11369753
0.12986565
0.11409163
0.10738325
0.10681438
0.13484645
0.11469197
0.12419844
0.11196113
0.12997913
0.11511731
0.11029458
0.11495018
0.11387897
0.10801625
0.12004018
0.11921263
0.10428357
0.11410737
0.11994362
0.11525202
0.10314727
0.11017632
0.10973573
0.11046457
0.10000491
0.11509514
0.11497760
0.11368847
0.12016320
0.10983276
0.10978293
0.11567473
0.10513783
0.11296558
0.11478066
0.12001133
0.11627436
0.10879326
0.10490847
0.10997009
0.11494851
0.11023903
0.13459253
0.12037444
0.12521911
0.11140895
0.10972333
0.11990809
0.10284424
0.11243701
0.11026955
0.11172032
0.11223698
0.12487268
0.10985303
0.10913134
0.12027001
0.09965587
0.11496234
0.11017752
0.11491442
0.11896157
0.12003899
0.11023045
0.11528063
0.10363626
0.11495805
0.10498381
0.11499715
0.10508680
0.13998270
0.12004352
0.11001635
0.11008573
0.11488748
0.10509014
0.10517836
0.10499144
0.10977674
0.10508943
0.13317204
0.12520242
0.09991431
0.11048365
0.10961056
0.10624051
0.11014295
0.11990070
0.10382366
0.11994457
0.11590052
0.11771345
0.11492157
0.11493015
0.10619903
0.11002350
0.11008763
0.10941195
0.10989165
0.13189864
0.11783028
0.12006474
0.12628007
0.11931181
0.10650826
0.10833573
0.09964442
0.11225295
0.10965657
0.11621952
0.10957670
0.12009001
0.15703321
0.11994505
0.09994960
0.11001801
0.10006547
0.11791730
0.11020827
0.12007070
0.10394597
0.09988189
0.12021399
0.10593367
0.11839819
0.10711074
0.11993265
0.12026167
0.11480689
0.12125444
0.11010695
0.11967850
0.10489702
0.12611771
0.10789680
0.12568426
0.11836267
0.11532497
0.12002444
0.13000751
0.11980128
0.10432887
0.10970235
0.11978316
0.11540413
0.13984561
0.10904932
0.11547136
0.11537766
0.10446119
0.10185909
0.12727666
0.11183929
0.12475562
0.11901712
0.11985636
0.11995983
0.10899258
0.11491036
0.11993837
0.11390233
0.12602568
0.11949086
0.11496878
0.10012436
0.10419035
0.11202908
0.11991215
0.13293552
0.11092448
0.10812187
0.13820219
0.12002897
0.11008501
0.10497212
0.10390472
0.09970951
0.11185813
0.10019541
0.11198950
0.13001966
0.12290192
0.12496614
0.10999012
0.10521674
0.12507415
0.14008570
0.12493920
0.12404299
0.12975264
0.12002444
0.10176229
0.09984088
0.11982226
0.09909248
0.11964989
0.12792659
0.11988640
0.12327671
0.12086391
0.11272788
0.10515761
0.12013245
0.11096239
0.10514593
0.11008573
0.11111045
0.10022426
0.12406397
0.11487246
0.11520123
0.10973120
0.11455345
0.10999036
0.10502100
0.10748720
0.12506485
0.13496280
0.11183715
0.10882425
0.13035536
0.12991929
0.12378120
0.12527394
0.13775325
0.12499785
0.11618352
0.11803365
0.10616541
0.11538696
0.11027312
0.12636781
0.10793352
0.12986159
0.12604403
0.10820103
0.12014699
0.10511041
0.11000967
0.11086226
0.10914207
0.12984633
0.12098289
0.11558795
0.11780262
0.11986542
0.11042666
0.11735940
0.10979056
0.11897469
0.10982704
0.12407851
0.10989618
0.10972643
0.10595608
0.11187196
0.11002994
0.11079311
0.11299729
0.11079621
0.11882281
0.10813785
0.12504244
0.14228177
0.11023927
0.11495852
0.12414622
0.11152077
0.13030410
0.10781741
0.11711788
0.12980914
0.10985160
0.11124063
0.11473274
0.10985327
0.10768819
0.11910415
0.11962414
0.12005210
0.11012387
0.11602378
0.11190391
0.11183381
0.11974597
0.11471534
0.11923242
0.12803388
0.11575699
0.11263394
0.10782027
0.12534785
0.10357213
0.12033486
0.12488294
0.12134004
0.12983727
0.11193204
0.09985685
0.10221338
0.11419177
0.10607457
0.11391640
0.11137819
0.12294745
0.11905813
0.11019611
0.11757088
0.11828399
0.09971428
0.10782194
0.11528468
0.12471056
0.10905194
0.10630536
0.11005425
0.11488271
0.11973572
0.12513757
0.12476802
0.10697961
0.09491658
0.08998895
0.11981153
0.10013795
0.11007643
0.09312725
0.09979272
0.11016297
0.09988713
0.08404660
0.20981693
0.10503316
0.09989524
0.08985639
0.12012506
0.08961010
0.12023640
0.09964395
0.08983970
0.10004735
0.09960985
0.09030485
0.08572936
0.08972192
0.09002376
0.09975290
0.09007096
0.09022737
0.09984851
0.08988547
0.08994198
0.08783722
0.08974218
0.09004092
0.09053087
0.08409953
0.08982563
0.07961845
0.10508919
0.09028482
0.09966683
0.09019685
0.09414315
0.09506631
0.08971667
0.09009647
0.10009027
0.10412145
0.09017706
0.10012126
0.10011220
0.12004590
0.09495234
0.08993316
0.09977865
0.08995461
0.09030485
0.08011389
0.09996462
0.08997750
0.09336662
0.09954023
0.09005952
0.08993936
0.11003208
0.10154581
0.09016442
0.09018254
0.08950257
0.10007000
0.09380269
0.09045625
0.08982992
0.11009169
0.08903670
0.08879375
0.09095883
0.11009979
0.09971142
0.08999968
0.09965014
0.10039258
0.09986019
0.08817768
0.09589815
0.08966446
0.09851360
0.08987975
0.09221840
0.08966589
0.09028220
0.08969927
0.09365129
0.08997512
0.10004163
0.09999275
0.09993649
0.08985424
0.09006119
0.10019159
0.09000683
0.10498023
0.08979726
0.08518958
0.08992600
0.10352540
0.10001111
0.10003114
0.09971642
0.09001732
0.10983086
0.11004019
0.09580135
0.09881687
0.09994364
0.08982992
0.09984207
0.09002495
0.09501338
0.10431814
0.09989452
0.09500718
0.09008932
0.08948922
0.10981679
0.10004473
0.10002470
0.09987879
0.09515619
0.09528470
0.08989310
0.08973980
0.08984256
0.08967566
0.12008595
0.11023164
0.12206054
0.11059618
0.10980535
0.10031009
0.12021971
0.10986280
0.10823894
0.09996772
0.08980894
0.08979821
0.09067583
0.10180569
0.09981871
0.09017158
0.08962893
0.08993983
0.08987904
0.08994722
0.09023428
0.08811069
0.08993602
0.09232330
0.08982182
0.09974670
0.09007859
0.09484172
0.09005213
0.08972645
0.09009075
0.10021853
0.09741688
0.09397292
0.09009290
0.08994818
0.09961700
0.08995461
0.09958744
0.08971524
0.08212280
0.09793806
0.09005880
0.07986808
0.10515118
0.09991097
0.10001874
0.08986449
0.07995439
0.08989549
0.09510899
0.08986068
0.09022903
0.08508968
0.09004283
0.11001229
0.09009790
0.10000777
0.08287501
0.09037471
0.08440995
0.09035659
0.09987926
0.08465219
0.08978581
0.08905673
0.08889318
0.09116626
0.09102321
0.09998941
0.09047699
0.09004712
0.10029840
0.08955646
0.09003663
0.09027576
0.11172128
0.09009027
0.08758473
0.08993292
0.09014440
0.09014487
0.08002877
0.09036517
0.08535337
0.09040952
0.09000182
0.09006357
0.09481788
0.08973002
0.09989095
0.08702826
0.09011745
0.09911585
0.09999800
0.08468986
0.09998059
0.10000992
0.08500576
0.09002233
0.09983373
0.10401893
0.11191440
0.09031916
0.09396529
0.09018850
0.09945250
0.09905124
0.09591246
0.09460473
0.08843875
0.10007739
0.08992457
0.08996105
0.09997702
0.09105873
0.09276009
0.08443165
0.09982204
0.09960628
0.08516955
0.08994770
0.11194515
0.10026646
0.09008980
0.10995603
0.10979557
0.09013891
0.09043789
0.08993244
0.08995199
0.08959579
0.08509374
0.10027313
0.11964154
0.11036897
0.08992887
0.08997726
0.08414555
0.09488988
0.08868313
0.08979201
0.08717704
0.09005928
0.10013413
0.09965539
0.09996986
0.09476781
0.10024118
0.10012841
0.09508157
0.08000803
0.09471774
0.10019231
0.09964442
0.09004736
0.09965515
0.09999657
0.09218073
0.08601308
0.09018874
0.09525228
0.09975433
0.08476090
0.10023236
0.09990287
0.09007525
0.09974766
0.09002495
0.08395338
0.10491824
0.08998704
0.09034753
0.10016274
0.09999204
0.09027529
0.08971167
0.08953023
0.09984851
0.09488297
0.08413935
0.08998489
0.09023714
0.09374046
0.10002017
0.09981489
0.08885694
0.08998942
0.09985185
0.09010267
0.09036922
0.10370779
0.10006475
0.08981299
0.09994411
0.09045243
0.09037089
0.07975197
0.08993387
0.08984351
0.09816980
0.08507156
0.16007590
0.16991162
0.17005420
0.15995479
0.16017079
0.16996789
0.16997790
0.16992474
0.16997123
0.16521931
0.17515969
0.16573930
0.16973829
0.16604614
0.17994261
0.18996763
0.20997357
0.17011523
0.16522360
0.17025423
0.17020154
0.16024756
0.17980289
0.16680646
0.17023563
0.16649294
0.15977240
0.16943169
0.16013384
0.17986727
0.16969180
