0.12605619
0.11375666
0.11987090
0.09472537
0.11986804
0.12017441
0.11786866
0.13902354
0.09999061
0.10004091
0.11546135
0.10030413
0.10994864
0.11998248
0.13949490
0.13031125
0.10963488
0.10669374
0.10083580
0.09997535
0.10516238
0.11236739
0.11183429
0.11043000
0.12021279
0.11465812
0.11588240
0.10011029
0.09793735
0.10333419
0.10979581
0.12002325
0.10981798
0.09982252
0.10030007
0.11495209
0.10984826
0.10437155
0.10413098
0.10963249
0.09790444
0.10040903
0.09958816
0.10011482
0.11403203
0.11980271
0.10996175
0.10005665
0.10162830
0.11976290
0.11404490
0.10690832
0.09512115
0.09960651
0.09985948
0.10589767
0.11513877
0.10416508
0.10031343
0.09969783
0.10442710
0.10539103
0.12042642
0.10405755
0.09503245
0.10435390
0.09956813
0.11920118
0.10966873
0.10496974
0.13821530
0.11480403
0.10200143
0.11031032
0.10991549
0.12470508
0.09980083
0.10499406
0.10987306
0.12201309
0.10205936
0.10015559
0.09989166
0.10337257
0.11818528
0.11019373
0.11519241
0.11006618
0.11532712
0.12224627
0.13694048
0.10982156
0.09992599
0.10077786
0.11338091
0.11381984
0.11495328
0.10462689
0.10041761
0.10986805
0.11991835
0.10024500
0.09885001
0.09478617
0.10960221
0.11498475
0.10494566
0.11002421
0.11211395
0.11511540
0.11785960
0.11005282
0.11981249
0.11015344
0.10366178
0.10977316
0.09049892
0.10487342
0.13981676
0.10981989
0.10599279
0.11059809
0.11492729
0.10026550
0.10530496
0.10477662
0.09997845
0.10015583
0.09481788
0.11989141
0.11988544
0.10239506
0.10000277
0.09530163
0.09374547
0.11804438
0.10988474
0.11960363
0.10986733
0.10025907
0.11485767
0.11570859
0.09817648
0.10485125
0.09996891
0.10094070
0.11990237
0.10500073
0.12011528
0.10972834
0.11503768
0.10996985
0.11991000
0.11025476
0.10012960
0.10966563
0.10470605
0.12005830
0.12514925
0.10554385
0.09805989
0.09981775
0.10157466
0.10478139
0.10002446
0.12385702
0.10992908
0.11405993
0.11982918
0.11016583
0.10795736
0.10305429
0.10952735
0.12029934
0.11021590
0.10013294
0.09992599
0.11009431
0.12015533
0.10372472
0.11535788
0.10001779
0.11034489
0.11002064
0.12019420
0.10912085
0.10896182
0.30995750
0.24888134
0.26421046
0.24255824
0.25022650
0.26023149
0.25495172
0.26583290
0.25995588
0.26995611
0.26000309
0.40491199
0.40588784
0.55469608
0.53527021
0.54038429
0.53214097
0.53955841
0.55602288
0.53973246
0.54983282
0.52038980
0.53330564
0.53976965
0.41972995
0.43984962
0.25007796
0.24022126
0.26480508
0.26905966
0.25012779
0.25979781
0.25997090
0.27980804
0.26839399
0.24632692
0.25179911
0.29572248
0.25563455
0.26814771
0.24997997
0.26614833
0.25460291
0.24660516
0.24954915
0.25559759
0.26012206
0.24506164
0.26497960
0.24965811
0.26514769
0.24029493
0.25392342
0.24999261
0.24960065
0.25975800
0.26013565
0.26990581
0.26523852
0.25971389
0.25349784
0.26010656
0.26201105
0.24005222
0.25968409
0.27020717
0.24999809
0.26487112
0.25211596
0.28971887
0.25617433
0.23762965
0.25994349
0.25204492
0.24485946
0.26349187
0.26981974
0.26982021
0.32535410
0.25018573
0.25968647
0.24897695
0.24815011
0.26905107
0.25501871
0.26229286
0.24980760
0.24816799
0.26553893
0.24040318
0.25190020
0.25293541
0.26975894
0.24002719
0.24987197
0.19489622
0.25416327
0.25042772
0.26026320
0.24994588
0.25500321
0.25021243
0.26831365
0.26142621
0.28533506
0.25482273
0.25993729
0.24555922
0.25978351
0.25017190
0.26485252
0.26981592
0.37533712
0.28500891
0.25465870
0.26027942
0.24973083
0.24968076
0.27956247
0.27029228
0.10490561
0.12586594
0.10823870
0.11496544
0.11003089
0.12004519
0.09951830
0.12001252
0.11012149
0.10982800
0.11680579
0.10592103
0.09987307
0.11335683
0.10980725
0.11201763
0.10993934
0.12261868
0.10980558
0.11001539
0.09402418
0.10998392
0.12002254
0.11348677
0.11019540
0.12228847
0.13477802
0.10992265
0.12491798
0.11650658
0.10488462
0.10000086
0.10767555
0.10033083
0.12997961
0.12043118
0.10480905
0.10018206
0.10036302
0.09964180
0.10979986
0.10468411
0.10794568
0.10622025
0.12008548
0.10996079
0.10973167
0.10030413
0.10805082
0.09998345
0.11041164
0.11990213
0.11490417
0.10985279
0.10008383
0.10031295
0.09950733
0.11005926
0.11020470
0.11980224
0.11977553
0.12016940
0.09010816
0.10518527
0.12954593
0.11026549
0.10036635
0.09994340
0.10526609
0.11420918
0.12011313
0.10016418
0.10917783
0.11511064
0.10992169
0.10995793
0.11131668
0.11047173
0.11251330
0.10149479
0.10532594
0.11444759
0.11992836
0.11990023
0.10028577
0.11035037
0.12208200
0.11636233
0.09280038
0.11966252
0.11709976
0.10990810
0.12007403
0.11662269
0.10961962
0.10022759
0.23998284
0.23495579
0.25561285
0.27983952
0.26081204
0.24492192
0.27486706
0.24035454
0.26667547
0.25029325
0.23965955
0.28408647
0.26473999
0.24458909
0.40980935
0.39753032
0.24004340
0.40493226
0.26494336
0.25992680
0.39517188
0.39995146
0.41996694
0.38531804
0.24012113
0.25019550
0.27451277
0.26005721
0.25491691
0.25162649
0.25468063
0.38946390
0.24454260
0.26049566
0.09785223
0.26028562
0.24996495
0.26000953
0.23519087
0.24977398
0.25493550
0.26026654
0.43032384
0.39897418
0.25405240
0.40010071
0.24469209
0.23935819
0.39421773
0.23978686
0.26052928
0.25529170
0.23881602
0.28479433
0.40982604
0.26571822
0.24519920
0.28033447
0.42003584
0.43513179
0.24013996
0.40976310
0.38994861
0.39779019
0.39597654
0.40196872
0.39008355
0.40037918
0.39123297
0.40031481
0.39504170
0.40006948
0.41019487
0.38518953
0.38995290
0.25245070
0.40032625
0.24008179
0.39991117
0.28018451
0.24504137
0.40592718
0.24195576
0.23012018
0.23998976
0.40016627
0.26010060
0.27550530
0.24882412
0.41532946
0.23458815
0.25492740
0.38960576
0.26550579
0.26012945
0.24513459
0.40468526
0.26970100
0.26357627
0.39520288
0.24020934
0.26014447
0.26476216
0.26016665
0.24966621
0.23987246
0.25976443
0.25499916
0.40488029
0.40690589
0.24418974
0.39977121
0.23987532
0.26007271
0.25527024
0.26014400
0.39980197
0.25067830
0.40476108
0.24495959
0.25873971
0.25514507
0.25214410
0.25018501
0.24763870
0.26020098
0.25022316
0.25461411
0.23844671
0.27017951
0.22987270
0.48477244
0.19965124
0.26500583
0.26993012
0.28018260
0.24511838
0.28031468
0.24880767
0.23965669
0.26008725
0.25010753
0.39001322
0.38485432
0.39995766
0.37634635
0.40996528
0.39499211
0.41211343
0.26005077
0.38084459
0.43973851
0.40632367
0.39076924
0.41028476
0.40011191
0.39243340
0.22987723
0.40496874
0.27016950
0.25024223
0.40121865
0.26862550
0.40794301
0.24498916
0.37021828
0.39011621
0.38475966
0.39957905
0.39067149
0.40524292
0.37501144
0.41897726
0.39332581
0.23999047
0.38010788
0.25129795
0.40245247
0.38652730
0.26282740
0.37987137
0.24526048
0.40021253
0.23740745
0.25504684
0.26026201
0.25979400
0.24529099
0.24974203
0.25196552
0.23956943
0.26523709
0.25872827
0.23966646
0.23484516
0.23671389
0.23571086
0.25700736
0.25991106
0.25995827
0.24235821
0.23989534
0.25027609
0.51488614
0.26036930
0.42004871
0.24021363
0.27478242
0.24958611
0.24300718
0.26957798
0.25992990
0.27109003
0.24483442
0.24527931
0.39952993
0.37983680
0.39980292
0.37539792
0.42076349
0.39973068
0.39009356
0.38986754
0.39017558
0.37451649
0.38803148
0.37732124
0.38955855
0.41576052
0.38801813
0.42959166
0.23722005
0.36995268
0.37011552
0.40694475
0.25974846
0.40494776
0.39104962
0.40201807
0.38620424
0.42524910
0.51145911
0.37005305
0.39967132
0.41476989
0.40491176
0.37984395
0.41036129
0.42014647
0.37588429
0.39964700
0.38514161
0.41022038
0.40480709
0.38751984
0.39478445
0.24975610
0.39524579
0.43024516
0.38508010
0.37999034
0.40036559
0.24523234
0.24001765
0.26962376
0.24996638
0.25987983
0.26509285
0.24943209
0.23989177
0.26611614
0.24009752
0.24184418
0.25004339
0.27990842
0.23972011
0.25991464
0.25594759
0.24717379
0.26994014
0.24252033
0.41021967
0.24607110
0.38721418
0.40986776
0.39572048
0.39019680
0.39999604
0.39029670
0.38537288
0.38029742
0.36457515
0.37004638
0.41003895
0.39813566
0.38495183
0.41099834
0.41022277
0.38018084
0.40370488
0.40541625
0.40493774
0.41060066
0.41511822
0.41007257
0.39002132
0.39992642
0.37961721
0.40012217
0.40002036
0.34504724
0.39977312
0.41904855
0.39482832
0.39970088
0.40318751
0.37996125
0.39466262
0.40519810
0.47736096
0.37029481
0.40003705
0.41611338
0.37993741
0.37483239
0.39233136
0.39961338
0.37495613
0.40046191
0.36991644
0.38016486
0.41000104
0.40999842
0.37699580
0.41100073
0.39799905
0.38899779
0.40499902
0.25200033
0.38499546
0.39800096
0.37799788
0.40499949
0.39398479
0.39500356
0.24400306
0.39799547
0.38699985
0.24800134
0.40999770
0.40400124
0.40600348
0.40599537
0.41400313
0.39700365
0.39799881
0.39199567
0.25300121
0.39999843
0.40199995
0.42299724
0.39199948
0.39000320
0.25799608
0.38699770
0.39999604
0.40900373
0.39600396
0.38900018
0.41899705
0.46000648
0.45199919
0.39499927
0.41599965
0.40700006
0.39599824
0.40700150
0.39599800
0.39300060
0.38699746
0.38787580
0.40976310
0.38998556
0.39008212
0.40015531
0.38479853
0.37519646
0.40792680
0.38894153
0.40271950
0.38489151
0.37518644
0.40468311
0.38010216
0.40991402
0.39149070
0.39019799
0.39027858
0.38518977
0.41017389
0.38373971
0.37974072
0.41023326
0.37949347
0.27000833
0.38970351
0.37779093
0.41481781
0.38983464
0.40512085
0.38974118
0.41089177
0.41800594
0.39506102
0.43031669
0.39392090
0.29008555
0.40989709
0.23963237
0.26368690
0.39530087
0.25047159
0.26033497
0.39538479
0.26786923
0.25021648
0.41341496
0.24180984
0.26993608
0.24996305
0.23496199
0.24998498
0.24918056
0.24012160
0.25205040
0.26501536
0.41710329
0.37503409
0.39001775
0.40024495
0.38489461
0.39983320
0.38993526
0.38937521
0.26905584
0.38516736
0.38634920
0.37307239
0.29763317
0.25007105
0.38479781
0.40505624
0.46020150
0.39193845
0.38973904
0.38001847
0.40024614
0.37506342
0.41519141
0.37998724
0.39494824
0.40535402
0.36991239
0.39004207
0.39032269
0.39578319
0.40020633
0.38013005
0.37995338
0.37985516
0.38410187
0.34990883
0.39712477
0.39689994
0.38994932
0.40040183
0.38952589
0.39015818
0.39483500
0.40506434
0.39995241
0.39515781
0.38798928
0.38583446
0.39786911
0.39512563
0.39591622
0.26016450
0.22988248
0.27967668
0.24493122
0.25905085
0.46516538
0.25961161
0.40526366
0.25008678
0.25997019
0.24532080
0.27538347
0.24050641
0.23971748
0.26072240
0.25243592
0.38976860
0.41994834
0.26008606
0.38992834
0.41000581
0.39030290
0.24180341
0.26484394
0.24728107
0.40041304
0.26964927
0.24977374
0.25997043
0.24028516
0.24507928
0.26521802
0.24988294
0.23985457
0.22988892
0.23999739
0.24965262
0.26021409
0.24869514
0.26023793
0.27015138
0.25043082
0.24702120
0.24768853
0.22980475
0.26993608
0.24990702
0.26971197
0.25032592
0.24576044
0.24011779
0.26035833
0.25964284
0.27005887
0.25569773
0.26001191
0.25985718
0.24981356
0.24636221
0.25999999
0.24023676
0.24020338
0.25524974
0.25517678
0.23002100
0.24501944
0.25000548
0.26502728
0.23979831
0.27168632
0.23804760
0.23677850
0.11995077
0.40493584
0.41024375
0.41042185
0.38777637
0.27031326
0.25993514
0.25979066
0.26439667
0.24984598
0.26035309
0.24500084
0.26008248
0.23997545
0.24965191
0.26542497
0.40830660
0.26494217
0.27274823
0.24478841
0.27020836
0.24995804
0.26487470
0.24142551
0.26020861
0.25512028
0.26454830
0.26033974
0.25987911
0.24000430
0.25517559
0.29998374
0.28287101
0.25993013
0.25023103
0.25524545
0.24980927
0.12498856
