0.12985897
0.11894512
0.10894132
0.13972354
0.12706017
0.12676334
0.11727047
0.12898088
0.11665201
0.11631274
0.13907719
0.12377930
0.12158084
0.12005758
0.10138440
0.12493086
0.11877918
0.11362243
0.12217283
0.11133027
0.10478878
0.11686110
0.11637330
0.11402059
0.12087107
0.12459159
0.10454988
0.12649369
0.11378598
0.10983324
0.11106253
0.11393642
0.11724234
0.10992002
0.11914539
0.11234617
0.12471628
0.10483932
0.11001921
0.10878253
0.10288239
0.11188364
0.11964846
0.12059712
0.11984730
0.09778452
0.10978127
0.11003160
0.10051107
0.09327149
0.11491466
0.12008786
0.11767316
0.12319088
0.11721635
0.11657000
0.12490177
0.10534358
0.11386108
0.11791992
0.10993481
0.11184669
0.10499525
0.11601353
0.10809207
0.10977483
0.11225605
0.11406255
0.12585092
0.11054468
0.09977293
0.11398673
0.10485625
0.11044097
0.12170291
0.10705709
0.10237360
0.11186075
0.11139822
0.12419915
0.12483144
0.10479999
0.11167741
0.12309265
0.14727616
0.13019013
0.13025475
0.14001703
0.15047312
0.13219404
0.19336176
0.26455903
0.13487029
0.15015388
0.11435246
0.09984899
0.10024118
0.11003494
0.10764551
0.11805701
0.11358762
0.10492849
0.12269926
0.11995459
0.11508918
0.11857176
0.11006999
0.11785984
0.12238121
0.13038135
0.11190844
0.12102222
0.11965179
0.13031554
0.10980940
0.10500383
0.11077213
0.11499739
0.10361481
0.11046219
0.13389158
0.15079784
0.11988592
0.09986782
0.10401082
0.10478139
0.12632084
0.10558009
0.12793279
0.09994364
0.11841631
0.11599970
0.11504889
0.12003517
0.13520503
0.12481236
0.12480736
0.11384869
0.11815858
0.13005471
0.11972833
0.10479212
0.11524105
0.10976744
0.10985231
0.10008526
0.11030149
0.11000323
0.11470151
0.10999632
0.11988425
0.11418009
0.11101055
0.11208510
0.11782503
0.11026311
0.10500574
0.10997510
0.12473726
0.11630201
0.12278032
0.10970998
0.10481524
0.10997105
0.09962463
0.10563731
0.11033249
0.10983229
0.11208200
0.12379646
0.13017678
0.10522032
0.10353065
0.09981036
0.11505294
0.13199830
0.11481786
0.13017941
0.13477206
0.13499713
0.32009745
0.16873169
0.11866498
0.14140153
0.11963439
0.11501884
0.11030293
0.10771704
0.11503363
0.10566068
0.12014556
0.12042999
0.12156177
0.12950277
0.12935305
0.11506701
0.10538340
0.10023618
0.11510062
0.12265658
0.10991478
0.12212539
0.13893270
0.11958265
0.10704613
0.12420177
0.11009622
0.12985182
0.11086392
0.11480522
0.12510681
0.12807035
0.11985540
0.11378527
0.12013650
0.11614490
0.10914040
0.11610484
0.10777712
0.09780812
0.11824632
0.10391140
0.10380244
0.11998296
0.11483717
0.11211371
0.12015033
0.10973454
0.15535951
0.10028553
0.10478234
0.11506462
0.10012197
0.11022568
0.10669541
0.12511849
0.11507821
0.10521770
0.11011124
0.14021087
0.13076782
0.12472987
0.12008715
0.11022472
0.13002253
0.11028814
0.13092589
0.10291100
0.09967709
0.10510802
0.10584664
0.11214805
0.10511565
0.12603641
0.11312270
0.12892270
0.11991930
0.11508441
0.11010051
0.10978103
0.10883069
0.13991165
0.13096404
0.11968803
0.10013247
0.12082839
0.11284423
0.11605930
0.11301041
0.11882377
0.12896895
0.11110330
0.10789490
0.11007333
0.12483668
0.11012936
0.10800004
0.10638857
0.11025047
0.11106777
0.11029625
0.11490631
0.10915136
0.11020803
0.11458039
0.10982466
0.10239196
0.12491846
0.10994983
0.10106254
0.11484981
0.11330462
0.11661601
0.11407828
0.10497665
0.11538863
0.12533784
0.12990093
0.11490417
0.11979198
0.11006284
0.11486435
0.11602235
0.11719251
0.11658096
0.11578083
0.11967278
0.12506485
0.13481641
0.13004136
0.12790680
0.12108469
0.13202834
0.12020493
0.11962891
0.11411071
0.14000154
0.11504173
0.11272025
0.11007404
0.12322807
0.11500883
0.10972476
0.10814428
0.10791087
0.11019015
0.09968638
0.10587215
0.11997581
0.11967063
0.12005544
0.10307622
0.11637235
0.10175204
0.11972570
0.12007093
0.11810231
0.11199307
0.12601686
0.11773396
0.10750628
0.11014223
0.10728836
0.10176563
0.10521221
0.11514258
0.10983658
0.11784482
0.11097407
0.12501287
0.10978413
0.11454964
0.10828042
0.11989546
0.13980460
0.11975336
0.12003040
0.12474537
0.11585546
0.11089826
0.10795045
0.10660934
0.12032843
0.11986542
0.09990382
0.10026908
0.10422659
0.10623670
0.10478854
0.09528875
0.10006833
0.12009549
0.10483837
0.11980295
0.12530017
0.12034416
0.10166454
0.11027622
0.09995174
0.09983706
0.12374902
0.11486316
0.09971619
0.11033750
0.11534071
0.10994816
0.11890817
0.10957074
0.10973430
0.11505151
0.12117743
0.11037230
0.11595631
0.09978747
0.12646127
0.10759783
0.12099981
0.10958552
0.11994433
0.11673856
0.10990286
0.11990690
0.11006713
0.10996842
0.10419941
0.10599923
0.10427999
0.12809229
0.12978864
0.11509657
0.12070990
0.11967802
0.11499429
0.11496973
0.10977769
0.10306072
0.13040209
0.11503243
0.12001491
0.11887264
0.10990977
0.12539697
0.11418557
0.14004707
0.12475920
0.12071681
0.10491157
0.11381960
0.10992646
0.13092661
0.11024928
0.12002945
0.12216783
0.12974119
0.11003184
0.10612798
0.13262701
0.11615014
0.11484361
0.11024046
0.12005615
0.10570884
0.11479902
0.12417150
0.15996337
0.10996985
0.11019325
0.12917447
0.11476851
0.12229061
0.13769412
0.12988162
0.11656213
0.11048317
0.13191104
0.11030793
0.13536620
0.12831068
0.11496401
0.13490558
0.11022425
0.11200166
0.11110258
0.15003109
0.11835074
0.12482691
0.11977601
0.11312747
0.12859511
0.12512493
0.12990975
0.13983297
0.13043308
0.12814403
0.11503839
0.13015056
0.11889625
0.10994792
0.11485052
0.11621690
0.12629914
0.12189317
0.11119246
0.10976601
0.10526299
0.12484789
0.12473869
0.12060928
0.11344862
0.10892940
0.09454370
0.09991431
0.11983633
0.11994076
0.10985589
0.10784578
0.11510468
0.11038041
0.12425685
0.10673594
0.11998415
0.12501192
0.13839006
0.13011861
0.10856247
0.12190890
0.12479663
0.12094760
0.11709547
0.12218904
0.12689233
0.15534186
0.12429094
0.11502624
0.10998559
0.10967588
0.12538958
0.12506819
0.13028765
0.11965156
0.11530089
0.11985350
0.11186433
0.10973811
0.11032414
0.10491753
0.12463069
0.13168812
0.12091970
0.10995436
0.11630177
0.09760141
0.11017370
0.12087274
0.11503196
0.13713026
0.12008119
0.11522174
0.13268495
0.10995626
0.11411786
0.10998416
0.10033655
0.10633707
0.12785411
0.10983825
0.11458707
0.11044002
0.10523582
0.11978221
0.14010477
0.11525416
0.10861754
0.12661934
0.11016917
0.11520123
0.11478591
0.10503626
0.11614466
0.16833854
0.12396383
0.12850690
0.12858582
0.13984346
0.12479329
0.12488484
0.12229323
0.21491408
0.17994261
0.13299561
0.13965631
0.12862706
0.13602877
0.11130357
0.11996913
0.13015771
0.11988235
0.12590981
0.12288547
0.11031604
0.10769010
0.10404944
0.11662865
0.11831331
0.12483335
0.11991882
0.12030530
0.13555765
0.12119985
0.11966801
0.12011003
0.11624479
0.11998153
0.12978435
0.12529731
0.12538242
0.11490011
0.10461569
0.10484028
0.11004138
0.12804580
0.12471342
0.14208007
0.11132646
0.13519621
0.11984277
0.11993217
0.13379765
0.10468960
0.10506272
0.10978484
0.10010004
0.10170531
0.10536075
0.12515402
0.12477446
0.12487364
0.09980273
0.10472465
0.10585904
0.12582874
0.13017511
0.13010311
0.11508846
0.12019181
0.12990308
0.11936927
0.11481142
0.12668204
0.11525536
0.11178541
0.11699128
0.12656069
0.10995650
0.11161113
0.10979533
0.12017059
0.11976552
0.12022805
0.12478137
0.12908745
0.11005235
0.09620595
0.10750771
0.10412955
0.12808084
0.14558220
0.15028906
0.13683534
0.11981583
0.11496353
0.10988784
0.11515808
0.12526178
0.12009215
0.10513854
0.11920524
0.11419082
0.10591817
0.11819291
0.10972428
0.10980511
0.13084054
0.12530661
0.11483860
0.09974408
0.10014796
0.12533903
0.11985874
0.12119842
0.11488748
0.11052823
0.11507821
0.11528873
0.11035442
0.12184763
0.10962152
0.11569643
0.12875557
0.11489367
0.10796928
0.11028218
0.11990142
0.12764311
0.14050531
0.14008236
0.10013556
0.12006736
0.11991811
0.15011215
0.12999558
0.12987900
0.11979485
0.12985849
0.11779737
0.13509250
0.11509275
0.09992242
0.10492134
0.10469866
0.11482382
0.10982180
0.11993957
0.11011362
0.13995218
0.13454771
0.12186337
0.11464429
0.13997602
0.11888719
0.13009524
0.12481904
0.13491440
0.11522245
0.11580825
0.12647486
0.11528516
0.10967755
0.11986232
0.11969399
0.14022923
0.11470485
0.11007190
0.11015177
0.12023926
0.11483192
0.12004924
0.11023808
0.11994743
0.12325740
0.12002850
0.12759089
0.11019063
0.11139178
0.12424612
0.12993050
0.12468934
0.11982727
0.12009263
0.12419248
0.11983991
0.12376690
0.11014438
0.12015891
0.24029469
0.13240457
0.12889528
0.12557101
0.11977887
0.11963797
0.11991644
0.12923312
0.11880016
0.12284827
0.11493993
0.11522317
0.12038660
0.12833834
0.11527491
0.12998223
0.13005328
0.13479710
0.10527873
0.11895561
0.11777186
0.12050748
0.10994005
0.13026738
0.13016653
0.12665057
0.12471175
0.11017489
0.13497972
0.12804556
0.12625456
0.11479020
0.12468719
0.11500978
0.10879469
0.10496736
0.11505175
0.11514664
0.12949443
0.12604427
0.13432050
0.10746360
0.12490058
0.12710977
0.12483335
0.12460828
0.12389493
0.13012648
0.11998534
0.11998296
0.12007523
0.12729502
0.12495565
0.11254454
0.11004329
0.11283064
0.12005615
0.11704040
0.12510157
0.11978960
0.10989690
0.11594462
0.12818384
0.11395621
0.13501430
0.11029768
0.11063242
0.10993290
0.10986423
0.10563278
0.12000060
0.10992932
0.12603807
0.12291098
0.12002492
0.10995865
0.11833096
0.13018465
0.12106943
0.12524796
0.12987638
0.11518240
0.10349607
0.10335827
0.10934567
0.10024023
0.10023308
0.12463260
0.11015725
0.10999465
0.12300229
0.12977648
0.11501646
0.10024667
0.12284231
0.11480713
0.10488844
0.11483026
0.11002827
0.11012650
0.10997868
0.12102127
0.13633537
0.12001801
0.11004496
0.11485505
0.11705399
0.11182976
0.11808920
0.10987210
0.11976123
0.12229371
0.12156153
0.10701585
0.10017323
0.10511208
0.10512352
0.10007763
0.11988521
0.10620451
0.11957645
0.12013555
0.09996414
0.11033249
0.12507463
0.11216426
0.12007260
0.10934854
0.10089326
0.10700822
0.11975598
0.12335229
0.11145258
0.12787747
0.11017275
0.11169767
0.10854387
0.09977031
0.11176872
0.12980819
0.11988711
0.11518073
0.13290620
0.11461735
0.12011099
0.12974715
0.13529992
0.11493468
0.12002826
0.10509014
0.09994602
0.11096764
0.11017537
0.10589004
0.11037135
0.12534499
0.12541127
0.10772824
0.10483456
0.10010672
0.13697028
0.10662532
0.11997819
0.10197401
0.09991646
0.09987640
0.10962987
0.11015916
0.12455845
0.11011791
0.12257195
0.11987615
0.10905838
0.10270429
0.10962558
0.10019302
0.12777257
0.11002135
0.11469316
0.11793184
0.12012482
0.13015151
0.11971998
0.11025190
0.11002493
0.11038208
0.11187768
0.11517000
0.12475681
0.12009931
0.11476469
0.10524368
0.10973287
0.12007236
0.12006760
0.11510301
0.13904405
0.13399363
0.11991787
0.10989070
0.10980606
0.10588908
0.09799075
0.10627747
0.11807847
0.11026621
0.12212491
0.12169623
0.12208652
0.11005640
0.12014222
0.11015320
0.12989211
0.12018800
0.11210155
0.10979009
0.12744546
0.17185664
0.14061022
0.14061093
0.14060998
0.15623522
0.15623331
0.12498689
0.14060116
0.10936308
0.12498379
0.14061332
0.11885118
0.10967898
0.11023307
0.12388611
0.11214399
0.11171031
0.11105156
0.11978197
0.11019087
0.12035680
0.12525296
0.13846302
0.15007019
0.12088299
0.11530948
0.12464905
0.11516666
0.12885332
0.14971399
0.12803030
0.11994863
0.11817122
0.11486816
0.12024164
0.12533236
0.10499144
0.12987900
0.13972306
