0.09427428
0.08888555
0.09657907
0.09909034
0.09484100
0.10031939
0.09023046
0.09791660
0.09424734
0.08996177
0.11153984
0.09765458
0.08656263
0.09708452
0.08994365
0.07981086
0.09029269
0.08683729
0.10003185
0.09957385
0.09000683
0.09979725
0.10020399
0.09897923
0.09962940
0.09979820
0.08984089
0.10000706
0.10000443
0.11036134
0.08763981
0.10007572
0.10514474
0.08974195
0.09353828
0.08973432
0.08989215
0.08959508
0.10017967
0.07993126
0.09689784
0.08846068
0.09536862
0.09885192
0.08992243
0.09040761
0.08985639
0.08986449
0.09996653
0.09965777
0.09462929
0.07993674
0.09032631
0.09037781
0.09995723
0.10243249
0.09026790
0.11033273
0.09531927
0.09096551
0.09456348
0.09567928
0.11030698
0.09974694
0.08626175
0.09023523
0.09605050
0.09773564
0.11020017
0.08574200
0.27473187
0.10022545
0.09001040
0.09009242
0.09487009
0.09609175
0.08811498
0.08773589
0.11000657
0.09295774
0.09559298
0.08827829
0.09279227
0.09001827
0.09987283
0.09027386
0.09001613
0.09008980
0.09493160
0.08329606
0.09005380
0.07995629
0.09004664
0.09512162
0.08440566
0.09992933
0.09992456
0.08988428
0.08988476
0.07996154
0.12087083
0.09014535
0.08985662
0.09474063
0.09492040
0.08872366
0.09514952
0.09079790
0.08766222
0.08745575
0.09509850
0.09987044
0.10061359
0.10029554
0.09012508
0.09006882
0.09015417
0.09007430
0.08982849
0.09496856
0.09011602
0.10012674
0.09315896
0.09015107
0.09979153
0.09797406
0.09517241
0.09992242
0.10462070
0.09987712
0.09025288
0.10518980
0.08893108
0.09942985
0.08974719
0.08621478
0.09999514
0.09530973
0.09178710
0.09584355
0.10033202
0.09041262
0.09990478
0.09458661
0.09062719
0.09002376
0.09999800
0.11013341
0.09046745
0.10020781
0.09027100
0.09624839
0.08814073
0.10003924
0.10007095
0.09010744
0.09014487
0.09190178
0.11502075
0.10008454
0.08816147
0.08984518
0.09389091
0.09027982
0.09032393
0.10016155
0.09988236
0.09996057
0.10952687
0.09995842
0.10013652
0.09731245
0.10010862
0.08501458
0.09030128
0.07987905
0.09006882
0.09997821
0.11995220
0.08980107
0.09495878
0.09110308
0.10030580
0.10030007
0.09996653
0.08520246
0.09118629
0.10009241
0.09562492
0.08742619
0.07978916
0.09026408
0.08755589
0.09437752
0.09182119
0.08993340
0.09091949
0.09011817
0.10488963
0.08969617
0.08999944
0.09660101
0.08202481
0.08948684
0.09968591
0.09050131
0.08350039
0.09428954
0.09982538
0.09542513
0.09684038
0.09044623
0.09984088
0.09843540
0.09017777
0.08580399
0.09147477
0.09803820
0.09184122
0.08973551
0.09014916
0.10488558
0.08994341
0.09374547
0.08988452
0.08981991
0.09089327
0.09357810
0.09429264
0.10038352
0.09387684
0.09020281
0.09008098
0.09425592
0.08988667
0.10528684
0.08018994
0.09534526
0.09473848
0.08429766
0.09049511
0.08341503
0.08994627
0.10295200
0.09210086
0.09030557
0.08592725
0.09997129
0.08987260
0.09601164
0.08792377
0.09997392
0.09008288
0.10402107
0.10025930
0.09373927
0.09996533
0.09221983
0.08508992
0.08999109
0.09540224
0.09018230
0.08999467
0.09002376
0.08793092
0.10021019
0.08994246
0.09285450
0.08980417
0.09487724
0.09841204
0.09954500
0.10030818
0.09993362
0.08505058
0.08974552
0.11171365
0.09523082
0.08876777
0.09986019
0.08828330
0.09028149
0.09970450
0.10985398
0.09990644
0.08977628
0.09958076
0.09984255
0.08980656
0.11006427
0.08997035
0.10230708
0.09992647
0.09006929
0.09547210
0.08956742
0.09031487
0.10004377
0.08968711
0.09484935
0.10023355
0.08486891
0.08961391
0.09029603
0.09025383
0.11401725
0.08488131
0.10998917
0.12091517
0.08604693
0.09206510
0.10991812
0.09014082
0.09197664
0.10011125
0.08464837
0.08977437
0.10001063
0.08985543
0.08845496
0.08806491
0.09206915
0.09406996
0.09827113
0.09009981
0.09973288
0.10001206
0.10031509
0.08454633
0.09995270
0.09682250
0.09363461
0.09200215
0.10035706
0.08496284
0.09029222
0.09026742
0.08997440
0.08973289
0.08989644
0.09640121
0.08728313
0.08980680
0.08182359
0.09529686
0.11036611
0.08985901
0.08987761
0.10012794
0.10624266
0.09007239
0.09500551
0.10011172
0.08990049
0.09012604
0.09985662
0.09826899
0.08987498
0.10973811
0.09999990
0.09495664
0.11482668
0.09492040
0.08459377
0.09203744
0.09029460
0.10528064
0.09792328
0.10039783
0.08737779
0.08509827
0.10037541
0.10444164
0.10496855
0.09000731
0.09128785
0.10494614
0.08993173
0.08461237
0.09005141
0.08796620
0.10005283
0.09418726
0.09986949
0.09598351
0.08979535
0.10235405
0.09035778
0.08987474
0.08903384
0.08995771
0.09067345
0.09000897
0.09984684
0.10017633
0.09012675
0.07975841
0.11014748
0.09008789
0.09164882
0.09035158
0.08401585
0.09037447
0.11106253
0.09806943
0.10977125
0.09740829
0.09983087
0.08994269
0.09992170
0.09003782
0.08016062
0.09024096
0.09993100
0.09483695
0.09967494
0.09972024
0.09494758
0.10956192
0.08711672
0.09424233
0.09502029
0.09985280
0.09021997
0.08974862
0.10970783
0.08539701
0.09594178
0.09575152
0.09248304
0.09781003
0.08993506
0.09966516
0.08976126
0.09011674
0.09036946
0.08795309
0.09003758
0.10429382
0.09319091
0.10021591
0.10020256
0.08982015
0.08988166
0.09373450
0.08495474
0.08994961
0.09486938
0.09003043
0.09109306
0.09391618
0.09522271
0.10019016
0.08475041
0.08979845
0.08995366
0.09028268
0.10837746
0.10006905
0.09025121
0.10470200
0.08447456
0.09528899
0.10004687
0.09778881
0.09976888
0.10018897
0.09009361
0.09029031
0.08981514
0.10021544
0.09009314
0.10035443
0.10007715
0.11536813
0.09971929
0.09015942
0.09483910
0.09996200
0.10536790
0.09871459
0.10010767
0.09536099
0.10228372
0.10472250
0.08994794
0.10213113
0.09979916
0.09131575
0.09179187
0.11015272
0.09987688
0.10010219
0.11591005
0.09025216
0.08991432
0.10488915
0.08868313
0.09517002
0.08542919
0.08975315
0.09483814
0.08824110
0.09117889
0.09502792
0.09020233
0.08990669
0.08827209
0.08485723
0.08997464
0.09028721
0.09020972
0.09409285
0.08984280
0.10482979
0.09005713
0.10419869
0.09999299
0.10004401
0.08712912
0.09056115
0.10008025
0.09417200
0.08958411
0.11101747
0.09821391
0.09005976
0.10026264
0.09980392
0.08877969
0.09021974
0.09598041
0.08997536
0.08975482
0.10030556
0.10404420
0.10007620
0.08969760
0.10509562
0.09471917
0.08996201
0.09949541
0.08998084
0.09983301
0.10987067
0.09991789
0.09012699
0.08967090
0.09014535
0.08986878
0.09020352
0.09996057
0.08981514
0.08999848
0.08996964
0.09006977
0.10534930
0.11902642
0.09787178
0.10646939
0.09804559
0.08988190
0.09196234
0.09404182
0.08995485
0.08957982
0.09002662
0.10410142
0.09032655
0.09006405
0.09026480
0.09010506
0.09997010
0.09718370
0.09018517
0.08997750
0.08683896
0.09018517
0.08426237
0.08970618
0.08470702
0.09024143
0.09975576
0.09361124
0.09006190
0.08975363
0.08729672
0.08979630
0.09498048
0.11013603
0.08986783
0.08989072
0.09538913
0.10001111
0.10012960
0.09986281
0.09004855
0.08983994
0.09528327
0.08993649
0.09016085
0.10135388
0.08995867
0.10004640
0.09765625
0.09803128
0.10008407
0.08960152
0.09992218
0.09002924
0.10030222
0.08390856
0.08985901
0.08633876
0.11004019
0.09025836
0.09986544
0.09035921
0.09956193
0.09936404
0.08992815
0.09007335
0.10969329
0.09559846
0.10020208
0.11014533
0.10026598
0.09210110
0.09014249
0.10401273
0.10003352
0.08348656
0.09632850
0.09195995
0.10006762
0.08964157
0.08975124
0.09994006
0.09520674
0.10000372
0.08487844
0.09000349
0.09994459
0.08518243
0.09983110
0.09011912
0.08994889
0.09015656
0.08995938
0.09009051
0.09473896
0.09524107
0.09211898
0.08018827
0.10033226
0.07970285
0.09971356
0.09994960
0.09978414
0.09956884
0.08530116
0.11018491
0.09492683
0.10165739
0.08531213
0.09026861
0.09040928
0.10029793
0.09006810
0.10025048
0.11015129
0.08976865
0.08978748
0.09008503
0.10010242
0.10482621
0.08065820
0.08982611
0.10019231
0.09024644
0.08939886
0.10923362
0.10012102
0.09995627
0.09902167
0.10015988
0.09004140
0.08628678
0.10136747
0.08983850
0.10945868
0.09477139
0.09963775
0.08962202
0.09009123
0.09988284
0.09828758
0.10004020
0.09093738
0.10005093
0.09459996
0.09727716
0.09513831
0.08987665
0.09411430
0.10214996
0.09614468
0.08984017
0.09183669
0.08969045
0.09982800
0.11186862
0.10004091
0.09570479
0.09474516
0.08999872
0.08980179
0.09014773
0.08473897
0.08966112
0.09461045
0.09023476
0.10010481
0.09395909
0.09449482
0.09973884
0.10016322
0.08427000
0.09001565
0.09025407
0.08972549
0.09978414
0.10793138
0.09042597
0.09999871
0.10389256
0.09970546
0.09530854
0.09473109
0.09970284
0.08831930
0.09008360
0.09986234
0.08976603
0.09623599
0.10464454
0.10037637
0.10133529
0.09986305
0.09211397
0.08994770
0.10013819
0.08995080
0.09477115
0.08953357
0.10001826
0.11231208
0.08986998
0.10031557
0.10999703
0.10753417
0.08988619
0.09470868
0.09012914
0.10945344
0.08931923
0.08727551
0.10955286
0.08512878
0.09015083
0.08232164
0.09005547
0.09003425
0.11579800
0.09719968
0.08873034
0.09746933
0.10041714
0.09039736
0.09040666
0.08964419
0.11995435
0.08996606
0.07871795
0.09025478
0.10973287
0.08519578
0.10001421
0.09023261
0.09025455
0.09715438
0.08486104
0.10954094
0.08971643
0.09029150
0.09020662
0.09147120
0.09014368
0.09469032
0.10025764
0.08990526
0.09538102
0.09005761
0.08523917
0.08989334
0.09292722
0.09034944
0.10002542
0.08524179
0.08964753
0.09997034
0.09012675
0.10005951
0.09999037
0.11012101
0.09000087
0.09000349
0.08998609
0.08969235
0.09005618
0.09016323
0.09983110
0.08977270
0.08507204
0.09022808
0.08960462
0.09028840
0.09015417
0.09209061
0.09014988
0.11089325
0.08181477
0.09058094
0.08994699
0.08996248
0.09010911
0.08500481
0.08384514
0.08977604
0.08851695
0.10009193
0.09031391
0.09500813
0.08520317
0.10001588
0.08835959
0.09172988
0.09796715
0.08984208
0.08991599
0.09017706
0.09497666
0.10476065
0.08985567
0.09482646
0.09011149
0.09996033
0.10456514
0.08979964
0.09965849
0.09492064
0.10479951
0.09488487
0.09343982
0.08962274
0.08982587
0.09032202
0.09005976
0.09318471
0.10955095
0.09819245
0.08612490
0.08978438
0.08986497
0.09018064
0.08501220
0.09196520
0.10991883
0.09026051
0.10507512
0.11028314
0.09005499
0.09975648
0.09492993
0.08991432
0.08969569
0.10525203
0.08974457
0.09949470
0.08951354
0.09027362
0.12463427
0.09004784
0.09954333
0.10945535
0.09045863
0.09958172
0.09963727
0.09712172
0.11469412
0.09789968
0.10011363
0.09890032
0.08593678
0.10986471
0.09519887
0.09480262
0.10031605
0.10378528
0.09995222
0.09103084
0.10498834
0.10487151
0.09950352
0.09542060
0.10004354
0.09015083
0.09005451
0.10464525
0.09151936
0.09992719
0.09831142
0.09512949
0.08982801
0.08492708
0.08998394
0.10034776
0.08985376
0.08823419
0.08998847
0.09512997
0.09012222
0.10996580
0.10513759
0.09488392
0.10602283
0.09499383
0.09006310
0.08963609
0.09003782
0.09997916
0.09561443
0.09013391
0.10033202
0.09010911
0.12019277
0.08484507
0.09323406
0.09026551
0.10969019
0.10028410
0.08995748
0.09542823
0.08528972
0.08985114
0.11007476
0.08467674
0.09021807
0.09036613
0.08997321
0.09979844
0.10707140
0.08725882
0.08995581
0.10016394
0.10003591
0.09193349
0.08533287
0.09045362
0.09438777
0.08485675
0.08999681
0.09990740
0.10037541
0.09972024
0.09093380
0.09033942
0.08976364
0.09987402
0.09486938
0.09017968
0.09994721
0.11048007
0.09240246
0.08514881
0.09468436
0.08987355
0.08706713
0.10009837
0.09011245
0.08997679
0.09031248
0.10019469
0.11011410
0.08986497
0.09035492
0.09050035
0.09993744
0.10014057
0.09004164
