0.10430765
0.08998990
0.08178473
0.08000970
0.08999038
0.08484435
0.10010672
0.08012104
0.09004712
0.09361577
0.07984471
0.08995032
0.08017826
0.08004642
0.09045720
0.08518600
0.08993483
0.09005690
0.08015847
0.09004807
0.09538937
0.09531093
0.09345984
0.08996582
0.09003425
0.08841133
0.08003354
0.07977676
0.08992267
0.08010006
0.08011007
0.10018802
0.09968066
0.09962869
0.08521914
0.08989334
0.10005283
0.08493376
0.08473277
0.08516836
0.09013462
0.08994770
0.08471608
0.08998179
0.09033108
0.09997988
0.08990955
0.08641458
0.08011937
0.09002924
0.07988119
0.10022473
0.10477901
0.07964921
0.08998775
0.09473658
0.09023809
0.09421396
0.08987641
0.09992099
0.08417392
0.08408833
0.09480667
0.09505773
0.08466601
0.10925984
0.09220433
0.08985162
0.08771849
0.08795977
0.10050011
0.08404303
0.08515382
0.08409786
0.08486986
0.09008193
0.08972049
0.08987784
0.09977961
0.08992457
0.09981298
0.08492279
0.09964824
0.09045625
0.08960915
0.10022545
0.09010100
0.09985614
0.09223962
0.09005737
0.10000038
0.08973527
0.09020925
0.09994817
0.09491515
0.10096669
0.08476281
0.09000683
0.09002805
0.08385897
0.08960104
0.10009456
0.09026098
0.09021378
0.08784199
0.10580349
0.09078813
0.09769893
0.09017348
0.08865118
0.09023094
0.08999586
0.10031271
0.16657043
0.15740514
0.17001033
0.15974665
0.16010356
0.09016776
0.08579707
0.09039068
0.09138966
0.08969879
0.07989311
0.08981490
0.08492255
0.08402586
0.09022474
0.08988976
0.08012080
0.09027290
0.10018301
0.08400440
0.09008479
0.08526015
0.09036016
0.08482242
0.09002829
0.08000016
0.07986283
0.07979059
0.09494638
0.08010221
0.07818866
0.08988357
0.08986282
0.08501935
0.08494091
0.09991288
0.08980083
0.08853674
0.08339763
0.08993387
0.08979273
0.08814669
0.08006620
0.09022832
0.09006286
0.10499644
0.08495641
0.07994175
0.08997440
0.10018826
0.09992599
0.08001971
0.08101106
0.09020662
0.10018611
0.11084628
0.08779049
0.09042144
0.08563304
0.09505510
0.09016156
0.09979653
0.08995986
0.08484292
0.08636260
0.09105635
0.08788514
0.08488655
0.08988547
0.10017705
0.08988333
0.07973671
0.09009957
0.08020115
0.08021522
0.09001470
0.08627582
0.10778451
0.09137034
0.08264542
0.08986187
0.08980751
0.07983351
0.08971286
0.09030175
0.08982158
0.08966804
0.08995295
0.10002422
0.08986306
0.07959318
0.07996297
0.08956647
0.08507442
0.08004093
0.09494591
0.08531952
0.08411145
0.09005928
0.09397745
0.09028530
0.08990073
0.07999730
0.09015250
0.09475899
0.08245182
0.08241677
0.07988262
0.08974528
0.09767699
0.09004712
0.08625364
0.09985971
0.09189415
0.09994817
0.08488488
0.10482764
0.09000778
0.10484982
0.08986378
0.08509970
0.08969641
0.08468652
0.09026456
0.09033060
0.09014392
0.08932257
0.09245324
0.08979440
0.08504987
0.10001564
0.08992481
0.08964634
0.08772993
0.09926271
0.09007907
0.08994889
0.10016608
0.11019182
0.09504318
0.10020494
0.08375645
0.08983254
0.08512664
0.09039927
0.08575654
0.11015701
0.09403610
0.09018207
0.09577870
0.08485889
0.09006572
0.09995461
0.08972049
0.08473039
0.09484529
0.09007764
0.08988476
0.09830379
0.08004260
0.09016204
0.08762598
0.08925748
0.09971786
0.08001208
0.08001924
0.08981609
0.09007812
0.08504510
0.08440423
0.09492183
0.08928847
0.09077191
0.10984206
0.09013534
0.08015943
0.08048534
0.08485579
0.10016179
0.08990955
0.09011650
0.09518790
0.08758354
0.09008503
0.08991003
0.08999348
0.08114100
0.08986020
0.09055734
0.08990741
0.08399749
0.09001136
0.08781719
0.08895755
0.08763552
0.09747720
0.08740735
0.09801030
0.09838772
0.15996361
0.08006334
0.08026099
0.09561229
0.08852386
0.10509491
0.08979654
0.08981752
0.08981204
0.08493423
0.08980298
0.10004282
0.08477378
0.08502030
0.07990336
0.16004252
0.18005323
0.17419863
0.16003847
0.16003585
0.17025852
0.17469716
0.17180014
0.24966002
0.10025191
0.15548992
0.16111255
0.16281438
0.09687114
0.08178496
0.10991859
0.08984661
0.09989309
0.08812070
0.09385490
0.09197021
0.08520555
0.10046721
0.08500481
0.08509207
0.09389424
0.08384871
0.08352566
0.10986972
0.08991146
0.08985782
0.08501768
0.09389925
0.08988500
0.08980870
0.10001016
0.09033179
0.09008121
0.09004259
0.08983254
0.09636950
0.09015131
0.15783167
0.08029008
0.08012009
0.09025693
0.08980417
0.08336926
0.08358073
0.08331752
0.08993101
0.08813596
0.09996963
0.08993292
0.08506107
0.08988547
0.08999157
0.08330083
0.08423471
0.07988572
0.08984351
0.08987808
0.08997416
0.09003639
0.08417010
0.08486629
0.09013057
0.08374524
0.09014511
0.09000897
0.09020782
0.08494568
0.08975649
0.08988237
0.10004377
0.10174942
0.08180737
0.09043336
0.09035778
0.09475517
0.08406591
0.08673382
0.08159804
0.08136702
0.08138418
0.08142281
0.08135962
0.09003711
0.08984852
0.08512950
0.09393263
0.08002996
0.09990358
0.08997965
0.08507180
0.09518051
0.08998346
0.09954286
0.08502865
0.09005618
0.09013534
0.08466935
0.08981538
0.09509420
0.07991529
0.08007097
0.09035635
0.08370662
0.08999777
0.09407187
0.08800387
0.18973231
0.17145824
0.15489626
0.16016531
0.15988970
0.23508072
0.16628432
0.15483975
0.16011381
0.15917611
0.16737485
0.15968800
0.16489148
0.16329718
0.15995646
0.16982102
0.18357539
0.08486342
0.08828497
0.11853075
0.08497167
0.08007097
0.10001254
0.09015918
0.08509159
0.08503389
0.07975173
0.10045505
0.08388352
0.09982538
0.08742833
0.08737016
0.09282827
0.09787774
0.08501816
0.08980227
0.07996893
0.08992004
0.08423328
0.08975029
0.08226395
0.09971738
0.08491778
0.08995676
0.08989882
0.08817601
0.07996559
0.08048344
0.08040142
0.07964540
0.07985449
0.09973335
0.07995033
0.08000159
0.07983232
0.08994961
0.09034228
0.08989596
0.08972883
0.09457374
0.08928633
0.10003257
0.09780121
0.08960843
0.09213972
0.08180356
0.08992171
0.10019350
0.09012604
0.09021878
0.08529162
0.08522153
0.08367300
0.08509970
0.08000183
0.08402371
0.08996964
0.08961487
0.08988190
0.08990002
0.09027553
0.08980584
0.10427523
0.09008241
0.08978724
0.10197139
0.08502984
0.09001374
0.16479850
0.08991790
0.08992219
0.09082866
0.08980608
0.07994056
0.07999802
0.09009075
0.09021854
0.09518790
0.09360862
0.09004831
0.08472395
0.10036445
0.08985591
0.08020425
0.08992434
0.09019232
0.09002686
0.09000683
0.07992482
0.09024692
0.08400583
0.08988690
0.10007071
0.09495044
0.08976650
0.08598161
0.10041142
0.09035468
0.08399963
0.08377028
0.09006286
0.09020686
0.11011100
0.08997726
0.08475351
0.08489752
0.10498810
0.09982562
0.08419728
0.08986855
0.09425545
0.09424019
0.08009887
0.08449340
0.08991838
0.08981371
0.08907294
0.09605169
0.08989501
0.11021638
0.08974171
0.08964896
0.09018993
0.08402061
0.07984710
0.15962934
0.16908813
0.16023636
0.16425133
0.23010135
0.08976460
0.11012435
0.09981060
0.09106493
0.08528209
0.08267689
0.09030294
0.10024452
0.08989120
0.08191013
0.08026218
0.08000970
0.09007263
0.08993196
0.08970261
0.09517527
0.08973265
0.09013867
0.09018612
0.08399940
0.08397722
0.09386492
0.15987349
0.09011388
0.08974981
0.15886378
0.16086483
0.09972811
0.09001303
0.08998036
0.08703732
0.15990639
0.16106749
0.23021030
0.09195590
0.08182335
0.09464049
0.09962296
0.09015846
0.09436846
0.09014106
0.08501625
0.08596897
0.08500981
0.09400964
0.08485532
0.08020926
0.09017587
0.10016131
0.08006883
0.08961034
0.08006263
0.08084607
0.09479570
0.08514118
0.09987020
0.10007954
0.08995414
0.09523177
0.10487318
0.08930802
0.07987857
0.16008472
0.10014343
0.08982682
0.08997560
0.08996725
0.16992092
0.24009848
0.16171551
0.16042161
0.09519148
0.17031050
0.17016649
0.08467364
0.08000922
0.08016515
0.09004164
0.09006166
0.08003998
0.09020853
0.08977461
0.10508871
0.09200263
0.08477378
0.09090376
0.12697268
0.08993244
0.08987522
0.07988191
0.09008217
0.08479977
0.10002184
0.09497142
0.08487678
0.08397603
0.17041373
0.15997410
0.17757106
0.16192532
0.16462469
0.16513920
0.23095727
0.09729218
0.08739567
0.08715057
0.10316586
0.09509635
0.10396862
0.08992147
0.09005380
0.08508539
0.09001589
0.07990575
0.11009932
0.08501363
0.08010101
0.24009585
0.22981787
0.23182273
0.24218035
0.24112773
0.08278537
0.09014797
0.08500671
0.09774804
0.08991694
0.08997011
0.08995676
0.08504319
0.09501886
0.08437800
0.08730197
0.15743065
0.08993030
0.08961225
0.07990384
0.17013764
0.08876491
0.08401823
0.16007757
0.24010921
0.08983707
0.09051180
0.08401227
0.08990359
0.08822894
0.08991218
0.08993840
0.08985329
0.08679152
0.08737016
0.08675456
0.09011126
0.08976555
0.16015315
0.16038251
0.17006254
0.08996081
0.08421183
0.08516479
0.08778834
0.09000230
0.10429025
0.09015393
0.09893227
0.09088826
0.08995509
0.07998419
0.09012747
0.08975649
0.08506632
0.09002304
0.07969952
0.09023881
0.08978081
0.10006475
0.10033083
0.08475423
0.08965158
0.10908055
0.09245729
0.09495592
0.08994150
0.08485770
0.08501148
0.08808208
0.08030081
0.08997703
0.09001279
0.08988500
0.08509183
0.08513498
0.08391428
0.08477974
0.08516359
0.09486723
0.08525300
0.15981889
0.16992974
0.16989040
0.15898633
0.15986872
0.16779017
0.16410303
0.16018033
0.15981674
0.16972113
0.15298820
0.17002439
0.15504622
0.16976142
0.09007406
0.09014869
0.08978462
0.15428424
0.17026591
0.16992664
0.15908360
0.16006231
0.17987657
0.15983462
0.15966010
0.16007066
0.15480328
0.15367460
0.16006970
0.16971302
0.17847061
0.15835023
0.16400719
0.17996335
0.15954709
0.16207862
0.15998673
0.18009448
0.15983129
0.16005874
0.15726852
0.16006947
0.17024994
0.09023356
0.07969236
0.07959628
0.08995891
0.09999895
0.09026670
0.09008813
0.09002805
0.08990145
0.15992546
0.09003758
0.09016705
0.09381199
0.09490228
0.08485985
0.09010816
0.08990598
0.09001994
0.08993101
0.08005834
0.07968926
0.08992243
0.08978796
0.09001756
0.08510900
0.08444524
0.08665705
0.15992999
0.08676577
0.16465569
0.08616543
0.10054111
0.17016387
0.08531523
0.09003305
0.08506989
0.09487200
0.08479285
0.09500742
0.09025812
0.07992625
0.09060025
0.09985399
0.09009790
0.08987427
0.08391881
0.08512020
0.09001231
0.08024359
0.10651946
0.08803844
0.08000350
0.08977270
0.08734226
0.08997393
0.08987021
0.08948517
0.08536434
0.09014964
0.09020090
0.09045935
0.08474326
0.09918046
0.08017564
0.08987927
0.10600758
0.09034538
0.09508562
0.08507562
0.09683537
0.08697057
0.09010410
0.08683729
0.08985853
0.08509135
0.08037448
0.09987664
0.09491396
0.09982944
0.08996677
0.08981800
0.08954883
0.08508897
0.09981680
0.08024645
0.09015059
0.08996725
0.08039594
0.07969785
0.15999818
0.07985783
0.11018991
0.08984685
0.10504675
0.10033917
0.09479761
0.09489727
0.10991621
0.09530020
0.08962345
0.09023261
0.08966374
0.16013837
