8.11640739
0.18981481
0.12755394
0.12515545
0.13001585
0.10517573
0.12661314
0.11613417
0.13003755
0.11336160
0.13008881
0.12507915
0.12508583
0.13021922
0.12016797
0.13003850
0.11961842
0.12012696
0.12032795
0.13004684
0.12521982
0.12037420
0.12039399
0.11523819
0.13000870
0.12158442
0.11238241
0.13014889
0.13008118
0.12739015
0.13012242
0.12583637
0.13088322
0.12984753
0.13205099
0.12493992
0.13172626
0.12982273
0.11309075
0.11986136
0.13006258
0.12813067
0.12982059
0.12512326
0.12420201
0.13036871
0.12464476
0.14123869
0.11458945
0.12993312
0.13982701
0.11966419
0.12994981
0.12065053
0.12000871
0.13006043
0.13429308
0.12509036
0.13038301
0.12030482
0.11107278
0.12531424
0.12013960
0.12005615
0.12013245
0.12978935
0.13011765
0.11986947
0.12065792
0.11975789
0.12555385
0.11808181
0.12993169
0.11978960
0.13176036
0.12079358
0.12008810
0.11211610
0.12972379
0.12426710
0.11991310
0.11002851
0.12422848
0.12679005
0.11500931
0.12021446
0.13024426
0.12504053
0.13027930
0.11605358
0.12511730
0.13160944
0.13483047
0.12016988
0.11761427
0.12511539
0.13149452
0.12511182
0.12023616
0.13009667
0.13031149
0.12806869
0.11976290
0.13013816
0.10991383
0.12126899
0.11975551
0.12773108
0.12011242
0.13005066
0.12828302
0.12996459
0.13035655
0.11995316
0.11989212
0.12506104
0.12509894
0.11983323
0.12492657
0.11937094
0.11970019
0.12503839
0.12458372
0.12502599
0.12969971
0.12910819
0.13001823
0.13016248
0.12050557
0.11998129
0.12974238
0.11993074
0.12005997
0.11975479
0.12767029
0.12020683
0.12987947
0.12961793
0.12826872
0.10718918
0.11976886
0.11804867
0.12005520
0.12098193
0.12974072
0.12967563
0.13004971
0.12502956
0.12036514
0.12384605
0.12144589
0.11983013
0.09974098
0.11981010
0.13024497
0.12960911
0.13034964
0.12996340
0.12787890
0.13466167
0.12012029
0.12009859
0.12017131
0.11989665
0.13058567
0.12014270
0.11985755
0.12008476
0.11998391
0.14148378
0.13514566
0.13106632
0.13006139
0.12020659
0.12999487
0.12669182
0.13984203
0.10980272
0.13020539
0.11977601
0.11018896
0.12188458
0.12990427
0.11999989
0.12007117
0.12012935
0.13208199
0.12004304
0.10984755
0.12000608
0.14003086
0.12807512
0.12984109
0.12018347
0.11780429
0.11772633
0.12014604
0.11983705
0.12016606
0.12008548
0.13269782
0.12576294
0.13047290
0.14002371
0.13039589
0.13037515
0.13010955
0.11910272
0.12540841
0.11831617
0.12964535
0.13034821
0.12979674
0.12006044
0.11965871
0.10975242
0.13980365
0.13009524
0.12877297
0.12522888
0.12993693
0.12992692
0.12632298
0.13012576
0.13024378
0.12413025
0.12393332
0.11818576
0.12176037
0.12575150
0.12996697
0.14010906
0.13022923
0.12977004
0.12485671
0.11991620
0.12489629
0.12992835
0.12988973
0.11516666
0.12607861
0.13038921
0.13038135
0.11971593
0.13054156
0.13025951
0.13014126
0.13005567
0.13018632
0.11490965
0.12992382
0.12506223
0.12491965
0.12979746
0.11493492
0.13008761
0.12519073
0.12020350
0.12815189
0.12023783
0.12994313
0.12377977
0.12027955
0.13143039
0.12990522
0.12516046
0.12001348
0.12973857
0.12028241
0.12785554
0.11981273
0.12262797
0.12464571
0.12989783
0.12995362
0.11977339
0.12977934
0.12014246
0.13019705
0.12987566
0.13502407
0.13404822
0.11988974
0.12996221
0.12624073
0.10991669
0.12209821
0.10006261
0.11996222
0.12987161
0.11979795
0.12503123
0.11991429
0.11007977
0.12997532
0.11992717
0.12014794
0.12499952
0.11982179
0.11988711
0.13008928
0.13350248
0.13037133
0.12332106
0.12995195
0.13028073
0.11974430
0.11970139
0.12018609
0.11007547
0.12986135
0.12208080
0.12966514
0.11993170
0.11994433
0.12295485
0.12535477
0.12990761
0.12992907
0.13016319
0.12282729
0.12014461
0.11980748
0.12018871
0.13190794
0.12004423
0.12005353
0.11978745
0.12001753
0.11976624
0.12004972
0.13011599
0.11992884
0.13003540
0.13023901
0.12481737
0.11981130
0.12544155
0.12834644
0.12482023
0.12725639
0.12987685
0.12398863
0.11772037
0.11993742
0.11998892
0.11047912
0.11987877
0.11972809
0.09989381
0.11983657
0.12518477
0.12486148
0.13220906
0.12496591
0.12222171
0.11989474
0.11788678
0.12780738
0.13987660
0.13216758
0.13006711
0.12013197
0.12387657
0.12012339
0.12980580
0.12955737
0.12998700
0.11604738
0.11965418
0.12593889
0.11796594
0.12036967
0.12023878
0.12028694
0.12702203
0.11972809
0.12504148
0.12307858
0.12985730
0.11494040
0.12016892
0.11995673
0.12377572
0.12003779
0.11980915
0.13009667
0.13026905
0.12024570
0.12501192
0.11970377
0.11006260
0.12456489
0.13202500
0.12502909
0.11974311
0.11986113
0.12970781
0.12041712
0.12127590
0.10972071
0.13007426
0.12012458
0.12443900
0.12531686
0.12847090
0.11910439
0.11958122
0.12365270
0.13012958
0.11965585
0.11977506
0.11981034
0.12516761
0.12881017
0.11889458
0.12039733
0.11969519
0.10979557
0.12984848
0.12967825
0.12999558
0.12897873
0.12015271
0.13171577
0.11991858
0.12020946
0.13005948
0.13807034
0.13046980
0.12975860
0.12749028
0.12990665
0.11982560
0.13003612
0.12480259
0.11875367
0.12016368
0.12013674
0.11826658
0.11995673
0.12984490
0.12978816
0.12498808
0.10709167
0.11383247
0.12516284
0.12031102
0.34017396
0.13471580
0.11991620
0.12318230
0.11996365
0.12980962
0.10794234
0.11986876
0.12638187
0.11986542
0.11012197
0.13017488
0.47024870
0.13524008
0.13020134
0.12998819
0.11997557
0.13003540
0.13013482
0.11983275
0.13014269
0.12017536
0.12510800
0.11983728
0.12496829
0.13492036
0.13031030
0.12736320
0.13006067
0.13013124
0.12989116
0.13012147
0.11727905
0.11012769
0.13014388
0.12990189
0.12014580
0.12011933
0.13000584
0.11028075
0.10995722
0.11998534
0.11990452
0.11993194
0.12002182
0.12506056
0.12121773
0.13033152
0.12127733
0.13008213
0.12197208
0.12204337
0.12493968
0.13014174
0.12670374
0.12971425
0.12997270
0.11993361
0.12194967
0.12004638
0.12991381
0.12761950
0.11979055
0.12017155
0.12007689
0.12006450
0.12013364
0.12468600
0.12982202
0.13200331
0.12007022
0.11994123
0.12000871
0.10004044
0.16874361
0.09488487
0.09994483
0.10995412
0.08630323
0.09030485
0.08984399
0.08961487
0.07992482
0.08980298
0.08983326
0.08506322
0.08802152
0.09011173
0.11008883
0.08988070
0.08993649
0.08988166
0.08993864
0.09996200
0.09548235
0.08438587
0.09038544
0.08014369
0.09001732
0.08536768
0.08964515
0.09196615
0.09489393
0.09391403
0.08995390
0.08998227
0.08480620
0.09008574
0.08399343
0.08981919
0.08475542
0.08000922
0.07980537
0.09048963
0.08108783
0.09982395
0.08993435
0.10017300
0.11224031
0.09482574
0.10344124
0.08349442
0.09007120
0.10007668
0.09493542
0.10012269
0.09026098
0.08993745
0.09995127
0.09226441
0.09392405
0.08957219
0.08005595
0.09002924
0.07972932
0.09001613
0.08969998
0.10021710
0.09035659
0.09014177
0.08972907
0.08003902
0.08025765
0.09995532
0.08634067
0.09006047
0.09008861
0.09999728
0.10018754
0.08989167
0.08981133
0.09995961
0.09968638
0.08015943
0.09977102
0.08005238
0.08979797
0.09005547
0.09007692
0.09008384
0.09015894
0.08976030
0.08984756
0.09497333
0.08978915
0.09883046
0.10993266
0.08470345
0.08973551
0.09988403
0.08986807
0.09969807
0.09022689
0.09976625
0.08981037
0.09043288
0.09989667
0.08996391
0.10017180
0.09185696
0.10211253
0.08979559
0.08496308
0.09013247
0.08975029
0.08991718
0.25031447
0.09486699
0.09982324
0.08986425
0.07995462
0.09006190
0.09873152
0.08988619
0.09004164
0.09173751
0.08187056
0.08504653
0.09005618
0.08978868
0.07988524
0.07976484
0.07965326
0.09473729
0.09031081
0.08999848
0.09011769
0.08997846
0.09711695
0.09010506
0.09994888
0.09008527
0.08028579
0.07996464
0.08997583
0.08982038
0.08987308
0.08000684
0.07974291
0.08104205
0.07977319
0.08001208
0.09913492
0.09002900
0.10027027
0.08503795
0.09021068
0.10011792
0.08995342
0.08591509
0.09014249
0.08506584
0.07986379
0.09012246
0.09969783
0.08802199
0.08981490
0.08495593
0.11034012
0.08956051
0.08533597
0.08973575
0.08987808
0.09998131
0.08519125
0.08786845
0.10005927
0.09408951
0.07962418
0.09008431
0.09030056
0.09012723
0.09009624
0.09020209
0.10012054
0.09453583
0.08986545
0.08992696
0.08973980
0.08823824
0.09878492
0.09027886
0.08998799
0.09029198
0.07984972
0.08983088
0.09484935
0.09990478
0.09986758
0.08809662
0.07961321
0.08012867
0.08991361
0.07983708
0.08983803
0.09007502
0.08984780
0.09001398
0.09691286
0.09943938
0.09029484
0.08172393
0.10991406
0.08996296
0.08989143
0.09056973
0.08410239
0.08579922
0.09024453
0.10196543
0.08990860
0.09015083
0.09992456
0.09181476
0.09001875
0.09410334
0.08986402
0.08966970
0.08470440
0.08471441
0.08443356
0.08616519
0.10184932
0.08591485
0.09000182
0.07981277
0.09001946
0.08135009
0.09009671
0.08979726
0.08520412
0.08022070
0.08002162
0.09993982
0.08976221
0.09022689
0.11497188
0.09004307
0.10607862
0.09002233
0.09002447
0.08823419
0.08775616
0.11022925
0.09023643
0.08981037
0.08003759
0.07998037
0.09007525
0.10498857
0.08965659
0.09504128
0.09000659
0.09783483
0.08508110
0.08965468
0.09198999
0.08599639
0.07789159
0.08997774
0.09505320
0.08327198
0.08503509
0.07999659
0.08015656
0.11009240
0.09485626
0.09037280
0.08984041
0.08994508
0.08976603
0.09999204
0.08995724
0.08998132
0.08984637
0.09217978
0.09974599
0.08993864
0.08415174
0.08423781
0.10494947
0.09030271
0.09015274
0.08176923
0.09953237
0.09535456
0.09411407
0.09532642
0.08491516
0.08959126
0.08036590
0.07999015
0.07984972
0.08960128
0.08538771
0.09999847
0.08978081
0.08944130
0.09011769
0.08983898
0.08984637
0.08999991
0.09014750
0.09991693
0.08505630
0.07977724
0.10016441
0.08514500
0.15972495
0.08478975
0.08992910
0.08985686
0.10591722
0.09013414
0.09019136
0.09004879
0.08601809
0.08997393
0.08994079
0.09005618
0.08969665
0.09098768
0.08957243
0.10022593
0.09506202
0.10027099
0.09012651
0.08521223
0.08379078
0.08984661
0.09340286
0.10008502
0.09987807
0.08963370
0.09018540
0.08960843
0.08992076
0.10025430
0.08001661
0.08719993
0.09708047
0.08976698
0.16128969
0.08035541
0.08001041
0.09049702
0.08622336
0.09691572
0.08421230
0.08513165
0.09484816
0.11086941
0.08994222
0.08205962
0.08993173
0.09178114
0.08211017
0.08996868
0.08378625
0.09476042
0.08015013
0.08972430
0.09023571
0.09882569
0.10300303
0.08799601
0.09100103
0.08699608
0.09405541
0.08700037
0.09099555
0.09800410
0.08908200
0.09595156
0.09800029
0.08801174
0.09204698
0.08799911
0.08799982
0.09599686
0.09393692
0.09562349
0.09000015
0.08799911
0.09099531
0.09900045
0.09200001
0.08799958
0.08900094
0.09300232
0.08900070
0.08905721
0.08899856
0.08699775
0.08800220
0.10400009
0.08900166
0.08900547
0.08700013
0.08699965
0.08999705
0.09000134
0.08600187
0.08900452
0.09499979
0.08900428
0.09200048
0.09499621
0.10500383
0.09099698
0.08894849
0.08999872
0.08700109
0.08991456
0.08700037
0.08800411
0.09300041
0.08699775
0.09399533
0.09200025
0.09399581
0.08899617
0.09199858
0.08700395
0.09199977
0.08700323
0.08800125
0.08800054
0.08699918
0.08999968
0.08799982
0.08800340
0.08999538
0.08905840
0.08800101
0.11299968
0.08800054
0.08700371
0.09400034
0.09199977
0.09199595
0.09000444
0.09399986
0.08799791
0.09105659
0.08999610
0.08694720
0.10104680
0.08794308
0.16106296
0.24599648
0.08800006
0.08899522
0.08999610
0.08800054
0.08800054
0.08899999
0.08799577
0.08799720
0.09100199
0.08799982
0.10999608
0.09600019
0.08800387
0.08700109
0.09800005
0.08899999
0.08699656
0.09792757
0.08799505
0.08800101
0.08799601
