491.000,217.000,57.000,29.000
498.411,216.996,59.187,27.497
507.383,217.999,58.289,27.004
515.368,218.926,57.186,26.520
523.002,219.786,57.792,26.721
528.010,220.787,59.293,27.462
525.612,220.601,59.349,27.628
523.871,222.518,58.251,27.142
521.027,223.613,56.554,26.423
518.349,224.317,55.595,25.948
514.684,224.391,55.917,26.153
510.121,225.717,57.816,26.922
506.796,225.366,59.380,27.684
501.922,226.103,61.249,28.370
498.310,227.564,61.428,28.494
496.214,229.133,59.242,27.372
492.358,230.911,58.850,27.268
487.583,231.810,59.093,27.469
484.140,233.404,57.699,26.773
481.111,233.976,56.744,26.329
478.638,234.195,56.107,26.039
474.200,234.887,56.802,26.370
470.896,235.038,55.809,25.855
467.890,236.257,55.394,25.656
462.813,236.880,56.105,26.087
466.832,237.491,56.169,26.008
475.527,238.487,57.145,26.403
482.810,238.132,57.470,26.657
489.219,238.966,57.064,26.400
494.993,239.827,56.648,26.324
494.447,239.862,56.044,26.075
490.228,239.723,56.448,26.315
485.498,240.601,55.966,26.078
481.633,241.366,55.769,25.967
476.062,241.464,55.291,25.753
470.955,242.475,55.706,25.920
467.910,242.111,55.965,26.097
463.072,242.811,55.201,25.721
458.969,243.553,54.777,25.456
454.172,243.465,55.221,25.685
448.718,243.373,56.780,26.377
442.806,244.426,56.592,26.387
438.696,244.740,56.500,26.225
434.398,245.631,56.057,25.987
430.186,246.159,55.673,25.804
423.973,246.103,56.320,26.225
418.830,246.495,56.656,26.298
414.306,246.551,57.304,26.549
408.921,246.964,57.517,26.678
403.879,247.133,56.782,26.404
397.454,247.446,56.803,26.433
393.444,248.116,56.267,26.091
387.249,247.587,56.494,26.270
382.059,247.796,56.119,26.077
377.614,248.363,55.634,25.858
382.258,248.905,56.105,25.860
388.653,248.495,58.009,26.823
396.864,249.458,56.554,26.129
400.204,249.104,57.123,26.424
403.710,250.539,56.030,25.865
398.228,250.188,57.815,26.908
392.078,250.972,57.623,26.829
386.963,252.256,56.389,26.324
381.005,252.414,56.571,26.450
374.689,252.745,57.078,26.753
368.252,252.914,57.157,26.693
362.734,253.394,57.413,26.726
357.089,254.097,56.679,26.434
350.490,254.172,57.422,26.786
344.387,254.926,57.387,26.753
338.471,255.228,57.118,26.626
332.692,255.816,56.909,26.544
327.250,256.943,57.019,26.588
327.120,257.907,57.066,26.357
334.214,257.260,57.851,26.748
340.628,257.593,57.973,26.739
346.129,259.804,57.447,26.510
351.264,258.812,57.058,26.307
356.642,260.211,56.794,26.234
360.262,259.380,56.912,26.443
365.208,260.305,56.706,26.330
369.594,261.580,56.494,26.263
373.431,265.817,56.297,26.110
377.103,271.308,57.018,26.404
382.165,275.014,57.103,26.416
385.984,275.293,57.531,26.655
390.647,274.289,57.283,26.533
394.618,273.692,57.384,26.594
398.136,274.733,57.928,26.810
402.435,277.094,57.768,26.763
407.014,283.065,57.833,26.745
411.477,286.767,57.502,26.655
413.894,285.847,56.787,26.368
409.387,285.805,57.381,26.678
403.304,285.689,57.555,26.777
397.924,285.874,57.602,26.844
391.612,285.333,57.893,26.992
385.365,285.807,58.091,26.978
380.106,285.348,57.778,26.769
373.381,283.782,58.736,27.232
367.324,285.190,58.214,26.924
361.701,283.496,58.699,27.152
355.653,284.644,57.580,26.695
350.567,283.622,57.369,26.523
343.838,284.122,57.301,26.557
337.631,282.947,57.951,26.809
332.790,282.907,57.618,26.588
332.337,282.236,57.709,26.539
338.198,280.752,59.181,27.176
345.199,281.320,58.860,27.029
349.127,281.058,58.481,26.814
354.252,281.030,58.737,27.000
359.052,279.829,58.673,26.999
364.031,279.820,58.127,26.836
364.698,278.866,57.618,26.694
359.110,279.355,58.121,27.014
354.228,278.535,58.571,27.202
347.786,277.617,58.239,27.097
341.292,278.384,58.001,26.970
335.508,278.076,57.871,26.885
328.771,277.673,58.743,27.257
326.130,278.331,58.483,26.968
333.038,277.571,58.874,26.964
339.750,276.867,58.407,26.807
343.380,278.379,57.059,26.177
348.418,276.983,57.567,26.417
351.625,276.984,58.262,26.779
355.731,277.373,58.097,26.767
360.252,276.945,58.163,26.865
363.177,279.143,58.205,26.879
367.017,283.852,58.649,27.046
369.119,288.400,59.634,27.487
374.648,293.129,59.053,27.181
379.119,298.946,57.980,26.695
381.736,303.868,57.578,26.492
386.208,308.527,58.033,26.683
389.683,313.595,58.160,26.736
394.121,313.937,58.064,26.698
395.965,312.917,58.057,26.876
392.359,312.505,58.685,27.206
385.664,312.046,58.493,27.289
379.032,311.635,59.330,27.631
372.371,311.596,58.766,27.349
365.661,311.667,58.639,27.260
359.696,311.827,58.541,27.181
353.984,311.173,59.148,27.372
346.779,311.471,58.496,27.187
340.266,310.365,58.121,26.934
334.458,310.588,57.793,26.781
335.532,311.453,57.993,26.643
342.757,311.133,58.101,26.659
348.805,310.450,58.067,26.725
347.964,310.927,58.229,26.844
341.919,310.762,58.139,26.944
335.152,310.091,57.773,26.898
328.007,310.036,57.656,26.895
321.485,310.755,57.454,26.866
316.010,310.876,57.027,26.610
309.009,310.320,57.317,26.680
310.601,310.032,58.016,26.651
317.036,309.556,58.757,27.041
322.560,309.449,59.104,27.131
326.403,309.439,60.379,27.808
329.792,309.369,61.463,28.242
332.798,309.893,61.350,28.282
333.753,309.837,60.706,28.188
328.436,310.853,60.099,27.875
322.108,311.358,59.267,27.424
315.074,311.061,59.498,27.556
310.042,312.005,59.330,27.419
303.451,312.003,59.343,27.481
308.402,312.750,58.726,26.985
315.517,312.913,57.997,26.636
320.791,312.820,57.702,26.482
325.038,313.218,56.965,26.160
327.005,314.787,57.074,26.239
330.019,315.545,59.377,27.331
335.162,316.654,57.799,26.792
338.756,317.505,57.473,26.666
342.999,318.737,57.627,26.722
348.142,319.067,57.456,26.646
351.446,320.505,57.430,26.606
354.513,321.112,58.000,26.930
357.243,321.099,59.214,27.454
362.177,321.473,58.446,27.211
365.884,322.278,58.336,27.093
366.248,323.431,58.109,27.096
362.659,323.965,57.859,27.001
355.988,324.158,57.619,26.870
348.723,324.402,58.147,27.121
341.901,324.837,58.638,27.363
335.600,324.737,59.324,27.659
329.523,325.599,58.881,27.362
323.097,326.320,58.474,27.201
322.342,327.741,58.331,26.998
327.695,328.067,59.806,27.586
334.259,329.139,58.989,27.232
339.465,329.163,58.553,27.174
344.104,329.512,59.282,27.430
348.664,330.225,58.763,27.218
353.068,330.644,58.182,27.101
357.056,331.159,58.633,27.378
361.607,331.153,57.907,27.022
364.917,327.284,58.206,27.260
369.264,322.677,57.585,26.971
373.626,317.621,56.864,26.574
377.869,312.342,56.859,26.586
382.863,307.158,57.167,26.702
386.121,303.041,57.549,26.740
390.053,298.430,58.657,27.290
394.527,298.228,58.531,27.152
398.290,299.272,57.975,26.926
398.504,299.667,58.089,27.034
393.251,299.132,57.314,26.727
388.534,298.765,56.289,26.201
381.750,298.827,57.127,26.584
375.968,298.195,57.281,26.751
369.306,298.040,57.223,26.694
365.441,298.539,55.406,25.732
359.257,299.029,55.095,25.593
352.845,298.412,56.160,26.084
347.549,298.237,56.038,26.020
352.362,297.458,56.862,26.243
360.422,296.869,56.993,26.186
364.460,296.719,57.911,26.666
369.751,295.805,58.749,27.023
374.427,294.829,57.764,26.765
380.062,294.977,56.881,26.411
384.626,294.207,56.537,26.235
388.814,294.365,56.533,26.222
392.455,293.449,57.320,26.475
394.374,292.525,56.637,26.339
388.374,291.352,57.462,26.713
382.399,291.391,57.106,26.559
376.698,290.953,56.487,26.274
370.034,290.544,56.929,26.517
363.908,289.790,57.287,26.585
356.803,288.628,58.073,26.952
351.322,288.951,57.213,26.475
345.454,289.281,56.860,26.325
347.601,289.542,56.829,26.122
353.111,288.073,58.715,26.969
359.275,289.037,57.829,26.520
364.056,289.222,57.884,26.601
367.329,287.482,58.441,26.891
367.091,287.760,57.705,26.696
362.558,287.403,57.360,26.609
356.647,287.246,56.745,26.355
350.155,286.384,57.110,26.553
344.385,286.195,56.494,26.285
338.195,286.663,57.390,26.646
332.808,286.617,56.959,26.376
325.623,286.253,57.855,26.852
320.006,285.425,57.534,26.666
314.503,285.347,57.636,26.722
308.072,284.147,58.073,26.938
301.642,284.952,57.724,26.767
297.012,285.365,56.911,26.350
302.289,284.709,57.917,26.625
308.924,284.829,58.185,26.667
314.280,284.446,57.449,26.404
316.873,285.378,57.007,26.171
312.823,284.937,57.621,26.664
306.789,285.460,57.452,26.720
300.665,285.267,58.186,27.032
294.835,285.325,58.225,27.011
288.348,285.656,58.161,26.979
284.526,286.450,58.074,26.804
290.186,286.878,57.556,26.396
297.404,286.141,58.539,26.846
302.349,286.281,57.756,26.558
307.627,286.002,57.679,26.494
312.072,286.562,57.700,26.617
317.551,286.849,57.327,26.545
319.111,286.378,57.422,26.673
314.364,286.725,57.791,26.885
307.721,286.298,57.974,27.009
302.120,287.164,57.791,26.884
295.407,287.324,57.620,26.850
291.156,287.431,58.340,27.055
295.269,288.141,58.240,26.816
302.920,287.418,58.025,26.619
308.969,288.137,58.365,26.903
313.877,287.195,58.617,26.967
317.650,288.058,59.741,27.560
322.562,288.545,59.403,27.591
328.020,289.170,57.066,26.545
332.094,289.433,57.567,26.786
336.883,288.573,57.795,26.788
335.432,288.417,57.691,26.857
330.228,288.029,58.529,27.277
324.885,288.137,59.123,27.500
319.040,288.902,58.499,27.241
313.360,288.983,58.688,27.295
317.702,289.671,57.829,26.680
324.981,289.372,58.835,27.051
331.547,289.449,59.223,27.149
336.764,289.413,59.402,27.283
344.273,290.327,57.464,26.428
348.551,291.316,57.066,26.512
354.160,295.550,57.399,26.606
358.655,302.374,56.226,26.053
361.897,306.921,56.461,26.123
367.916,313.242,55.310,25.679
372.767,317.374,56.828,26.305
376.230,319.458,58.131,26.913
383.555,319.532,57.099,26.518
388.736,320.220,56.037,26.118
390.654,320.922,58.091,27.059
391.181,321.338,57.483,26.848
386.808,321.362,58.285,27.276
382.088,321.921,57.286,26.790
377.681,322.176,56.308,26.277
372.556,322.532,55.954,26.139
367.284,322.339,55.475,25.908
362.431,323.080,56.410,26.234
358.114,323.913,55.489,25.892
363.249,323.074,58.426,27.151
371.011,323.752,58.170,26.940
377.304,323.983,58.036,26.879
382.220,323.690,58.425,27.244
385.605,324.856,56.462,26.342
382.599,325.330,55.827,26.140
377.454,325.711,55.878,26.217
371.278,325.168,57.868,27.142
365.961,325.550,57.031,26.744
360.749,325.456,57.619,26.968
356.790,326.183,57.007,26.474
363.371,326.165,58.752,27.163
372.060,325.967,58.190,26.979
376.985,325.826,59.918,27.633
382.628,325.492,59.574,27.547
387.551,325.122,61.149,28.363
392.670,325.817,60.676,28.300
395.097,326.639,57.971,27.111
391.384,327.680,55.800,26.128
387.484,327.397,56.867,26.655
382.182,327.403,57.437,26.910
377.759,328.148,57.424,26.808
373.623,328.364,57.275,26.717
376.870,328.893,58.468,27.040
384.130,329.186,58.955,27.270
390.933,329.145,58.778,27.147
395.397,329.591,57.812,26.742
391.504,329.599,57.135,26.585
387.181,329.746,55.942,26.058
381.234,329.208,57.081,26.602
375.565,328.691,57.804,26.880
370.364,328.234,58.240,27.028
364.728,328.514,59.930,27.625
358.367,329.076,60.678,27.987
354.207,329.259,59.863,27.542
349.490,329.334,60.344,27.772
360.860,330.476,58.560,26.877
368.041,331.339,58.583,26.957
372.448,331.322,60.697,27.928
378.854,332.216,58.012,26.704
380.510,332.318,55.482,25.773
375.592,332.654,54.487,25.432
371.141,332.614,54.780,25.538
365.257,333.196,55.376,25.842
360.143,333.521,56.128,26.179
355.722,333.974,56.462,26.250
351.066,334.102,56.384,26.140
347.189,334.874,55.172,25.592
344.432,336.107,53.330,24.633
349.468,336.400,55.281,25.493
356.876,336.400,55.586,25.704
363.783,337.284,55.219,25.454
369.643,336.838,56.015,25.938
375.841,337.987,54.640,25.321
377.565,338.314,54.440,25.334
373.048,338.559,55.896,25.993
368.229,338.775,57.119,26.575
364.131,339.827,56.557,26.263
360.656,339.811,55.983,25.928
355.093,339.569,55.731,25.863
351.409,340.140,55.605,25.786
346.563,340.455,55.424,25.753
342.294,340.923,55.105,25.657
337.713,341.143,54.396,25.339
332.071,341.223,54.900,25.577
335.784,341.263,56.855,26.331
342.739,341.761,57.525,26.590
350.149,341.096,58.511,27.044
355.875,342.322,57.459,26.583
362.286,342.326,57.509,26.690
363.477,342.342,56.399,26.313
358.943,342.472,56.443,26.328
354.530,341.537,56.752,26.516
349.968,341.747,56.597,26.380
345.942,341.336,56.317,26.194
339.595,341.044,56.896,26.503
335.032,341.385,56.392,26.211
331.015,341.210,56.203,26.116
334.265,340.225,56.721,26.148
341.801,340.637,57.918,26.670
349.315,340.086,58.081,26.872
355.088,339.801,57.649,26.726
360.030,340.231,56.075,26.005
356.826,340.188,55.004,25.699
351.343,339.068,55.775,26.084
347.410,338.961,55.238,25.700
341.948,338.555,55.569,25.912
337.295,337.923,56.252,26.226
332.499,337.473,56.351,26.235
335.675,338.477,55.309,25.560
341.952,337.457,57.319,26.664
349.686,338.077,57.120,26.441
355.381,338.685,56.685,26.343
360.796,338.919,55.613,26.010
364.084,338.858,54.840,25.641
358.798,337.799,55.678,26.122
354.472,338.311,55.159,25.852
350.635,337.369,54.651,25.581
344.804,337.379,54.634,25.509
339.844,336.755,54.779,25.555
341.640,336.255,55.106,25.462
347.780,336.079,56.912,26.242
354.424,335.355,57.252,26.478
361.160,334.648,57.714,26.617
359.527,334.453,57.192,26.629
353.893,333.584,57.584,26.829
348.126,333.376,57.511,26.728
342.738,332.533,57.713,26.816
336.977,332.515,57.182,26.519
332.202,331.896,56.887,26.336
326.978,331.097,57.112,26.419
323.924,331.732,55.815,25.814
330.716,330.472,57.125,26.278
336.679,329.866,57.338,26.473
342.469,329.391,58.350,26.928
347.147,328.310,57.819,26.755
345.417,327.647,57.666,26.749
339.844,327.138,58.379,27.168
333.351,326.130,57.957,27.004
327.319,325.401,58.823,27.331
321.907,324.594,58.599,27.130
317.284,323.575,58.955,27.249
322.480,323.042,58.622,26.952
330.055,321.848,59.236,27.262
336.274,320.988,58.956,27.143
341.248,319.839,58.713,27.183
346.534,319.666,57.872,26.758
343.716,318.600,58.605,27.226
338.316,318.127,58.340,27.142
332.816,317.097,58.586,27.242
326.951,316.447,59.021,27.455
322.636,315.387,58.706,27.165
317.795,314.720,59.460,27.454
318.771,314.924,59.469,27.329
326.511,313.642,60.394,27.696
333.503,313.437,60.689,27.907
339.907,314.271,58.672,26.992
343.879,313.657,59.204,27.363
349.841,312.620,59.937,27.644
350.184,313.266,58.919,27.229
345.301,312.539,58.400,27.050
340.345,311.460,58.972,27.411
335.676,311.521,59.226,27.437
331.575,311.793,58.598,27.072
328.010,311.182,59.306,27.330
333.759,310.738,59.940,27.538
340.455,309.652,60.717,27.914
348.596,309.711,59.482,27.271
355.258,309.453,59.064,27.262
356.590,308.500,59.213,27.431
351.209,307.726,60.418,28.098
346.198,306.139,61.530,28.425
340.206,307.171,60.844,28.173
334.550,305.464,61.629,28.571
330.967,304.850,60.493,27.793
325.947,303.381,60.323,27.812
320.024,303.098,60.660,27.925
315.833,301.928,60.243,27.680
310.572,301.144,61.318,28.278
304.918,299.733,60.764,28.049
299.561,299.595,60.799,28.024
294.879,299.065,60.225,27.747
290.218,298.628,59.871,27.612
283.267,298.296,61.153,28.147
278.124,297.354,61.326,28.246
272.840,297.010,61.154,28.186
268.580,296.765,61.198,28.065
263.725,295.839,60.802,27.937
257.699,296.378,60.721,27.941
255.525,295.295,61.399,28.164
262.866,294.518,61.984,28.350
271.922,294.703,61.318,28.025
277.056,293.802,60.701,27.721
282.915,293.665,60.914,27.934
287.477,293.761,60.302,27.770
293.065,292.774,60.581,27.772
297.749,291.574,61.395,28.192
302.104,291.699,62.033,28.561
306.314,291.451,61.515,28.373
313.124,289.700,61.274,28.163
317.541,288.977,61.232,28.118
323.091,288.271,61.552,28.277
327.407,287.553,62.198,28.656
331.511,286.552,61.771,28.453
336.901,285.990,61.493,28.283
335.070,284.970,62.152,28.664
330.223,285.036,61.390,28.295
325.494,284.478,60.598,27.888
319.326,284.275,60.348,27.801
314.640,283.447,60.461,27.756
308.567,282.973,61.845,28.431
302.905,282.685,61.412,28.198
297.803,283.137,60.903,28.008
291.198,282.484,61.180,28.155
286.471,283.184,61.114,28.075
289.768,284.315,60.019,27.385
296.430,283.106,61.749,28.184
303.806,284.124,61.044,27.862
308.172,283.740,61.051,27.968
314.361,284.503,60.966,28.038
316.087,285.306,60.364,27.825
310.174,283.989,62.363,28.786
305.487,285.018,60.455,27.920
300.704,286.229,59.654,27.519
295.176,287.305,59.845,27.525
288.620,286.685,61.344,28.229
283.601,288.099,60.829,28.030
277.588,288.403,60.183,27.695
272.558,287.856,61.378,28.087
266.979,289.414,61.010,28.112
262.776,290.543,60.118,27.561
257.000,290.852,60.270,27.620
261.375,291.323,61.169,27.879
268.870,291.391,61.417,27.991
274.475,292.673,60.751,27.806
279.699,292.722,60.542,27.822
284.453,291.312,61.387,28.225
288.024,286.640,62.212,28.686
293.617,282.125,61.791,28.442
297.770,278.844,61.071,28.124
302.705,273.720,61.830,28.395
308.227,269.359,59.848,27.425
312.447,264.279,60.186,27.617
315.751,260.411,60.832,27.886
320.245,255.405,61.259,28.075
325.243,253.440,60.662,27.802
329.967,254.581,61.013,27.902
333.911,254.627,61.310,28.195
338.379,255.193,61.735,28.393
343.273,256.071,61.570,28.222
345.409,255.724,60.955,28.097
341.797,255.451,61.770,28.410
335.976,255.731,61.823,28.482
331.705,256.813,60.825,27.973
324.817,256.848,61.661,28.330
324.449,257.329,61.732,28.163
331.777,257.806,62.596,28.447
337.777,258.010,62.828,28.666
343.322,259.046,62.745,28.771
348.004,259.845,61.634,28.320
352.640,259.438,61.353,28.163
356.712,259.687,62.442,28.709
362.218,259.996,61.361,28.247
366.264,260.275,62.583,28.816
369.115,261.020,63.407,29.123
374.174,260.939,62.622,28.775
378.680,261.652,63.094,28.933
382.794,262.321,61.416,28.242
381.977,263.464,61.865,28.458
376.869,263.552,62.029,28.645
370.440,264.127,62.005,28.638
364.896,264.900,61.550,28.345
358.772,265.932,61.223,28.150
353.138,266.729,61.477,28.298
347.181,267.987,62.000,28.569
346.294,269.003,61.667,28.153
352.756,269.148,62.763,28.649
360.277,270.451,61.195,27.847
366.237,271.742,60.842,27.858
369.448,272.714,59.794,27.498
364.303,272.938,60.999,28.100
358.000,273.498,61.141,28.224
351.802,273.823,61.084,28.128
347.507,275.360,60.812,27.915
341.415,275.905,61.461,28.314
344.101,276.731,61.772,28.228
350.783,277.464,62.122,28.266
357.538,278.900,61.195,27.949
361.140,278.562,62.158,28.523
365.163,279.338,62.376,28.704
361.998,279.851,62.034,28.617
356.370,281.013,61.694,28.462
350.385,281.345,62.088,28.585
344.124,281.478,61.955,28.448
341.377,282.207,61.971,28.426
347.131,282.432,62.055,28.300
353.540,282.826,62.714,28.601
359.074,282.677,61.395,28.132
362.745,282.717,62.612,28.823
366.095,282.656,61.544,28.303
370.741,282.497,62.406,28.607
373.966,282.447,62.776,28.848
377.641,282.342,62.572,28.702
374.020,282.724,61.415,28.180
366.779,282.122,62.994,29.092
360.251,281.134,62.418,28.779
354.076,281.338,62.819,28.881
348.461,279.985,62.811,28.845
349.490,281.126,62.332,28.460
356.000,280.448,62.814,28.553
361.249,279.802,62.476,28.486
365.967,279.618,62.130,28.481
370.284,279.538,62.750,28.857
373.919,279.043,62.724,28.863
378.625,278.862,62.736,28.799
382.614,279.434,62.288,28.641
386.568,279.055,61.958,28.345
389.907,279.062,62.881,28.849
394.662,279.853,62.630,28.692
398.648,279.614,61.650,28.307
402.371,278.951,61.654,28.267
405.131,279.527,62.880,28.821
404.821,280.060,63.155,29.063
400.386,280.095,63.208,29.150
394.762,279.386,63.501,29.234
389.351,280.389,62.219,28.648
384.021,280.277,62.733,28.756
377.578,281.495,61.923,28.491
370.888,282.261,61.731,28.418
365.163,283.561,61.559,28.235
358.500,283.275,63.457,29.155
355.236,284.055,61.768,28.321
360.218,284.891,62.655,28.553
366.529,285.196,62.730,28.607
371.691,286.376,62.461,28.562
375.373,287.210,62.837,28.827
379.828,288.234,63.041,28.987
384.468,289.599,62.373,28.590
388.357,290.298,62.542,28.771
393.255,291.481,61.829,28.379
397.204,292.610,61.468,28.220
393.532,293.473,62.864,28.997
388.436,294.479,62.522,28.825
382.450,295.472,62.101,28.699
376.794,296.432,62.008,28.532
371.740,298.249,62.394,28.708
366.135,299.626,61.969,28.505
359.939,301.024,62.055,28.537
358.346,301.770,61.441,28.144
363.568,303.064,62.744,28.630
370.649,303.855,63.570,28.934
370.544,305.799,61.642,28.309
364.785,306.014,61.282,28.285
358.241,306.678,62.615,28.993
351.569,308.278,62.799,28.985
347.249,308.943,61.671,28.283
341.977,309.942,61.118,28.148
336.336,311.203,60.213,27.680
330.481,311.188,60.655,27.924
324.575,312.333,61.346,28.253
318.628,313.707,61.386,28.219
312.703,314.203,61.883,28.570
307.775,314.925,61.433,28.251
302.044,315.555,61.795,28.485
297.111,316.881,61.629,28.399
291.167,316.956,62.181,28.668
286.528,318.439,61.472,28.346
285.963,318.947,62.029,28.462
293.251,318.277,63.275,28.901
302.501,319.365,61.775,28.230
307.233,320.753,60.231,27.659
302.280,320.099,61.554,28.447
296.833,320.050,62.251,28.782
291.596,321.143,62.000,28.587
286.426,320.711,61.960,28.508
283.700,322.328,60.634,27.800
289.469,321.854,62.692,28.679
298.193,321.287,62.591,28.584
304.683,321.843,62.307,28.539
309.613,318.140,63.228,29.148
315.632,312.992,63.558,29.351
321.485,309.488,62.483,28.848
327.917,305.539,61.941,28.460
333.257,299.824,62.451,28.726
338.385,294.792,62.154,28.659
344.934,292.558,61.492,28.255
349.811,293.153,61.482,28.379
353.986,293.459,61.995,28.555
357.321,293.862,62.227,28.687
354.261,293.483,62.474,28.802
349.299,293.924,61.167,28.277
343.963,293.402,62.187,28.708
340.156,294.088,61.671,28.350
335.917,295.131,61.041,28.099
331.663,295.207,61.359,28.272
325.838,295.064,62.100,28.695
322.267,296.142,60.262,27.749
317.416,294.502,61.415,28.286
316.954,295.625,61.299,28.183
324.899,296.113,62.198,28.496
332.695,296.123,62.577,28.743
340.268,296.303,62.098,28.611
346.368,294.106,62.027,28.631
351.998,290.312,62.651,28.977
357.314,284.869,63.143,29.107
363.439,280.263,62.494,28.891
369.189,276.211,62.803,29.020
374.183,273.760,62.152,28.687
381.221,274.489,61.353,28.249
386.506,275.388,62.417,28.813
391.895,276.394,61.623,28.434
392.480,276.463,61.592,28.506
389.088,277.231,61.122,28.310
384.306,277.795,61.231,28.350
379.915,278.261,61.474,28.482
375.180,277.901,61.429,28.366
371.066,277.481,62.026,28.696
366.773,276.974,62.170,28.664
363.158,278.190,60.352,27.834
357.678,277.084,61.268,28.319
359.711,276.872,62.287,28.742
369.073,276.722,61.769,28.371
377.324,276.669,61.677,28.446
381.953,276.642,61.455,28.421
378.110,276.962,61.426,28.387
373.892,276.626,61.611,28.568
368.988,276.510,61.217,28.267
364.967,277.264,61.427,28.395
358.772,277.404,62.384,28.865
354.692,277.415,62.025,28.542
351.289,277.847,60.747,28.014
348.182,279.188,59.830,27.569
352.697,278.864,61.674,28.334
359.679,278.034,61.953,28.502
368.313,278.252,60.979,28.126
373.758,279.378,61.197,28.160
379.528,278.626,61.531,28.332
384.790,278.226,61.353,28.317
389.993,278.592,61.250,28.335
388.463,279.133,60.855,28.183
383.358,278.038,60.547,27.980
378.536,278.994,60.420,27.865
373.280,278.694,60.644,27.960
368.724,278.918,60.206,27.725
366.237,280.140,59.524,27.337
359.695,278.845,60.217,27.782
356.049,279.940,59.207,27.242
350.644,278.697,60.317,27.791
347.212,279.259,58.878,27.062
341.169,278.737,59.522,27.474
343.492,280.407,59.306,27.169
350.407,279.338,61.642,28.239
358.194,279.847,60.961,28.009
364.116,280.203,61.618,28.367
369.137,280.087,61.363,28.273
372.686,279.249,61.171,28.220
369.264,280.172,60.361,27.856
363.442,278.933,61.411,28.355
358.439,279.105,61.106,28.212
354.142,279.914,60.839,27.985
349.037,280.447,60.659,27.939
343.951,280.223,61.375,28.260
339.215,279.844,61.306,28.215
335.426,281.012,60.637,27.914
331.072,280.498,61.151,28.094
337.639,279.847,62.048,28.332
345.654,279.856,61.848,28.295
350.891,280.283,61.666,28.380
356.736,280.500,61.608,28.317
362.106,279.321,62.420,28.726
367.663,280.488,61.277,28.207
372.666,279.838,62.526,28.735
378.025,279.121,62.947,28.995
382.458,279.568,62.005,28.578
380.182,279.599,62.423,28.772
374.819,279.163,62.762,29.031
369.867,278.310,63.300,29.122
364.742,278.662,62.614,28.819
358.757,277.874,63.037,29.036
354.342,278.386,62.417,28.694
354.540,278.503,63.066,28.797
361.424,278.605,63.399,28.905
369.118,278.013,63.535,29.033
374.203,276.860,62.984,29.026
373.670,276.626,62.611,28.859
368.504,276.588,63.201,29.149
363.149,275.526,63.300,29.125
357.463,275.571,63.021,28.992
352.644,275.053,63.715,29.242
347.136,274.489,63.157,29.037
341.422,274.057,63.511,29.124
335.831,273.150,63.453,29.115
330.157,273.246,63.187,29.005
333.226,272.947,63.003,28.736
339.588,272.674,63.924,29.087
346.504,272.114,63.024,28.872
351.784,271.111,62.808,28.842
356.423,269.537,62.885,28.905
354.205,268.926,63.625,29.270
348.583,268.187,63.663,29.356
343.142,267.673,63.253,29.081
336.768,267.016,63.633,29.271
331.558,265.459,63.340,29.038
325.123,263.996,63.697,29.239
318.834,263.711,63.444,29.137
311.798,262.841,63.133,29.061
305.913,261.458,63.546,29.131
299.471,260.798,63.256,29.028
292.404,260.094,63.651,29.318
286.196,258.870,63.981,29.355
280.663,257.292,63.711,29.196
273.032,257.406,63.526,29.253
267.103,255.366,63.864,29.304
259.964,255.418,63.745,29.280
254.822,253.729,63.427,29.039
247.635,253.578,62.940,28.897
246.787,253.015,63.202,28.822
252.890,251.937,63.093,28.761
259.573,252.375,61.922,28.292
263.529,250.576,61.194,28.075
268.620,249.778,61.902,28.372
271.856,249.880,61.904,28.467
276.179,252.316,61.462,28.200
277.940,256.506,62.709,28.800
282.392,259.552,62.867,28.771
285.348,264.749,62.436,28.608
289.108,269.547,61.882,28.349
293.529,273.458,62.048,28.379
297.383,278.114,60.795,27.818
299.817,282.827,60.808,27.824
304.231,283.454,61.031,27.878
308.191,282.745,60.704,27.686
310.604,281.665,60.611,27.765
314.889,280.676,60.467,27.659
317.575,280.744,60.697,27.771
321.237,279.869,61.080,28.016
324.625,280.205,60.367,27.584
327.625,280.405,61.871,28.410
330.512,279.256,61.860,28.287
333.890,279.699,61.362,28.150
333.721,279.936,62.216,28.593
329.015,278.695,61.811,28.352
321.678,278.140,61.542,28.306
314.227,278.108,62.542,28.772
307.164,277.119,61.878,28.410
300.092,276.716,62.175,28.562
300.590,276.890,62.936,28.735
307.183,276.992,61.693,28.191
312.257,276.474,61.441,28.090
316.197,276.371,61.587,28.285
319.845,276.156,61.164,28.055
324.264,276.975,60.883,27.868
327.019,277.065,61.167,28.054
329.760,276.621,60.649,27.861
333.544,276.353,61.463,28.227
335.965,276.935,61.036,28.026
339.776,277.186,60.622,27.809
341.176,277.637,61.119,28.053
342.688,277.593,61.177,28.091
344.813,277.847,61.752,28.311
345.020,282.088,62.867,28.791
347.369,288.019,62.400,28.555
347.155,292.673,62.579,28.649
348.189,298.053,61.834,28.238
348.926,297.975,62.819,28.769
342.689,298.128,63.325,29.159
333.544,297.241,62.238,28.754
322.786,297.920,62.596,28.785
313.531,298.917,60.981,28.035
309.493,299.883,62.558,28.624
312.393,300.083,61.460,28.171
313.247,300.683,61.414,28.158
314.508,301.885,60.730,27.885
313.205,301.119,61.463,28.121
313.918,298.846,62.058,28.445
314.178,294.601,61.360,28.138
312.900,290.521,61.670,28.316
312.336,286.126,61.330,28.092
311.934,281.932,61.352,28.087
311.563,278.301,60.615,27.633
310.872,279.062,60.793,27.703
311.135,279.986,60.963,27.871
310.660,280.987,61.163,27.969
310.116,281.191,61.443,28.147
309.406,280.962,61.470,28.114
308.037,281.351,62.082,28.476
307.696,282.494,61.335,28.064
307.860,280.606,61.896,28.327
307.228,276.666,61.212,28.104
306.955,272.043,61.490,28.200
306.563,272.607,62.487,28.659
307.072,274.840,61.168,27.904
305.899,275.303,61.640,28.198
306.042,275.880,61.416,28.168
305.513,277.410,61.958,28.383
304.738,277.267,61.810,28.275
304.648,278.618,61.391,28.114
303.806,278.597,61.759,28.336
302.415,278.463,62.360,28.596
302.297,277.437,61.730,28.282
302.666,272.543,62.273,28.525
303.059,268.407,61.156,28.063
302.314,266.510,61.521,28.112
300.316,266.757,62.789,28.813
301.134,268.443,62.983,28.801
301.084,269.338,62.257,28.459
302.294,271.796,61.912,28.286
301.160,272.082,62.721,28.723
300.655,271.309,62.786,28.749
300.998,271.134,62.448,28.567
301.245,273.756,62.582,28.588
302.090,275.505,61.722,28.255
300.978,280.833,62.300,28.502
300.820,291.356,64.160,29.218
300.547,302.706,64.309,29.350
301.187,314.182,63.955,29.163
302.757,325.617,63.002,28.808
302.245,335.917,63.112,28.762
301.655,343.775,64.088,29.327
301.867,353.919,63.793,29.046
303.314,361.390,63.009,28.727
304.500,367.004,61.879,28.269
305.994,373.165,61.416,28.070
306.326,372.881,62.228,28.642
308.153,370.886,61.675,28.251
308.362,367.964,61.127,28.051
309.148,364.574,60.790,27.824
307.788,360.602,61.778,28.358
307.773,355.422,61.169,28.043
308.112,351.982,61.744,28.331
307.602,346.757,60.692,27.925
307.464,341.557,60.913,27.996
307.137,337.293,61.325,28.173
306.443,332.976,61.419,28.090
305.714,328.316,60.275,27.810
306.254,325.075,59.854,27.517
304.418,321.285,60.809,27.879
304.293,316.128,59.787,27.354
302.816,312.327,60.110,27.507
302.373,307.968,60.694,27.991
303.028,303.436,60.090,27.593
302.993,304.315,59.358,27.242
303.106,305.756,59.201,27.156
302.090,305.967,59.821,27.467
301.954,307.023,59.469,27.293
301.722,307.910,59.607,27.337
301.622,309.705,59.608,27.367
304.419,311.692,60.464,27.782
311.447,312.212,61.652,28.211
323.580,315.094,61.284,28.183
330.434,316.870,62.027,28.556
336.907,319.376,61.337,28.247
334.907,322.035,61.718,28.406
333.071,325.073,61.848,28.445
333.219,327.114,61.503,28.259
332.239,329.982,61.328,28.204
332.003,332.122,61.589,28.345
331.245,335.507,61.608,28.317
332.492,337.637,60.539,27.757
331.733,340.204,61.261,28.220
332.036,342.728,61.838,28.476
332.269,346.188,61.708,28.407
332.673,348.568,61.198,28.140
334.000,350.657,60.671,27.827
333.599,352.123,60.600,27.857
334.067,353.952,60.216,27.661
333.874,351.577,60.749,27.900
333.699,348.096,61.220,28.184
334.753,344.113,60.922,28.022
335.800,339.469,59.576,27.414
334.888,335.642,60.560,27.873
336.188,332.156,59.624,27.473
336.285,334.149,59.397,27.304
336.982,334.395,59.560,27.383
337.264,335.654,58.912,27.012
337.264,337.008,59.419,27.288
337.944,336.764,60.396,27.806
337.258,338.108,60.869,28.010
336.592,337.225,62.235,28.656
337.241,338.191,61.519,28.391
338.353,339.822,61.118,28.049
337.601,340.101,61.831,28.407
337.557,341.233,61.283,28.237
337.475,340.743,61.991,28.562
337.723,340.799,62.945,28.935
338.417,345.764,61.638,28.287
338.740,351.175,62.858,28.746
339.290,354.997,64.308,29.372
341.210,356.771,63.955,29.289
341.472,357.262,64.208,29.381
341.052,357.598,65.789,30.088
340.574,357.216,67.852,31.016
340.565,357.183,67.237,30.740
341.563,357.565,68.203,31.197
340.685,358.507,67.696,31.050
341.583,358.941,67.821,31.005
343.734,359.693,66.954,30.691
342.304,359.315,65.959,30.276
343.487,360.369,65.394,30.033
344.173,361.592,64.348,29.487
345.131,361.766,63.489,29.158
346.290,362.714,62.376,28.678
346.637,362.048,62.003,28.543
