392.000,286.000,61.000,28.000
386.736,287.183,61.871,27.020
382.050,289.242,61.560,26.774
378.095,290.925,61.644,26.760
374.099,292.928,60.889,26.530
378.886,294.126,61.249,26.425
395.228,296.439,61.486,26.437
411.504,298.310,60.631,26.224
407.858,299.835,60.035,26.211
401.162,301.270,60.578,26.453
396.645,302.942,61.172,26.612
391.916,304.776,61.582,26.793
386.350,307.366,60.612,26.390
381.640,305.544,60.670,26.369
379.030,298.205,60.023,26.151
374.298,291.342,60.054,26.074
370.487,283.495,59.464,25.659
367.243,276.028,58.901,25.540
362.430,271.693,58.038,25.252
357.560,275.532,58.592,25.582
353.711,278.823,59.135,25.709
348.945,281.519,58.851,25.609
345.589,284.475,59.259,25.811
341.018,286.950,59.437,25.884
338.259,289.166,59.333,25.797
349.761,291.816,61.108,26.415
367.666,293.674,60.974,26.386
382.623,295.918,60.868,26.328
396.948,297.977,59.549,25.729
394.656,300.287,58.777,25.705
387.955,302.844,59.089,25.806
382.583,304.860,59.409,25.820
379.326,307.168,58.913,25.568
373.634,309.834,58.961,25.704
368.933,312.067,59.280,25.804
364.469,313.712,59.433,25.937
361.030,316.318,59.015,25.638
355.240,318.309,59.212,25.810
352.721,320.725,58.843,25.582
348.617,322.376,59.457,25.884
344.623,325.123,59.456,25.823
340.191,322.209,60.055,26.200
336.485,315.020,59.988,26.149
333.115,307.625,59.522,25.711
327.903,300.308,60.017,26.093
323.534,292.394,59.809,25.876
319.368,289.340,60.053,26.154
317.004,293.561,58.237,25.359
310.195,295.222,60.733,26.493
309.688,297.520,58.515,25.449
304.270,298.596,60.131,26.200
313.908,301.050,59.855,25.779
333.634,303.837,58.181,25.205
350.235,304.476,58.280,25.311
366.398,307.290,58.032,25.132
381.166,309.162,58.461,25.291
388.442,310.265,58.423,25.340
381.997,311.293,58.887,25.744
376.844,312.732,59.751,26.091
371.856,313.521,60.402,26.283
367.535,313.349,60.010,26.091
362.980,314.492,61.055,26.679
358.354,314.016,60.831,26.438
354.730,314.667,61.975,27.052
350.271,314.096,62.898,27.436
345.704,313.738,66.209,28.911
340.691,313.762,65.518,28.601
341.921,314.691,65.172,28.324
347.602,315.773,63.104,27.223
340.784,315.468,62.924,27.541
332.862,316.287,62.763,27.578
327.224,316.638,60.565,26.500
320.023,317.466,60.451,26.479
316.763,318.097,59.543,26.000
310.887,317.275,60.818,26.723
306.251,317.766,60.241,26.360
302.091,318.566,60.533,26.423
296.913,317.960,61.496,26.992
293.036,318.213,62.380,27.375
287.926,318.314,64.515,28.340
284.204,318.375,62.669,27.482
279.643,318.982,62.543,27.442
275.740,319.385,62.734,27.468
271.692,320.891,61.462,27.001
268.556,321.385,59.681,26.138
266.240,321.760,59.612,26.108
276.792,321.969,61.540,26.703
295.767,319.926,63.886,27.829
311.377,320.943,63.036,27.288
328.682,321.847,62.729,27.216
341.771,322.823,61.680,26.734
339.340,321.713,61.255,26.789
333.630,320.987,62.084,27.228
327.175,321.999,62.190,27.160
324.630,322.782,62.387,27.194
319.276,322.980,62.369,27.345
314.383,323.544,63.320,27.574
309.930,324.420,63.955,27.830
305.230,323.839,64.263,27.978
306.482,324.982,61.527,26.658
321.308,324.014,61.675,26.574
339.375,323.325,60.994,26.528
354.735,323.921,61.038,26.329
369.758,323.740,60.994,26.456
375.421,325.917,57.386,24.941
368.998,324.592,58.512,25.684
362.520,324.138,59.957,26.206
358.996,324.548,60.878,26.519
353.540,323.892,61.696,26.961
348.692,323.492,62.281,27.260
344.158,323.260,62.806,27.491
341.085,323.320,62.361,27.305
336.251,323.714,62.680,27.510
334.774,324.012,62.237,27.315
339.591,323.441,65.263,28.084
356.970,324.275,65.046,27.917
376.162,323.216,62.103,27.153
385.622,324.673,58.614,25.666
378.557,324.485,59.953,26.348
373.475,325.765,59.403,26.109
368.433,326.226,60.190,26.409
364.762,325.774,60.233,26.504
360.221,325.701,61.487,26.873
356.606,325.788,60.532,26.666
353.955,325.975,60.375,26.410
348.922,326.450,60.833,26.768
346.379,326.920,60.624,26.474
342.359,327.382,60.080,26.433
339.036,328.003,59.437,26.137
336.090,327.656,59.665,26.190
332.595,328.684,59.185,26.096
328.754,328.403,59.556,26.234
325.508,329.418,58.519,25.678
323.196,329.422,58.082,25.572
319.665,330.159,58.035,25.554
315.280,330.052,58.691,25.795
313.021,331.067,58.606,25.640
316.162,331.278,58.893,25.694
331.990,331.288,59.718,26.106
352.075,331.630,60.001,25.961
368.526,332.365,59.413,25.883
384.543,333.831,59.066,25.663
386.429,335.796,57.235,24.982
381.673,336.755,57.741,25.196
376.407,336.502,58.972,25.841
375.749,337.483,58.097,25.365
372.309,338.028,58.378,25.642
369.934,338.595,59.197,25.865
366.884,338.469,59.354,25.941
366.223,340.523,58.701,25.654
364.428,340.044,59.330,25.976
362.675,340.435,59.117,25.906
360.222,340.575,60.063,26.272
359.922,341.595,59.151,25.872
358.823,342.020,59.977,26.115
357.598,342.704,59.392,25.928
356.575,343.323,58.528,25.573
355.271,343.860,58.667,25.577
353.342,345.279,58.961,25.728
352.649,345.779,58.024,25.352
351.388,346.273,58.007,25.328
350.182,347.447,58.240,25.481
361.483,346.660,60.142,26.218
380.571,347.435,60.407,26.293
399.641,347.987,60.803,26.414
418.182,348.873,60.540,26.367
433.901,350.388,57.821,25.144
433.192,351.202,57.665,25.101
429.365,350.926,58.837,25.706
427.103,351.206,59.845,26.230
426.186,352.943,58.714,25.670
423.545,352.470,59.769,26.041
423.588,353.539,58.535,25.690
422.593,353.800,58.857,25.813
420.363,354.052,59.257,26.005
419.978,354.815,58.697,25.690
419.112,354.279,59.191,25.912
417.177,355.567,58.857,25.858
417.507,355.735,58.265,25.514
415.459,356.076,58.442,25.669
414.914,357.271,58.095,25.400
413.723,356.667,58.493,25.594
413.572,356.929,58.114,25.422
410.648,356.410,59.103,25.883
410.391,357.209,58.260,25.504
408.801,356.867,58.904,25.824
408.684,356.870,59.140,25.896
406.852,356.840,59.372,26.009
405.466,356.165,59.230,26.011
405.332,356.555,58.832,25.784
403.789,356.746,58.883,25.839
402.458,356.399,59.515,26.072
400.993,356.584,58.888,25.810
400.184,357.221,58.466,25.542
398.673,357.527,59.246,25.892
397.081,357.787,59.653,26.165
395.034,358.349,60.404,26.395
393.461,357.762,59.933,26.207
392.425,358.317,60.384,26.456
390.058,358.215,60.407,26.475
389.356,359.272,60.687,26.536
387.293,359.366,61.436,26.933
385.859,359.688,60.743,26.652
384.270,360.183,60.468,26.532
382.701,362.153,59.802,26.169
381.449,362.477,59.657,26.167
379.549,363.282,59.430,26.037
376.895,363.722,60.449,26.460
376.598,364.340,59.866,26.250
373.328,365.186,60.715,26.623
372.435,365.470,60.201,26.383
370.217,365.940,59.899,26.271
368.485,366.572,60.062,26.367
366.925,367.759,59.346,25.999
364.260,367.657,58.995,25.850
363.457,368.162,59.594,26.127
359.895,369.028,59.067,25.857
360.135,369.756,58.421,25.473
357.450,369.763,58.323,25.525
355.093,369.458,58.075,25.452
353.817,370.767,58.471,25.483
351.180,370.880,57.927,25.315
348.870,371.060,58.926,25.742
347.410,371.759,57.865,25.275
344.817,371.689,58.012,25.345
343.434,371.762,59.243,25.788
340.508,372.295,58.589,25.635
339.751,371.660,59.214,25.817
336.551,372.859,58.659,25.560
334.760,373.004,59.427,25.899
332.013,372.441,60.015,26.199
328.885,372.206,60.857,26.654
327.654,371.654,61.290,26.758
325.467,371.410,60.752,26.582
323.486,372.543,61.562,26.803
320.211,372.445,61.042,26.653
318.080,372.236,60.302,26.419
316.502,373.047,60.541,26.355
312.691,373.245,60.540,26.482
310.301,372.853,61.485,26.815
308.161,373.120,59.828,26.084
306.348,373.832,58.982,25.733
303.910,374.365,59.158,25.877
301.055,373.851,59.130,25.804
298.292,374.114,59.652,26.089
295.384,373.655,59.096,25.860
293.932,374.663,58.635,25.629
290.276,374.611,58.828,25.770
287.950,375.279,58.824,25.716
286.084,374.430,59.755,26.141
283.503,370.440,60.639,26.773
282.993,361.220,60.187,26.609
279.565,350.068,60.582,26.884
277.373,340.821,60.184,26.646
276.688,332.139,59.545,26.265
273.126,321.136,59.418,26.282
269.948,320.680,59.436,25.924
267.594,322.281,59.717,26.015
265.605,322.288,60.930,26.581
267.788,322.441,60.176,26.212
282.624,321.287,62.531,27.190
301.466,321.362,63.935,27.836
319.462,320.564,63.281,27.445
335.145,320.404,64.247,27.884
345.642,321.850,62.521,27.249
341.620,321.609,63.312,27.688
338.271,322.047,62.315,27.254
334.579,320.808,64.154,28.002
332.159,320.569,63.874,27.826
328.818,320.979,64.160,27.977
329.004,319.915,66.061,28.654
343.809,318.555,65.915,28.513
362.145,318.755,65.548,28.517
365.142,318.735,65.098,28.107
360.247,318.899,62.937,27.354
358.671,319.678,63.179,27.395
353.816,318.689,65.226,28.346
352.539,318.957,64.379,27.963
348.811,317.659,65.770,28.605
347.889,319.260,63.464,27.624
344.621,317.789,63.959,27.840
343.248,317.902,62.245,27.150
343.526,318.738,61.260,26.664
338.635,318.159,61.706,26.980
337.941,318.578,61.513,26.817
335.497,318.394,60.169,26.393
334.281,319.074,59.993,26.135
331.745,318.535,61.051,26.574
328.755,318.470,61.100,26.644
326.694,318.893,61.650,26.843
324.167,319.561,62.034,27.069
323.097,319.451,62.106,27.094
321.051,320.220,61.740,27.007
319.702,321.080,62.152,27.121
316.636,320.118,61.867,27.104
314.721,321.058,62.688,27.473
313.692,321.174,62.550,27.397
311.984,321.329,61.406,26.830
310.415,321.728,62.166,27.134
307.735,321.919,61.817,27.162
306.495,321.750,61.428,26.867
304.048,321.790,62.771,27.442
302.244,321.304,63.330,27.756
299.941,321.501,63.788,27.939
297.699,322.181,63.281,27.728
295.027,321.219,64.252,28.196
294.177,321.317,63.938,28.027
290.254,320.658,65.345,28.598
289.611,321.658,63.784,27.940
285.909,321.990,63.742,27.917
284.946,322.410,63.307,27.766
281.365,322.871,62.997,27.667
279.916,322.756,62.553,27.508
278.323,322.430,61.622,27.062
276.069,323.453,60.141,26.454
273.230,323.146,60.707,26.678
272.569,322.842,60.035,26.419
269.610,323.006,60.281,26.548
268.048,323.562,60.989,26.793
265.219,322.824,61.616,27.154
264.164,322.924,62.600,27.524
262.520,322.987,61.959,27.284
260.752,322.698,62.085,27.345
258.188,323.683,61.747,27.141
256.347,323.695,60.954,26.875
254.230,324.164,60.364,26.581
253.061,324.743,59.714,26.268
250.324,324.367,59.726,26.296
249.034,324.066,59.508,26.220
246.493,323.940,59.862,26.374
243.523,323.664,60.989,26.834
241.771,323.949,61.012,26.810
239.546,324.493,61.038,26.839
236.701,324.453,61.939,27.176
235.837,323.822,60.857,26.863
233.660,323.729,60.797,26.720
231.035,323.725,60.680,26.654
229.142,322.828,61.089,26.820
227.504,322.501,60.816,26.718
224.614,322.022,60.404,26.540
223.273,322.737,59.447,26.112
220.943,322.345,61.860,27.058
218.982,322.347,61.260,26.923
216.612,322.038,61.257,26.896
214.102,321.748,60.618,26.656
211.900,320.707,60.829,26.669
209.856,321.654,59.664,26.198
207.156,321.438,58.510,25.675
205.033,321.376,58.500,25.554
203.523,321.888,57.405,25.155
200.900,321.878,57.232,25.042
205.000,320.667,59.091,25.772
221.162,320.341,60.398,26.440
240.236,319.358,61.037,26.652
250.255,320.164,58.653,25.529
247.108,320.668,58.953,25.790
242.416,320.716,58.533,25.694
240.075,319.684,59.223,26.025
236.376,318.596,59.618,26.201
234.164,319.211,59.517,26.113
232.011,318.215,60.265,26.482
228.595,318.497,60.293,26.478
226.103,317.719,60.072,26.436
223.579,318.512,60.154,26.340
