0.10931206
0.12498593
0.10941124
0.07817054
0.09378219
0.09372544
0.10936022
0.10940623
0.10936427
0.09374046
0.12493610
0.07811618
0.10941005
0.07806253
0.09372520
0.09374118
0.10935521
0.10941243
0.09378004
0.07816172
0.10941529
0.09369230
0.07812166
0.10941625
0.09369731
0.09378910
0.12497687
0.10940528
0.12499261
0.09372544
0.09374046
0.09368920
0.09373903
0.09374905
0.09373784
0.10932112
0.09373355
0.09372735
0.09378219
0.09378290
0.09373689
0.12494421
0.09373546
0.10941601
0.12499475
0.10934806
0.10940552
0.12498713
0.09378409
0.12499619
0.07817268
0.10940957
0.09373355
0.10941815
0.09378290
0.09373999
0.10931873
0.12497973
0.18752670
0.10931611
0.09378266
0.09373450
0.09373999
0.09378409
0.10941648
0.10935187
0.07812500
0.10940742
0.18747783
0.09380054
0.17180991
0.10936952
0.12502480
0.09375596
0.07816958
0.10936379
0.14060903
0.10931087
0.09378791
0.09379101
0.09373426
0.20310879
0.18752813
0.09378028
0.17180800
0.09372854
0.17180753
0.09373498
0.10936499
0.10942197
0.09379244
0.15627837
0.09368467
0.09378338
0.09374118
0.07809591
0.10941052
0.10931134
0.09374475
0.09378409
0.10941172
0.09369588
0.12503052
0.09378982
0.09378338
0.10932946
0.12498713
0.09369159
0.10936403
0.10936737
0.09379268
0.10941029
0.07815766
0.09379387
0.07811594
0.12497258
0.10936332
0.07811618
0.10936546
0.10940385
0.12499642
0.10931301
0.09378886
0.10936093
0.12497640
0.12493587
0.10940933
0.12498140
0.10936642
0.07815838
0.10936618
0.12498188
0.12499833
0.10935259
0.09373951
0.10940647
0.07811737
0.10932302
0.09373927
0.07816410
0.10941148
0.10932016
0.10941195
0.12502027
0.10927582
0.10941911
0.07815456
0.09374166
0.09373951
0.10941029
0.10936189
0.09378386
0.09378052
0.10935879
0.07817745
0.12503290
0.10931730
0.09373856
0.09373474
0.10936928
0.07811785
0.18753719
0.17185259
0.09374762
0.09372306
0.12500548
0.09373975
0.12493491
0.18753457
0.10940218
0.09379840
0.07812333
0.10936165
0.10936713
0.09374070
0.09373784
0.09373546
0.09369063
0.09374070
0.10936093
0.12503004
0.17184830
0.07815647
0.10938048
0.10936427
0.10936522
0.07816792
0.09373808
0.17186069
0.17184973
0.20309281
0.17190337
0.18747377
0.17181039
0.18752551
0.18748307
0.20311213
0.17189789
0.17184925
0.17189884
0.20314956
0.18747807
0.17185903
0.18746948
0.18748188
0.18748665
0.17180204
0.18751740
0.18748045
0.18748212
0.18748522
0.18745184
0.17182970
0.18753099
0.17191505
0.18746829
0.18748236
0.20309877
0.15622807
0.17216134
0.18753600
0.18746781
0.17186785
0.17190409
0.17185497
0.18752718
0.18751359
0.17180562
0.10940504
0.10936308
0.10935593
0.09373760
0.09368825
0.17180681
0.17185712
0.17191386
0.17180562
0.17189503
0.17184567
0.17185187
0.17191863
0.18746448
0.15623164
0.10936713
0.10935569
0.10931635
0.09373045
0.15623331
0.17190170
0.17191005
0.17185926
0.17190576
0.18747091
0.10941148
0.15619016
0.17192698
0.15623164
0.18749356
0.17187715
0.17185307
0.17180133
0.17190719
0.17185068
0.17183518
0.18749261
0.17190099
0.15622783
0.15623403
0.18752718
0.12494230
0.07815838
0.10935616
0.10936546
0.09378028
0.09375048
0.07811165
0.09373808
0.18748021
0.09379411
0.17189932
0.17185807
0.17186165
0.12496614
0.09374070
0.09373951
0.09379125
0.17184043
0.09377646
0.10934973
0.09379339
0.09375429
0.12493134
0.17184997
0.18752646
0.18748355
0.17180061
0.18747044
0.17186427
0.18748450
0.20310760
0.18747401
0.20316792
0.09366918
0.09378672
0.10940671
0.09369135
0.10936236
0.20316982
0.15623689
0.17193246
0.17189813
0.17185545
0.15617895
0.10936356
0.17192554
0.17181301
0.18750906
0.17185378
0.09372473
0.09379220
0.07806849
0.09373403
0.10940838
0.09371638
0.09368443
0.10939288
0.09372282
0.07812190
0.10940456
0.10941720
0.10934925
0.18748856
0.15623498
0.17189813
0.17180991
0.17185593
0.18747735
0.15623212
0.18747950
0.18752027
0.20311451
0.17186046
0.10936069
0.09373641
0.09373808
0.09374070
0.09373450
0.09368992
0.10941768
0.09378219
0.09379315
0.14061689
0.14060235
0.10936689
0.10930729
0.10936689
0.09378862
0.07817292
0.10936379
0.09378314
0.10932136
0.09373927
0.09373927
0.10936356
0.07817292
0.09381199
0.10935903
0.10940814
0.10938954
0.09373736
0.07811522
0.10941696
0.10935736
0.09373522
0.07811642
0.10936785
0.07805514
0.10941505
0.09374094
0.09369206
0.07806087
0.10936093
0.09378386
0.12498403
0.12503028
0.07816029
0.09368253
0.09373379
0.10940838
0.09373999
0.09374166
0.09373999
0.09378886
0.12502742
0.10936213
0.09373760
0.10936975
0.09374022
0.09379220
0.10931516
0.09373951
0.09379029
0.09374523
0.09374166
0.10936594
0.09373999
0.10935807
0.09374523
0.10942388
0.09379244
0.09381938
0.10937214
0.09378195
0.09373474
0.09378171
0.07817221
0.10935163
0.10937595
0.09373808
0.09576297
0.12505198
0.10936213
0.09373403
0.09378195
0.09373999
0.09373808
0.07806540
0.10934615
0.09373546
0.09374022
0.10941696
0.09378362
0.12494445
0.09373856
0.09373355
0.09373951
0.07811022
0.10936689
0.10936379
0.10936785
0.12502956
0.09379339
0.09379911
0.09374309
0.10935640
0.12502575
0.07810807
0.10935855
0.09374046
0.12492967
0.07817364
0.10936189
0.12493086
0.09373999
0.09373093
0.09378409
0.07817769
0.10934901
0.10935926
0.09373474
0.10940742
0.12503982
0.07816505
0.09379387
0.09378314
0.10935926
0.09378648
0.12499809
0.10933757
0.09370923
0.10940027
0.09372306
0.10940814
0.10935855
0.09378910
0.09368992
0.10937762
0.10936308
0.09378743
0.07805681
0.09373975
0.09373403
0.10936332
0.10931206
0.09374404
0.07810736
0.10938954
0.09374619
0.09375286
0.09373927
0.09373903
0.10940981
0.10936594
0.09378266
0.09372330
0.09376812
0.09373593
0.10936022
0.07816839
0.10940766
0.10931134
0.09380102
0.09373856
0.07811475
0.10936403
0.09375310
0.07817483
0.10939217
0.09378171
0.07817411
0.12498617
0.12503004
0.10939240
0.09379363
0.09378386
0.09379768
0.10935235
0.09378028
0.10936594
0.10939288
0.09373593
0.09379244
0.09373713
0.09368825
0.09374595
0.09379673
0.10940528
0.10941887
0.09368348
0.09380126
0.09373999
0.09379148
0.09374857
0.12503076
0.09368420
0.07813311
0.10935402
0.10936189
0.09378290
0.07816195
0.09369636
0.09379101
0.10934591
0.10933518
0.10941029
0.09373975
0.09378386
0.09374523
0.10941029
0.09378314
0.09373546
0.09373689
0.12505460
0.09368396
0.09378266
0.09379101
0.09375668
0.09377527
0.07812023
0.09374833
0.09375095
0.09374189
0.09373665
0.07813644
0.10942626
0.10935950
0.09378386
0.09374595
0.10936117
0.07815909
0.10935211
0.09374499
0.17190456
0.17189693
0.07811999
0.12497544
0.10936260
0.10938168
0.17184567
0.21868420
0.20315123
0.12493873
0.15629005
0.10940957
0.09378433
0.17191219
0.15629101
0.18752694
0.10932159
0.10941601
0.18752217
0.09369731
0.20310616
0.09381342
0.18753147
0.09373975
0.07816839
0.09373975
0.07811713
0.10936379
0.10931492
0.10932493
0.09379697
0.10931826
0.12498546
0.07816505
0.10935068
0.14056182
0.10940671
0.09378099
0.09378529
0.12498927
0.12498522
0.10931897
0.09378576
0.09378362
0.14056468
0.09378648
0.10931563
0.10940480
0.09379172
0.10940242
0.09373355
0.10931635
0.09373951
0.10940337
0.09369993
0.07806873
0.10931110
0.09378171
0.09379268
0.09370923
0.09374261
0.09380031
0.09374094
0.10940599
0.10936141
0.10932231
0.09373951
0.10934806
0.10940886
0.10936952
0.07817221
0.10941982
0.10930252
0.09373569
0.10930586
0.07805824
0.10936356
0.09369469
0.12493372
0.09374046
0.15628958
0.07816362
0.12492824
0.10936832
0.17185545
0.17185378
0.17186594
0.17186666
0.17185712
0.17191124
0.17190409
0.17190170
0.17189264
0.17189884
0.18746948
0.17185688
0.18752384
0.17185235
0.15624452
0.17189336
0.17186952
0.17190671
0.17180181
0.18748522
0.17186165
0.17190480
0.17185020
0.18747973
0.17166185
0.17189479
0.17189837
0.17190218
0.17180419
0.17190433
0.18743300
0.17185044
0.20314837
0.17190695
0.15627146
0.17186904
0.18746448
0.18743610
0.17190409
0.15624952
0.17189860
0.15627646
0.15618682
0.17190027
0.18748522
0.17190218
0.17190266
0.17185354
0.15627480
0.17190886
0.20304680
0.17190218
0.17185903
0.17192531
0.17366290
0.17185879
0.17181039
0.18753862
0.17185044
0.17188525
0.15624046
0.17189837
0.15628457
0.15617180
0.17191458
0.18753195
0.17185593
0.17184401
0.15627408
0.15623927
0.18752789
0.17185187
0.17184925
0.17186451
0.17184877
0.15623307
0.17191648
0.17183542
0.18748808
0.15627694
0.17186499
0.18747449
0.17180443
0.15623212
0.17184663
0.17190337
0.18752789
0.17184162
0.15627909
0.15623331
0.17186141
0.20310426
0.18752313
0.18748522
0.18747520
0.17180634
0.17190862
0.17186403
0.17180967
0.20313621
0.23432136
0.15622973
0.17186093
0.17190695
0.18752050
0.17181206
0.15622950
0.17186213
0.15622759
0.18752789
0.17190099
0.17184567
0.18747902
0.15627027
0.15623569
0.18755603
0.20313025
0.18743086
0.17193699
0.20306849
0.17185402
0.17191124
0.17181158
0.18752098
0.18749022
0.18747687
0.18752623
0.18747878
0.17184901
0.15627670
0.17185664
0.17186022
0.17192554
0.18747425
0.18752837
0.17190623
0.18746972
0.17190218
0.20306826
0.15623140
0.18747592
0.17184472
0.17192888
0.17191029
0.17191887
0.17185211
0.17189598
0.17183781
0.17185903
0.15623045
0.17186189
0.15627599
0.17185116
0.17191052
0.18753457
0.17190266
0.15622234
0.17184377
0.17181563
0.18751025
0.17185688
0.20310378
0.17190218
0.15622330
0.15623355
0.17181253
0.24997425
0.17190075
0.18752360
0.17183781
0.17186379
0.15623307
0.18753529
0.20308900
0.17186046
0.17191505
0.17186236
0.17180061
0.17190313
0.18753552
0.23439336
0.23437977
0.23430395
0.25001907
0.25001597
0.26559305
0.10936761
0.12504721
0.07806730
0.10935950
0.12501931
0.07850337
0.10940504
0.09374976
0.09378147
0.09379649
0.10936594
0.10934496
0.07806563
0.09374356
0.10941553
0.12499094
0.12499428
0.07811666
0.09369183
0.07811594
0.10939813
0.09373403
0.14063048
0.07811165
0.10940409
0.10936403
0.09373116
0.09373617
0.10936642
0.09378743
0.09378076
0.09380341
0.10936236
0.09369850
0.10936975
0.10940886
0.10941434
0.09373331
0.09379911
0.10935307
0.09368515
0.09379411
0.09378171
0.07807302
0.07811666
0.10942578
0.10934186
0.12499285
0.09378242
0.09369612
0.10935283
0.09374523
0.09377646
0.07813549
0.09373951
0.10941124
0.10931945
0.10941386
0.10935640
0.09369588
0.10936832
0.09373951
0.10941410
0.07811379
0.09367943
0.10941529
0.07815790
0.10940480
0.09375930
0.09374046
0.09378290
0.12500238
0.12497759
0.10940504
0.10931993
0.10940456
0.09369016
0.07818055
0.10935688
0.09373903
0.10934567
0.10936904
0.09368777
0.09368944
0.09369469
0.10044193
0.09381533
0.09373975
0.09374523
0.10934234
0.07816076
0.09373450
0.09374213
0.07811570
0.09379268
0.09374475
0.10942245
0.09373450
0.09378600
0.12494659
0.09379554
0.10936809
0.10935235
0.12503242
0.09374213
0.09374499
0.07811666
0.12502933
0.10937595
0.09378648
0.09373927
0.09374237
0.07815981
0.10935497
0.09373808
0.09368873
0.09373665
0.10936260
0.12493563
0.10941148
0.09369183
0.10937357
0.09374094
0.10936260
0.10936260
0.09380817
0.10936308
0.10941243
0.09373903
0.09378195
0.12499642
0.10930681
0.09376407
0.09380221
0.09378123
0.09368658
0.09373951
0.09379649
0.09379530
0.07811737
0.10939813
0.07811618
0.10938787
0.09377217
0.09379745
0.10936046
0.09374523
0.09374213
0.10941339
0.09372091
0.09369707
0.10936928
0.09374094
0.09373617
0.09374046
0.10940528
0.12499452
0.09374046
