5.57749510
0.17185760
0.10940981
0.17185163
0.10936403
0.10936379
0.10935760
0.07811379
0.09374380
0.10936737
0.07812238
0.09374547
0.09374022
0.09373903
0.09374166
0.09373450
0.09383059
0.09374595
0.10935879
0.20310140
0.09371901
0.09373546
0.09374499
0.09373975
0.07816648
0.09378266
0.09369135
0.07811713
0.10942411
0.09374237
0.09373736
0.09374046
0.14061522
0.07811809
0.07811546
0.09374118
0.09374022
0.07812214
0.15622997
0.07811594
0.09373999
0.07811594
0.13327742
0.07811713
0.14061522
0.09369230
0.14056683
0.07811570
0.07811594
0.09379840
0.07811737
0.09378982
0.07811713
0.10936451
0.14066243
0.07811666
0.09373951
0.07811666
0.09374046
0.10942006
0.09374022
0.10935879
0.07811713
0.09373927
0.09374523
0.07811594
0.07811594
0.09373975
0.07811761
0.09373927
0.07811642
0.09374046
0.07811594
0.07811832
0.09373808
0.09373903
0.07811522
0.09374452
0.07811570
0.09378719
0.07817626
0.09373975
0.12498879
0.07811618
0.14061379
0.09374356
0.09373999
0.07811570
0.09379101
0.07811618
0.09373999
0.12498617
0.09373999
0.07811785
0.14061260
0.09374166
0.14060616
0.07811761
0.10940027
0.07811618
0.09379005
0.07817316
0.09373975
0.07811427
0.09373999
0.07811594
0.07817721
0.12498498
0.07811642
0.12494254
0.09379315
0.07811594
0.09369516
0.09374118
0.07811618
0.09374022
0.09374261
0.07811594
0.09374046
0.09374070
0.09374070
0.09373975
0.07811618
0.09374166
0.09374428
0.07811642
0.09374285
0.07811618
0.09369469
0.09374022
0.09373999
0.09374189
0.07811594
0.09374046
0.09374166
0.07811570
0.09374022
0.09373951
0.09373999
0.09373927
0.07811642
0.09374261
0.09373927
0.07811570
0.09374213
0.07812047
0.09373999
0.07811570
0.09373975
0.07811642
0.09374046
0.07811666
0.09373975
0.09373641
0.09374452
0.09373713
0.07811642
0.09373927
0.07811666
0.09374189
0.07811594
0.07811642
0.09374309
0.07812023
0.14060950
0.09373760
0.09379840
0.07811594
0.12494016
0.14065433
0.07811522
0.09379053
0.14060521
0.07811618
0.07811570
0.14060998
0.09373903
0.07811570
0.09374261
0.12492609
0.09373999
0.09373879
0.07816434
0.09374499
0.07812142
0.14055371
0.10936856
0.09374070
0.07811618
0.09374404
0.09374046
0.07812119
0.09374213
0.07811642
0.07811618
0.10936522
0.09374094
0.09373951
0.07812262
0.09379268
0.07811618
0.09374189
0.07811594
0.09374046
0.09373999
0.09373999
0.07811618
0.09374309
0.09373999
0.14060950
0.07811499
0.09373975
0.14060879
0.07807398
0.09373999
0.07811642
0.09373999
0.07811618
0.14060569
0.09373951
0.07812166
0.09374189
0.07811594
0.10936975
0.09374332
0.07812238
0.09374094
0.07811737
0.07811594
0.09374046
0.09373927
0.09373951
0.07811594
0.09373975
0.07817221
0.07811689
0.09373903
0.07811689
0.09374046
0.07811570
0.07811594
0.09374070
0.09374046
0.09373975
0.07811594
0.09373927
0.07811666
0.09374022
0.07811785
0.07811570
0.09377146
0.14060211
0.07811737
0.09374046
0.09378815
0.07811642
0.09374094
0.08062792
0.09190845
0.07811570
0.07811761
0.14055848
0.14060354
0.09374046
0.09379148
0.07811499
0.09373760
0.14060521
0.07811618
0.09374499
0.12503219
0.07807088
0.09374189
0.14060879
0.10941362
0.07817817
0.09373999
0.07811618
0.10936475
0.10930276
0.07811666
0.09374022
0.14062119
0.14060497
0.09374523
0.07811642
0.07811618
0.09374332
0.07812142
0.09378743
0.07811689
0.09374332
0.07811594
0.09374666
0.07811570
0.09373927
0.09374499
0.07811570
0.07817483
0.09373713
0.07812095
0.09372783
0.07811666
0.09373999
0.07811666
0.10936880
0.09374070
0.09373999
0.09374428
0.09379220
0.09373903
0.07811093
0.09373927
0.07811642
0.09373975
0.07811809
0.09373951
0.07811928
0.14061117
0.07811642
0.09369373
0.07817173
0.09374428
0.07811570
0.14061069
0.07811618
0.09373927
0.09373927
0.09374046
0.07811761
0.09379506
0.07806039
0.09378672
0.07811594
0.09374237
0.17185521
0.23434997
0.15623236
0.17186213
0.15623856
0.17185545
0.23439431
0.12503958
0.09374213
0.12498093
0.09374142
0.14061570
0.07811618
0.09373999
0.14064240
0.09373403
0.07816052
0.09373951
0.07811642
0.07811666
0.09373760
0.09373975
0.09373856
0.07811594
0.07811570
0.09374452
0.07811618
0.09378695
0.14064240
0.07811642
0.07811594
0.09373975
0.09373498
0.09374022
0.07812524
0.09374142
0.07811666
0.09374142
0.09373951
0.07811618
0.09374070
0.10941029
0.07811999
0.09373903
0.09373975
0.07811666
0.09381270
0.07811618
0.14052892
0.14056396
0.10935688
0.07811642
0.09379387
0.09374261
0.14066362
0.12501335
0.09374070
0.07811594
0.09374285
0.07811689
0.09373975
0.07811618
0.09374380
0.07811117
0.09373999
0.07811666
0.09373903
0.07812238
0.09373999
0.09373021
0.09374094
0.07811618
0.09373951
0.07811594
0.09373927
0.09374166
0.07811642
0.14061499
0.07818198
0.09368324
0.09373975
0.07816958
0.09373951
0.07811904
0.10941505
0.09373927
0.14056134
0.07812142
0.09374142
0.07812238
0.09379363
0.07811689
0.09373903
0.07811785
0.09374070
0.07811785
0.10936332
0.07811689
0.09373808
0.09374166
0.09378767
0.07811618
0.09378695
0.07811689
0.09374166
0.09374166
0.07811642
0.09369469
0.09369349
0.09373808
0.09373999
0.12504435
0.07811689
0.07817197
0.09379268
0.07812071
0.07811618
0.09374070
0.07811594
0.09379268
0.09373426
0.07811594
0.21873045
0.15623260
0.15623760
0.15623283
0.15623164
0.21872616
0.21877313
0.15623951
0.15623212
0.15623212
0.09373856
0.15623760
0.17185831
0.15623331
0.15623736
0.18748379
0.15623188
0.18752718
0.15623307
0.15623903
0.17190170
0.20316362
0.21876454
0.20310140
0.15623426
0.17185616
0.15623283
0.15623188
0.18748450
0.15623736
0.17188764
0.18741298
0.15627885
0.21878910
0.15663314
0.15623140
0.07811570
0.23434877
0.10936809
0.09373546
0.15623903
0.10940909
0.15628457
0.15623331
0.15623355
0.15623260
0.15623760
0.15623879
0.17185450
0.18753505
0.15623236
0.15623283
0.17185712
0.15623307
0.15623379
0.20310211
0.15623403
0.15623283
0.15623355
0.20310926
0.15623260
0.15623188
0.15623355
0.15623236
0.15623093
0.17185569
0.15623856
0.15623832
0.15623188
0.20306110
0.15623903
0.17186427
0.15623164
0.15623260
0.15623283
0.15628338
0.15623713
0.17185211
0.17224908
0.16792321
0.15947413
0.15978789
0.15244460
0.15628004
0.15623331
0.09374261
0.15623164
0.09380174
0.15623236
0.07812214
0.15623164
0.09378910
0.15623260
0.07812166
0.09374046
0.07811618
0.09379935
0.09373951
0.07811642
0.09379959
0.09373975
0.07816434
0.09379339
0.07811809
0.09365296
0.09373975
0.09374142
0.09373999
0.07811880
0.09374142
0.09373927
0.07811570
0.09378695
0.09373951
0.07811832
0.09374166
0.09373975
0.09374166
0.17185783
0.15623331
0.17185640
0.15623736
0.15623045
0.15623236
0.15623355
0.09374547
0.15629673
0.17180514
0.15623617
0.15623212
0.15623236
0.18748021
0.15623260
0.15623856
0.17185616
0.18752980
0.15623236
0.17185473
0.17185640
0.17186165
0.15623236
0.15623856
0.15623331
0.15618968
0.17191291
0.17186165
0.15627337
0.07811642
0.09380245
0.07811570
0.09374022
0.07811570
0.09374046
0.07812214
0.14061022
0.09374046
0.09378934
0.12504506
0.07812190
0.09374022
0.07811761
0.09374094
0.07811618
0.09374213
0.12503171
0.09374070
0.07811737
0.14061093
0.09373927
0.12551451
0.07811642
0.09374166
0.07817340
0.09373951
0.07811618
0.09373474
0.09374046
0.09374070
0.09373903
0.07811642
0.14061189
0.14061522
0.09374166
0.07811761
0.10128713
0.13899994
0.09200287
0.09099865
0.08699965
0.08499646
0.09108925
0.08794999
0.11599660
0.09700012
0.08695054
0.08599973
0.08400059
0.14299488
0.09000325
0.12000084
0.08700109
0.08599901
0.10793710
0.08800006
0.08500004
0.11599994
0.12799978
0.09200382
0.14100003
0.08700395
0.08599687
0.10294604
0.08908534
0.08405495
0.13500023
0.12304544
0.08912563
0.11499882
0.12900400
0.08799982
0.13700342
0.08901072
0.08599591
0.13499713
0.08600426
0.08600330
0.08871317
0.09199905
0.09000015
0.08742905
0.08799767
0.08999753
0.08595419
0.08699656
0.08905840
0.08599973
0.08594656
0.08800173
0.09100199
0.08900166
0.09200001
0.08599591
0.08500028
0.08800340
0.10500002
0.08800364
0.08699965
0.08500338
0.09128976
0.08500004
0.09100080
0.09000063
0.08700013
0.08705711
0.08996916
0.09799981
0.08599901
0.08599925
0.08700323
0.12199998
0.08699679
0.09100032
0.09099817
0.08700442
0.08700013
0.14199924
0.13888836
0.13300204
0.08728218
0.08500028
0.08800292
0.09194970
0.09199619
0.09100223
0.08699608
0.08699608
0.14506483
0.08499837
0.08699894
0.08700347
0.08599997
0.08600068
0.11700034
0.09099960
0.08600307
0.08895111
0.08699942
0.08599925
0.13478971
0.09379077
0.07816148
0.09373546
0.12493086
0.09373569
0.14060354
0.09380603
0.07811689
0.09368348
0.07811975
0.09369278
0.07805967
0.09372973
0.07812214
0.09374642
0.09369373
0.09378457
0.17185020
0.07816863
0.15630794
0.17185879
0.15623045
0.07806635
0.17185688
0.20315051
0.15623689
0.15622258
0.09374428
0.17184329
0.15621471
0.15618181
0.17186117
0.15629816
0.15623188
0.15618372
0.15617847
0.15623760
0.20314598
0.20310736
0.15627933
0.17179632
0.15623689
0.17189574
0.15624785
0.20304728
0.15625954
0.17184711
0.15617418
0.15622640
0.15619135
0.17181063
0.15628505
0.15623236
0.15623283
0.17186928
0.21867895
0.23440886
0.26561213
0.28121901
0.23435116
0.24993038
0.28121448
0.15618372
0.15623641
0.22545290
0.17193222
0.18741679
0.17190480
0.17180896
0.15628314
0.17184448
0.15619111
0.17183757
0.15623999
0.15627575
0.15623045
0.17192268
0.15618992
0.17180419
0.17179394
0.15628266
0.15623879
0.17180705
0.17185831
0.15623307
0.17185569
0.15629148
0.15623331
0.17183518
0.15623403
0.15619516
0.21867704
0.21879506
0.15616632
0.17184925
0.17190123
0.17183566
0.15617466
0.21877933
0.20309949
0.17190480
0.17180419
0.15623212
0.15618515
0.17192292
0.21872663
0.15623569
0.07810307
0.09369397
0.14056134
0.15623045
0.15618110
0.15623283
0.07805943
0.15623283
0.17180514
0.15627861
0.15623116
0.21871734
0.15617609
0.15617466
0.21877360
0.15624475
0.15617204
0.17185998
0.15623260
0.17185521
0.20303440
0.15622282
0.15622401
0.17180133
0.15627742
0.20317769
0.15618443
0.09375262
0.15618229
0.14060593
0.15618014
0.21872139
0.14055848
0.15618110
0.15628576
0.15618229
0.15618443
0.18752670
0.15627885
0.15618420
0.15622830
0.21869993
0.18754435
0.17184329
0.15623116
0.15623522
0.17185974
0.15660858
0.15622640
0.17180920
0.18741465
0.15628290
0.15618539
0.15620661
0.17183495
0.15623450
0.20310068
0.17191291
0.15617681
0.15628839
0.15625882
0.15618491
0.17185640
0.15628457
0.15623212
0.15619063
0.15628290
0.17184448
0.15618539
0.17189646
0.15618563
0.15622401
0.15623498
0.15627623
0.17185903
0.15618420
0.17191148
0.15627766
0.15618491
0.15622330
0.15618968
0.15618134
0.17188764
0.15623116
0.15623260
0.18752623
0.21871710
0.21866894
0.09373951
0.18747902
0.15623403
0.15623093
0.15624142
0.15629482
0.17180610
0.17189622
0.20310497
0.17182302
0.15617657
0.15616918
0.17183805
0.20310473
0.20315695
0.15623474
0.15621972
0.15623832
0.17180037
0.17185664
0.18754101
0.15618277
0.15624833
0.15618420
0.15623188
0.17185473
0.15623450
0.15627909
0.20309901
0.15621758
0.23439169
0.15628767
0.21870899
0.15625763
0.15622592
0.15617752
0.09373617
0.09378362
0.07806993
0.09372473
0.09368658
0.12504792
0.07811284
0.09368467
0.07813048
0.14055562
0.09373689
0.07811880
0.12499142
0.09373546
0.10936260
0.09373999
0.09374022
0.14055991
0.07810473
0.09378433
0.10937881
0.09374380
0.07813287
