0.09373426
0.07816434
0.09373879
0.07812309
0.09373569
0.07816815
0.09369636
0.07816124
0.09373879
0.07812738
0.12498188
0.09368300
0.07816625
0.09373307
0.09417844
0.09372926
0.07812881
0.12498474
0.07810783
0.09375381
0.07808971
0.09369779
0.09373999
0.07817030
0.09368587
0.07809687
0.09369445
0.07812166
0.09368300
0.09372997
0.09373546
0.07811308
0.09375715
0.09369230
0.09374022
0.07816863
0.09373069
0.09374166
0.09373522
0.07811189
0.10929537
0.09380960
0.09374738
0.10935736
0.15623665
0.09379530
0.10927820
0.09373522
0.09370828
0.09379458
0.10941339
0.09374642
0.12494254
0.07816148
0.09368014
0.09380126
0.09375119
0.09376073
0.10936141
0.10937476
0.14060450
0.09368777
0.10942221
0.12497354
0.07806969
0.12502861
0.10936379
0.07817078
0.09379911
0.10935426
0.09374380
0.09374213
0.10935450
0.10935497
0.09369612
0.10941648
0.09374666
0.09367251
0.09372258
0.07804561
0.09367061
0.10936356
0.09378409
0.10936904
0.10936141
0.07812071
0.09412670
0.09373498
0.09367371
0.07817364
0.10935450
0.09374285
0.09369707
0.07816505
0.12503076
0.10931635
0.09373665
0.09379458
0.07817340
0.10930109
0.09379482
0.10931635
0.09373617
0.09379601
0.10935593
0.09377789
0.09373784
0.10936379
0.10941005
0.09373069
0.09376264
0.09368253
0.07817268
0.10936236
0.09373879
0.09368968
0.09373784
0.09368706
0.09374261
0.10940313
0.09375501
0.09376240
0.10928893
0.10935974
0.09373546
0.09368205
0.10936499
0.10941577
0.09374022
0.09373355
0.09378600
0.10936308
0.12498236
0.12503695
0.09373879
0.09370613
0.09373355
0.10940528
0.09375095
0.10936165
0.10987163
0.10941887
0.13713384
0.09400272
0.09700108
0.09700108
0.09670281
0.15315366
0.09699512
0.09100008
0.08999968
0.08999634
0.08899999
0.08700442
0.08500385
0.08700180
0.08699989
0.08699965
0.08799958
0.09399986
0.13500381
0.08900332
0.08695197
0.08699965
0.08499980
0.08594871
0.08900023
0.08699989
0.08899975
0.09101272
0.14299870
0.09006119
0.08799934
0.08599973
0.08700013
0.08800292
0.08825731
0.12710738
0.08900261
0.08600211
0.08799911
0.09300184
0.09000349
0.14299917
0.08799958
0.08599591
0.08900881
0.10199642
0.08999872
0.08599997
0.08792639
0.09099603
0.08899975
0.08799934
0.09700394
0.08800220
0.08700085
0.08999968
0.09011674
0.08400106
0.08899951
0.08699989
0.08699989
0.09400010
0.09000206
0.08600163
0.10700631
0.08500028
0.10299706
0.08900023
0.08799767
0.08599973
0.08700013
0.12590909
0.09400105
0.14224577
0.08799982
0.08899975
0.10800242
0.08959317
0.09300375
0.08700109
0.08599997
0.09299660
0.09100127
0.09006882
0.08714032
0.08794141
0.09099984
0.08762145
0.08595157
0.08706903
0.08700061
0.08500218
0.08699965
0.08999562
0.10299993
0.08799911
0.08899927
0.08804965
0.08600402
0.08994889
0.08700013
0.08699989
0.08698797
0.14199901
0.09199882
0.09000039
0.09004736
0.08639526
0.08600044
0.14204907
0.08500028
0.08600235
0.08800030
0.11100030
0.08699536
0.09300041
0.08900404
0.08646965
0.14008212
0.08895350
0.08600140
0.08700299
0.08600068
0.13800073
0.08699965
0.14399648
0.08899975
0.08799648
0.08800054
0.08599973
0.08600402
0.10983157
0.08593702
0.08500028
0.09199953
0.11095309
0.09400034
0.09000087
0.08900285
0.08999991
0.08699703
0.08700132
0.12800074
0.08794188
0.08599973
0.08747864
0.08894849
0.08900046
0.09099603
0.13900352
0.08700132
0.10499763
0.08500004
0.08700037
0.08500004
0.08899999
0.08699942
0.08500004
0.09199858
0.09000039
0.08900356
0.08700061
0.08600044
0.08594251
0.08799958
0.08599758
0.08500361
0.08693933
0.08800054
0.09300399
0.10499883
0.09000111
0.09093761
0.14393139
0.09045410
0.08999968
0.09099913
0.08656716
0.08600187
0.08894706
0.08800077
0.09099698
0.09100366
0.08900046
0.08600330
0.08600044
0.08699608
0.08399987
0.08714533
0.08699989
0.08699989
0.08700132
0.08699799
0.09195399
0.09100437
0.08600354
0.08500004
0.08700228
0.08599949
0.08700585
0.13999987
0.08499956
0.08500409
0.08600378
0.09099603
0.09000015
0.08999848
0.12800407
0.08699989
0.13994098
0.08800602
0.08699894
0.08695722
0.08600307
0.08985901
0.09099579
0.09099913
0.08800006
0.08600044
0.08900023
0.08800054
0.08599949
0.08800006
0.08600307
0.13899946
0.08499980
0.08999801
0.09000015
0.09500051
0.08599615
0.08799815
0.08738565
0.08599949
0.08700180
0.08066487
0.07811928
0.09374094
0.14057255
0.09374070
0.09374142
0.09374070
0.09373546
0.09374595
0.09374118
0.14061046
0.12498641
0.14060950
0.10936141
0.09374547
0.09374022
0.10938096
0.14066243
0.10935688
0.12498569
0.09374046
0.09374619
0.10941696
0.09374094
0.10936904
0.10939813
0.07812595
0.10936999
0.10936332
0.10936880
0.10936618
0.09373426
0.09374738
0.09374785
0.09374499
0.10936737
0.09379292
0.09374642
0.10936856
0.10936308
0.09379244
0.12498140
0.07816601
0.09374571
0.09374452
0.09373498
0.10936332
0.10936141
0.07811236
0.10936356
0.10936856
0.12498713
0.09374571
0.10941100
0.10931706
0.09374166
0.10936809
0.07811522
0.10936403
0.10936594
0.10941982
0.09368467
0.10936880
0.10935903
0.09374166
0.09374380
0.09373951
0.10941648
0.10931206
0.09378767
0.07811666
0.10933113
0.09374642
0.09373641
0.09374046
0.09374166
0.10936856
0.09374142
0.09374714
0.09374189
0.09378815
0.09374785
0.10936809
0.10935712
0.07812023
0.10936403
0.10936141
0.07812214
0.10936832
0.09374571
0.10935783
0.10936952
0.12498546
0.10935950
0.09374619
0.09373879
0.10936189
0.09373927
0.11872959
0.09374619
0.09373426
0.09374213
0.12503338
0.07812262
0.10935712
0.09374642
0.09374094
0.10936356
0.07812190
0.09373927
0.14058304
0.09373522
0.09374118
0.09380794
0.10936451
0.10935855
0.10936141
0.09373569
0.09373975
0.09374022
0.09374619
0.09374189
0.10936761
0.09374714
0.10936499
0.09374428
0.09374523
0.07812238
0.09373951
0.10936403
0.09379196
0.10935736
0.07811761
0.09375954
0.09373927
0.10936666
0.10940790
0.09382463
0.09380841
0.10936379
0.09374905
0.10936284
0.10936999
0.07811570
0.10941768
0.14059830
0.09374523
0.09378862
0.09374523
0.09373450
0.09372854
0.10941386
0.12499905
0.10930371
0.10940576
0.10936952
0.07812119
0.09374022
0.09374142
0.09373927
0.09373927
0.10936522
0.07816362
0.10936356
0.10935807
0.09373569
0.10936236
0.09373927
0.09368086
0.09378982
0.09373951
0.09374046
0.10936356
0.09374595
0.09374070
0.09373999
0.09374595
0.12498832
0.09379697
0.07821107
0.09374261
0.09373999
0.07811975
0.09374142
0.07811856
0.14061427
0.09374452
0.07811594
0.09374118
0.07811618
0.14066625
0.09374213
0.09374022
0.07811618
0.09373951
0.07811856
0.09374022
0.07811880
0.09374380
0.07811666
0.09373951
0.07811546
0.09378743
0.09374046
0.09373951
0.07811594
0.07812071
0.07812214
0.09374189
0.07811809
0.09379196
0.07812071
0.09378910
0.07811642
0.09373999
0.09373927
0.07811689
0.09379816
0.09374166
0.07812285
0.09374022
0.09380817
0.12503695
0.07811618
0.09379077
0.14061093
0.07812071
0.09372950
0.10931516
0.14060950
0.12493038
0.07804918
0.09379339
0.09374070
0.07811522
0.10936356
0.10936856
0.10940671
0.07811618
0.10630465
0.09874487
0.13037539
0.08493996
0.08847427
0.08973718
0.09060502
0.09413409
0.14060903
0.07811856
0.12498713
0.07811642
0.09375024
0.07811522
0.09373903
0.07815099
0.09379220
0.09374022
0.07811570
0.09373999
0.14055610
0.07811618
0.10931110
0.09374022
0.07812166
0.09379768
0.07812929
0.10936499
0.09373951
0.09374046
0.09373975
0.09373951
0.07811809
0.15623689
0.07811642
0.07811594
0.12504768
0.07811570
0.09374475
0.09373951
0.09374475
0.07811522
0.09373951
0.07816648
0.09374213
0.07811618
0.09374452
0.15622902
0.14060998
0.09374046
0.09374118
0.14060926
0.09374118
0.07812238
0.10941052
0.07806540
0.09374499
0.09374022
0.15623188
0.15623355
0.09373975
0.09375095
0.07811570
0.09374142
0.09374642
0.09374642
0.09373951
0.11009169
0.10716486
0.09380007
0.10936570
0.09374094
0.10936952
0.09374046
0.09374046
0.10936904
0.09380817
0.07812071
0.09374571
0.09374523
0.09374404
0.10936499
0.09374070
0.10936332
0.10936356
0.09374523
0.10936356
0.09376168
0.12544322
0.13204646
0.10900044
0.09699559
0.13800073
0.13400126
0.10799694
0.11199617
0.09200001
0.09000039
0.09299397
0.09886026
0.09199953
0.08840275
0.08900142
0.09399962
0.09300041
0.11399865
0.09618664
0.09399533
0.11799741
0.09128475
0.09899974
0.10301161
0.09599972
0.08900356
0.09500051
0.09899664
0.09799981
0.10399628
0.08799958
0.08500028
0.08899879
0.08500075
0.09047270
0.08800054
0.10893464
0.09400034
0.08998942
0.09000063
0.09085655
0.08999991
0.11401033
0.09618831
0.08799648
0.08999944
0.09384537
0.09101009
0.10299873
0.09400153
0.08999825
0.09799528
0.09899926
0.09599996
0.10100389
0.09600067
0.08500051
0.08800197
0.11661482
0.11299586
0.09900045
0.09399986
0.08599663
0.08995366
0.09135556
0.09706783
0.09521294
0.09480309
0.09200048
0.08627701
0.08795524
0.09400082
0.08813477
0.09487939
0.09515166
0.09439230
0.09565520
0.09727573
0.08399892
0.09294248
0.09514093
0.09299874
0.08999085
0.13523722
0.09667277
0.09299636
0.08719850
0.08399630
0.10402346
0.08500004
0.09300351
0.09100223
0.09299994
0.09104228
0.09567642
0.09714842
0.08500051
0.09348965
0.09509468
0.09800482
0.10206437
0.09800005
0.09800100
0.10700202
0.09200168
0.09600139
0.09714341
0.09366107
0.11383247
0.11009383
0.09686542
0.09800005
0.09799576
0.10464764
0.09810948
0.08800006
0.10566282
0.11135769
0.08699799
0.08999562
0.09413767
0.09656549
0.09700036
0.08800340
0.09800029
0.09399939
0.09299755
0.10517597
0.09637094
0.09695911
0.10300016
0.09700060
0.10200095
0.09299850
0.12514615
0.09604955
0.08499622
0.15199637
0.09900212
0.09105468
0.10003209
0.08400083
0.08899951
0.11838055
0.09723234
0.09400177
0.09706664
0.11399913
0.09213448
0.09099746
0.08799958
0.09626865
0.08995390
0.08899570
0.09319091
0.09478116
0.09638023
0.12199640
0.10119677
0.10099936
0.09917450
0.13438058
0.10100293
0.13300014
0.10208631
0.11100101
0.09100747
0.10129523
0.12704206
0.08899641
0.08800054
0.08899570
0.08999610
0.12700176
0.09538269
0.08600092
0.09000015
0.11299634
0.08699989
0.08800030
0.11199570
0.08800364
0.12499928
0.08799624
0.10299969
0.08999658
0.09801960
0.09200072
0.09499598
0.09825301
0.09300041
0.09000015
0.09699821
0.10091662
0.09200144
0.10046554
0.08899784
0.10484934
0.09618211
0.08499694
0.08899999
0.09907937
0.09299636
0.09887075
0.09599948
0.11600041
0.09699750
0.09149098
0.09205437
0.08999944
0.09700346
0.09299970
0.09799671
0.13100290
0.09499955
0.08899713
0.09000182
0.08799624
0.12901521
0.08799624
0.08599997
0.08899570
0.09500003
0.09500384
0.09766603
0.08399773
0.08895111
0.09304905
0.11549950
0.09077382
0.09394836
0.09374666
0.09373832
0.10936880
0.11144686
0.08164978
0.10676193
0.10550165
0.10560131
0.09696603
0.10497212
0.10644531
0.07590771
0.10936832
0.07816887
0.10293078
0.10342431
0.10644269
0.11330914
0.09557796
0.10183120
0.09469748
0.08995557
0.09495831
0.11068034
0.10280538
0.10070062
0.10472465
0.10931969
0.10936356
0.11168361
0.09740138
0.09800029
0.08458614
0.09992290
0.09299946
0.09600139
0.09699464
0.10300398
0.08799648
0.11300397
0.09114099
0.09610653
0.09299612
0.09400201
0.09799981
0.09200025
0.10325050
0.08806539
0.08800244
0.09715462
0.09300041
0.11300325
0.08684373
0.09373403
0.12503266
0.10932183
0.12503862
0.07817888
0.09373569
0.10940981
0.14061308
0.10942984
0.09373784
0.12499118
0.12505078
0.10929704
