0.07811713
0.12493896
0.07811427
0.15628791
0.07817030
0.09375691
0.09369278
0.15618420
0.07810760
0.09373951
0.12498140
0.10931087
0.09373879
0.09374619
0.09376550
0.07816148
0.09373999
0.07810855
0.09369826
0.07811451
0.09374714
0.14066124
0.09373832
0.09373713
0.09374261
0.09368801
0.09374022
0.10936284
0.12498879
0.18747687
0.12499857
0.12498617
0.09373307
0.09373999
0.10941219
0.12498617
0.10937619
0.10930204
0.09379792
0.10941482
0.07816839
0.10941458
0.10936785
0.09368348
0.09374428
0.12504959
0.09377933
0.09369302
0.09373045
0.09374213
0.09372115
0.09375048
0.10935855
0.12493730
0.09369206
0.09374523
0.09379482
0.12498617
0.07812071
0.09373927
0.09374332
0.09373116
0.10936737
0.09375238
0.09374142
0.09373665
0.10949326
0.07811093
0.10940909
0.09373021
0.12499237
0.09373569
0.09373569
0.09373546
0.09371328
0.10937834
0.09373593
0.09373856
0.10936403
0.07817578
0.10936761
0.09368110
0.07811737
0.10938525
0.10934806
0.10936069
0.09375000
0.12492442
0.09373522
0.10942388
0.07811308
0.10941839
0.10930395
0.10935330
0.09378099
0.09372735
0.09374452
0.10930395
0.09369230
0.09373450
0.07811141
0.10936117
0.10936260
0.07805681
0.12498164
0.12498617
0.10936999
0.10933685
0.10931778
0.09373689
0.10936117
0.09368038
0.09373665
0.10931635
0.09377408
0.09369183
0.12498808
0.09369135
0.09378743
0.09367967
0.09373879
0.09378338
0.09378982
0.10936403
0.10934353
0.10936975
0.09580946
0.10935354
0.07817769
0.10940838
0.10931945
0.09374404
0.10940647
0.10936856
0.10931587
0.07817364
0.10936236
0.09374166
0.09368777
0.12498212
0.09373450
0.09373784
0.10935473
0.09373856
0.10936356
0.09375143
0.12496352
0.09378147
0.09373355
0.09380054
0.09367561
0.09368157
0.09374571
0.09374380
0.07816553
0.09374571
0.12497425
0.09379363
0.09368682
0.10941195
0.10936260
0.09374547
0.10935831
0.09373474
0.09378743
0.10941458
0.12498736
0.09378004
0.10936117
0.10936666
0.09374762
0.10934091
0.10936356
0.09376144
0.10929871
0.09378219
0.07807016
0.10937119
0.09372854
0.10940933
0.12498498
0.12498188
0.09373426
0.10936737
0.09373689
0.10941386
0.09368491
0.09373569
0.10936713
0.09379983
0.07811689
0.10941458
0.07817435
0.10936403
0.10936379
0.09373546
0.10936093
0.07811904
0.10936069
0.09372544
0.10936308
0.10932064
0.09373975
0.10940886
0.10935783
0.09369826
0.10940528
0.07811260
0.10934329
0.10936832
0.10938358
0.07815623
0.10934091
0.07812023
0.09374046
0.09373975
0.10936737
0.10935807
0.12498665
0.10936141
0.10935044
0.09374046
0.09373641
0.09374142
0.07817650
0.10931134
0.09373832
0.09378314
0.09374332
0.09378767
0.07813120
0.09373474
0.09374619
0.10936403
0.09374022
0.10936499
0.09373641
0.12498021
0.12498593
0.09373808
0.09374070
0.09373975
0.09372687
0.14059424
0.07812142
0.09373736
0.09369111
0.07812119
0.09365320
0.10937190
0.09372902
0.07806134
0.09374762
0.07811689
0.09369278
0.07811356
0.09374332
0.09369040
0.12498546
0.14060974
0.07811308
0.09373975
0.07811069
0.09374356
0.07817125
0.09374046
0.10936522
0.07816863
0.09368873
0.09374428
0.07816434
0.09368587
0.07812572
0.09379435
0.09369254
0.07810998
0.09368992
0.07811785
0.09374738
0.09368968
0.07811689
0.09374070
0.09366751
0.09373641
0.07818222
0.09366179
0.09372520
0.07817817
0.14056039
0.09380579
0.09366298
0.09366846
0.14061594
0.09378338
0.07808995
0.09374619
0.07812214
0.09372902
0.07811165
0.09369230
0.14056182
0.09373808
0.09379554
0.09373975
0.07811594
0.09373999
0.09374094
0.09374118
0.09373784
0.09373975
0.09373975
0.10936069
0.09374022
0.07811594
0.09373569
0.09373903
0.09373903
0.09373736
0.07811522
0.09373903
0.09373975
0.09373927
0.09373856
0.09373903
0.09373856
0.09373975
0.09373951
0.14060855
0.09373999
0.09374785
0.09373879
0.12498713
0.10936308
0.09374094
0.10936427
0.07811546
0.09373832
0.09373975
0.14060974
0.09373879
0.09374046
0.09373975
0.09374189
0.09374046
0.09373927
0.09374070
0.09373951
0.07811570
0.09373999
0.09373999
0.09374547
0.09374022
0.09373808
0.09373879
0.07811594
0.09373856
0.09374022
0.10936236
0.10936284
0.09373999
0.09374046
0.09373927
0.15623307
0.09374070
0.07816386
0.09373164
0.09378481
0.07812142
0.09368777
0.09373856
0.07816052
0.07812071
0.09374356
0.09368992
0.10935879
0.14056635
0.07816815
0.14056301
0.09369445
0.07811904
0.07810473
0.09373403
0.12494326
0.14061260
0.09373927
0.07813692
0.09374714
0.07811689
0.09368944
0.14055276
0.07812595
0.09373593
0.09372973
0.09369183
0.07811570
0.09373665
0.09373713
0.09374380
0.09377170
0.07806087
0.09376144
0.07812214
0.09367609
0.07812810
0.09369135
0.09373426
0.09378934
0.07811594
0.09373379
0.14055991
0.07812381
0.09379005
0.09374404
0.07815909
0.15617895
0.14061093
0.07816029
0.10931301
0.12498426
0.07816720
0.09373879
0.07812142
0.09369755
0.07811618
0.09378505
0.09368730
0.09373975
0.07811809
0.09369206
0.07816029
0.09368706
0.07807469
0.09371185
0.09369254
0.07811189
0.09373331
0.09368467
0.09373927
0.09381533
0.12492752
0.14060521
0.09377527
0.07812381
0.09374046
0.09376955
0.07812262
0.09378910
0.09368014
0.09379339
0.07811761
0.09376311
0.12499738
0.09372902
0.07812142
0.09369397
0.14055777
0.14060998
0.09373546
0.07812715
0.07810402
0.07811451
0.09376049
0.09370089
0.07816386
0.09374785
0.07816219
0.09368515
0.09373498
0.09368682
0.09374475
0.07816982
0.09375143
0.09369326
0.09373713
0.09371996
0.07817197
0.09374762
0.17185926
0.17180991
0.31246567
0.29689407
0.31246448
0.31246996
0.29680085
0.29684234
0.31240726
0.31249499
0.35938859
0.29683876
0.31246877
0.29683709
0.31251311
0.29679656
