193	281	14	12
193	281	14	12
195	282	14	12
199	282	14	12
200	282	13	11
203	281	13	11
205	281	14	12
207	280	13	11
211	281	13	11
212	282	14	12
215	281	13	11
218	282	13	11
219	281	14	12
222	281	13	11
225	282	13	11
226	281	13	11
227	281	13	11
218	282	13	11
208	282	13	11
198	282	13	11
189	281	13	11
179	281	13	11
170	282	13	11
162	282	13	11
151	282	13	11
141	281	13	11
133	281	13	11
125	282	14	12
123	281	15	12
130	280	14	12
133	280	14	12
135	281	14	12
139	281	14	12
142	281	13	11
144	281	13	11
147	282	12	10
148	282	12	10
151	281	12	11
155	283	12	10
158	282	12	10
159	282	11	10
162	281	11	10
164	282	11	10
167	281	11	10
169	281	11	10
171	281	12	10
172	282	12	10
175	281	12	10
178	281	12	10
178	280	12	10
181	281	12	10
184	281	12	10
186	281	12	10
187	280	12	10
190	280	12	10
193	280	11	10
195	280	11	10
198	281	11	10
199	280	11	10
202	279	11	10
204	279	11	10
207	279	11	10
202	279	12	10
190	280	12	10
182	280	12	10
172	279	12	10
162	280	13	11
152	280	13	11
143	279	13	11
133	279	13	11
124	280	13	11
115	280	13	11
110	279	13	11
116	280	13	11
121	279	13	11
121	279	13	11
123	278	13	11
127	279	13	11
130	278	13	11
132	278	13	11
135	277	12	11
135	278	13	11
138	278	13	11
141	277	13	11
144	278	13	11
145	277	12	11
147	278	12	10
150	279	12	10
153	279	11	10
155	278	11	10
158	277	11	10
159	277	11	10
161	277	11	10
164	278	11	10
166	278	11	10
165	278	11	10
155	278	12	10
144	279	12	10
134	278	12	10
126	278	13	11
115	277	13	11
108	277	13	11
110	277	13	11
117	276	13	11
119	277	13	11
120	278	13	11
123	277	13	11
125	277	13	11
126	276	14	12
129	277	14	12
131	276	14	12
134	276	15	12
136	276	15	12
138	276	15	12
142	275	15	13
152	275	15	13
168	275	15	13
180	275	15	13
190	276	15	13
198	275	14	12
203	276	15	13
204	274	16	13
204	274	15	13
206	275	15	13
209	275	16	14
211	274	15	13
207	275	15	12
196	275	15	13
185	274	16	13
179	274	15	13
168	274	16	13
160	274	16	14
150	274	16	14
148	274	16	14
157	273	16	14
161	273	16	14
161	273	16	13
164	273	15	13
168	274	15	13
169	274	15	13
172	272	16	13
173	272	15	13
177	274	15	12
177	272	14	12
181	274	15	13
183	274	16	13
185	274	16	13
187	273	15	13
189	273	15	13
192	273	15	13
194	274	15	13
197	273	15	13
198	274	15	13
200	274	15	13
202	274	16	13
206	273	15	13
208	274	15	13
209	274	16	13
210	274	16	14
212	273	15	13
216	273	15	13
219	275	15	12
221	273	14	12
222	273	15	13
226	274	15	12
227	274	15	13
230	274	15	13
233	274	15	13
233	274	16	13
235	274	16	14
232	274	16	14
221	274	16	14
212	273	16	14
203	273	16	14
193	273	16	14
184	274	16	14
175	275	16	14
165	274	16	14
157	274	16	14
154	274	16	14
160	274	16	14
164	274	17	14
165	273	16	14
168	275	16	14
172	274	15	13
174	274	16	13
175	275	16	14
177	274	15	13
181	273	16	13
184	273	15	13
186	273	15	13
187	273	16	13
188	273	16	14
189	273	15	13
181	273	16	14
171	274	16	14
162	273	16	14
153	274	16	13
143	273	16	14
132	274	16	14
123	273	16	14
122	273	16	14
131	273	16	14
134	273	16	13
134	274	16	14
138	275	16	13
142	275	15	13
144	274	15	13
146	273	15	13
148	274	15	13
151	273	14	12
152	275	14	12
155	275	14	12
157	274	14	12
160	275	14	12
162	274	14	12
164	275	15	12
166	273	14	12
168	273	14	12
171	274	14	12
173	273	15	13
175	273	14	12
177	273	14	12
178	273	14	12
182	273	15	12
184	274	14	12
185	273	14	12
187	273	14	12
187	274	14	12
175	273	15	12
167	273	15	12
158	273	15	13
147	273	16	13
138	274	16	13
129	274	15	13
124	274	15	13
129	274	15	13
135	273	15	13
134	274	16	13
137	274	15	13
141	272	15	13
144	273	15	12
146	274	15	13
148	274	15	13
151	273	15	13
153	272	14	12
155	273	14	12
158	273	13	11
161	272	13	11
162	272	13	11
165	273	14	12
165	273	15	12
168	274	15	12
170	272	14	12
174	273	14	12
175	274	14	12
177	273	14	12
180	273	15	12
181	273	14	12
184	273	13	11
186	274	13	11
188	277	14	12
190	284	14	12
192	289	14	12
194	295	14	12
198	301	14	12
200	306	14	12
203	312	14	12
204	318	14	12
207	323	15	12
208	329	15	13
210	331	15	13
213	332	15	13
216	330	15	12
217	329	15	12
220	330	14	12
222	328	14	12
224	330	14	12
227	329	13	11
228	328	13	11
230	329	14	12
232	329	14	12
236	328	13	11
235	329	14	12
223	329	15	12
213	330	15	12
204	328	14	12
194	329	14	12
185	330	14	12
176	330	15	12
167	329	14	12
157	329	15	12
147	330	15	12
137	331	15	12
133	330	15	12
140	330	15	12
146	330	14	12
145	330	15	12
147	331	15	12
151	330	14	12
153	331	15	12
156	329	14	12
157	331	14	12
159	330	15	12
161	329	15	12
165	330	14	12
166	330	13	11
169	330	14	12
170	329	14	12
173	330	13	11
175	330	13	11
177	329	13	11
180	329	13	11
183	330	12	11
183	330	13	11
186	330	13	11
188	330	13	11
191	330	13	11
193	330	12	11
195	331	13	11
197	330	13	11
198	329	13	11
200	330	13	11
201	331	14	12
204	331	14	12
208	330	13	11
209	330	14	12
210	331	14	12
213	330	13	11
214	331	13	11
217	331	13	11
219	329	13	11
222	330	13	11
223	330	13	11
226	329	13	11
228	330	13	11
231	330	13	11
232	329	12	11
233	329	12	11
235	329	12	11
237	329	13	11
241	329	13	11
242	330	13	11
244	330	13	11
245	329	13	11
246	330	13	11
250	331	13	11
253	331	13	11
255	332	12	10
256	330	12	11
257	330	13	11
260	330	13	11
262	330	13	11
264	330	13	11
267	331	12	11
267	331	13	11
270	331	13	11
272	330	13	11
274	331	13	11
276	331	13	11
277	331	13	11
280	331	13	11
282	329	13	11
284	329	13	11
287	330	13	11
288	331	13	11
291	330	12	11
292	330	12	11
294	330	13	11
296	331	12	10
297	330	12	10
300	331	12	11
303	330	12	11
304	330	12	11
305	330	12	11
307	330	13	11
309	331	13	11
312	331	13	11
314	331	13	11
315	330	13	11
317	331	12	11
319	331	13	11
322	330	13	11
325	331	13	11
325	331	13	11
326	330	12	11
329	331	12	11
333	332	12	10
335	331	12	10
333	332	12	10
321	332	13	11
311	332	13	11
301	332	13	11
293	331	13	11
282	332	13	11
272	332	13	11
263	332	13	11
253	332	13	11
242	332	13	11
233	332	13	11
223	333	13	11
223	333	13	11
231	332	13	11
233	332	12	11
234	333	13	11
237	333	13	11
238	333	13	11
241	332	13	11
243	333	13	11
245	333	13	11
247	332	13	11
249	333	12	11
252	334	12	10
254	333	12	11
254	333	13	11
257	332	12	11
259	332	12	10
261	333	12	11
263	332	12	10
266	332	12	10
266	333	12	10
267	332	12	11
270	332	13	11
272	332	12	11
274	331	13	11
275	331	13	11
276	332	13	11
279	330	13	11
282	324	13	11
283	318	14	12
284	314	14	12
287	312	13	11
290	306	13	11
290	300	12	11
294	296	12	10
295	290	13	11
296	284	13	11
298	280	13	11
299	272	13	11
302	268	13	11
304	262	13	11
306	257	13	11
308	251	13	11
309	245	13	11
312	240	13	11
313	233	13	11
316	228	13	11
318	223	13	11
320	218	13	11
321	212	13	11
322	204	14	12
325	200	13	11
328	194	13	11
328	188	13	11
331	183	13	11
332	177	13	11
335	171	13	11
335	171	13	11
338	171	13	11
341	172	13	11
343	174	12	11
343	173	13	11
346	173	13	11
348	174	13	11
351	173	12	11
350	175	13	11
339	175	13	11
329	175	13	11
320	175	13	11
311	174	13	11
301	175	14	12
291	174	15	12
280	174	15	12
270	174	15	12
260	174	15	12
250	175	15	12
242	175	15	12
231	176	15	12
222	174	14	12
212	174	15	12
202	175	15	12
193	175	15	12
183	174	15	13
175	175	15	12
180	175	15	12
186	175	14	12
187	175	14	12
190	175	14	12
192	175	14	12
193	175	14	12
195	176	14	12
198	174	14	12
199	176	14	12
201	176	14	12
203	175	14	12
205	175	15	12
206	176	14	12
210	175	14	12
210	176	14	12
214	176	14	12
214	176	15	12
216	175	15	12
204	176	15	12
195	176	15	12
186	176	15	12
176	177	15	12
165	176	15	12
160	175	14	12
163	177	14	12
168	176	15	12
170	176	15	12
172	176	14	12
176	175	14	12
177	175	14	12
178	176	14	12
181	175	15	12
183	177	14	12
186	177	15	12
187	176	14	12
188	176	14	12
190	175	13	11
193	176	14	12
196	176	14	12
198	175	13	11
199	176	13	11
200	176	14	12
201	176	14	12
193	176	14	12
183	175	15	12
173	175	15	12
164	175	15	12
154	175	15	13
144	174	16	13
134	174	16	13
125	175	16	13
114	176	16	14
103	175	16	14
93	174	17	14
85	175	17	15
80	175	17	14
85	175	16	14
90	174	16	14
91	174	17	14
93	175	16	14
97	174	16	13
98	174	15	13
100	175	15	13
102	175	16	14
104	174	16	14
107	175	16	14
108	174	16	14
109	174	16	14
112	175	16	14
114	175	15	13
117	175	15	13
118	175	15	13
121	175	15	13
123	175	16	14
125	174	15	13
128	174	15	12
129	174	15	13
131	174	16	14
131	173	16	14
135	174	16	13
138	174	15	13
140	174	15	13
140	173	15	13
142	174	15	12
145	174	14	12
148	175	15	12
150	182	14	12
150	187	14	12
151	190	14	12
155	193	14	12
157	198	15	13
160	204	14	12
161	209	14	12
163	215	15	13
165	219	15	13
168	225	15	13
171	231	15	12
172	235	15	13
173	241	14	12
175	246	14	12
178	252	15	12
180	257	15	13
182	263	15	13
184	268	15	12
185	273	14	12
188	279	15	13
190	284	15	13
193	290	15	13
194	296	15	13
195	296	16	14
198	296	16	14
201	295	16	14
203	294	16	13
204	293	15	13
207	293	14	12
208	293	15	12
211	294	15	13
214	293	15	12
216	293	14	12
217	291	14	12
218	285	15	12
222	281	15	13
223	277	15	12
226	273	14	12
227	267	14	12
230	262	13	11
233	258	13	11
235	252	13	11
237	247	13	11
238	241	13	11
240	237	13	11
241	236	13	11
244	237	13	11
247	237	13	11
247	238	13	11
250	239	13	11
253	239	13	11
255	238	13	11
257	239	13	11
258	239	13	11
260	238	13	11
263	239	13	11
266	240	13	11
267	239	13	11
268	239	13	11
271	238	13	11
273	239	13	11
275	238	13	11
276	239	13	11
279	239	13	11
280	238	13	11
282	238	13	11
285	238	13	11
287	238	14	12
288	238	13	11
289	238	13	11
292	239	13	11
293	238	13	11
293	238	13	11
295	238	14	12
294	237	13	11
295	237	13	11
296	237	14	12
298	238	14	12
297	237	13	11
298	238	13	11
299	238	14	12
300	236	14	12
300	238	14	12
299	237	14	12
300	238	14	12
300	238	13	11
301	238	13	11
302	237	13	11
302	238	13	11
302	239	13	11
301	238	13	11
302	237	14	12
302	237	13	11
302	237	13	11
302	238	14	12
301	238	14	12
301	239	14	12
302	238	15	12
302	238	14	12
302	237	13	11
301	237	13	11
301	237	13	11
301	237	14	12
301	237	14	12
301	238	13	11
301	239	13	11
302	238	13	11
302	238	13	11
301	237	13	11
302	238	13	11
302	239	13	11
301	239	13	11
303	239	13	11
302	239	13	11
301	238	13	11
301	238	13	11
302	238	14	12
302	239	14	12
301	240	14	12
302	240	14	12
302	240	14	12
301	240	15	12
301	240	14	12
301	241	15	12
300	239	14	12
300	239	14	12
301	241	13	11
302	241	14	12
301	240	13	11
301	241	13	11
300	241	13	11
300	240	13	11
301	240	14	12
302	241	14	12
301	241	13	11
300	242	14	12
300	241	14	12
300	241	13	11
301	241	13	11
302	242	13	11
302	242	12	10
301	241	13	11
300	242	13	11
300	242	13	11
300	242	14	12
299	242	13	11
299	242	14	12
299	242	14	12
301	242	14	12
300	242	15	12
301	242	14	12
300	242	14	12
301	242	14	12
300	242	14	12
300	243	14	12
299	243	14	12
299	242	14	12
300	242	13	11
301	242	14	12
300	243	14	12
299	243	14	12
300	243	13	11
300	242	14	12
301	242	14	12
300	242	14	12
300	243	13	11
300	244	13	11
299	243	13	11
300	243	13	11
301	244	13	11
300	244	14	12
300	244	14	12
301	244	13	11
301	245	13	11
301	245	14	12
301	244	13	11
300	244	14	12
300	245	14	12
302	245	13	11
302	244	14	12
301	246	14	12
