176	262	12	14
184	261	12	14
192	261	12	14
201	260	12	15
211	260	13	15
221	260	13	15
230	260	12	15
240	259	13	15
249	259	12	14
258	260	12	14
261	261	12	15
236	261	13	15
209	261	14	16
181	262	14	17
153	262	15	17
124	262	15	18
96	261	16	19
71	261	17	19
76	261	16	19
97	260	17	19
109	260	17	20
112	260	17	19
121	261	16	19
130	261	15	18
138	260	15	18
148	259	15	18
157	261	15	17
166	261	14	17
176	260	14	16
184	260	14	16
194	260	14	16
204	259	14	16
213	260	13	16
223	259	13	15
232	258	13	16
241	258	13	16
248	258	13	16
225	260	14	16
197	259	14	17
171	259	15	17
142	259	15	18
115	259	16	19
87	260	17	19
59	259	17	20
38	259	17	20
47	258	17	20
71	260	18	21
78	258	17	20
82	260	17	19
94	259	17	20
101	259	17	20
109	259	17	20
119	260	17	19
129	260	17	19
138	260	16	19
148	260	16	18
157	258	15	18
167	258	15	18
176	259	14	17
185	259	14	16
195	259	14	16
203	258	13	16
213	258	14	16
222	258	14	17
233	257	14	16
242	257	14	17
251	258	14	17
259	258	14	17
270	257	14	17
279	257	14	16
288	257	13	16
298	257	14	16
302	260	14	16
274	259	14	17
246	259	15	17
221	258	15	18
192	260	16	19
164	260	17	19
134	258	17	20
126	258	17	19
144	258	17	20
163	256	18	21
164	256	17	20
170	257	17	20
183	256	17	20
191	258	16	19
198	256	17	19
207	256	17	20
217	256	16	19
225	256	16	18
234	255	15	18
244	255	16	18
254	254	16	19
262	253	17	20
271	255	16	19
280	254	17	20
284	254	17	20
254	253	18	21
225	253	19	22
198	253	20	23
169	255	20	24
142	254	21	25
116	254	20	24
105	254	20	23
120	254	20	23
143	254	20	23
145	255	19	22
150	255	18	22
162	255	18	21
172	256	17	20
177	255	18	21
188	256	17	20
197	255	17	20
205	256	16	19
213	255	17	20
223	254	17	20
231	255	17	20
240	254	18	21
229	253	18	22
197	253	19	22
171	254	20	23
142	254	21	24
114	254	22	25
87	253	22	26
58	254	23	27
36	255	22	26
38	257	21	25
59	258	21	25
74	258	22	26
75	259	22	25
83	262	21	24
94	266	20	23
102	267	20	24
109	270	20	24
118	272	20	23
126	276	19	22
135	278	19	22
144	282	18	21
152	285	17	20
162	287	17	20
169	290	18	21
178	293	17	20
186	295	17	20
196	297	17	20
198	302	17	19
168	303	17	20
140	306	18	21
112	308	19	22
83	310	20	23
68	314	19	22
80	316	20	23
103	318	19	22
106	321	18	22
110	324	18	21
121	328	17	20
129	331	17	20
137	334	17	19
145	337	17	20
152	340	18	21
161	343	18	21
170	346	18	21
178	348	17	20
187	352	17	20
197	355	17	19
203	356	17	20
213	352	17	20
221	334	18	21
230	320	18	21
237	306	18	21
248	293	18	22
255	296	19	22
264	300	19	22
273	304	19	22
282	296	18	22
291	277	19	22
299	262	20	23
307	247	20	24
315	231	21	25
324	215	22	25
334	200	21	25
342	184	21	25
350	172	21	25
360	178	22	26
370	180	21	25
378	184	21	24
388	186	20	23
396	188	20	23
406	191	19	22
410	195	18	22
380	197	19	22
352	201	20	23
326	204	20	23
298	207	20	24
271	208	21	25
265	211	20	24
282	216	20	23
287	217	21	24
252	220	22	25
228	222	22	26
214	224	21	25
224	228	20	24
245	229	21	25
252	233	20	24
232	237	20	23
202	239	21	24
182	242	20	23
189	245	19	22
210	246	20	23
220	250	19	22
225	252	18	22
215	256	18	22
183	259	19	22
167	263	18	22
175	264	19	22
198	268	20	23
178	271	20	24
148	275	20	23
127	278	19	22
122	282	18	22
138	284	19	22
158	287	20	23
161	290	19	22
168	292	18	22
180	295	19	22
189	298	18	22
197	301	18	21
208	300	17	20
216	282	18	21
224	268	18	22
235	254	18	22
244	257	19	22
254	267	19	22
264	269	18	21
273	273	17	20
284	276	17	19
293	278	17	19
297	282	16	19
269	284	17	19
240	287	17	20
216	288	18	21
215	292	17	20
235	294	18	21
225	299	17	20
191	301	18	21
168	304	18	21
140	307	19	22
112	310	20	23
102	312	19	22
116	315	19	22
138	318	20	23
142	319	19	22
150	324	18	22
161	325	19	22
170	330	18	22
179	333	18	21
189	334	18	21
197	338	17	20
207	340	16	19
217	342	17	20
227	346	16	19
221	348	17	19
190	349	17	20
164	352	18	21
149	355	17	20
159	358	17	20
182	361	18	21
187	362	18	22
193	365	18	21
203	369	17	20
211	372	17	20
188	375	18	21
158	378	18	22
149	380	18	21
164	384	18	22
185	385	19	22
189	389	18	22
195	391	18	22
206	391	18	21
214	376	18	22
223	360	19	22
233	349	19	22
244	355	18	22
253	357	18	21
263	348	17	20
272	331	18	21
282	316	18	22
291	319	19	22
301	323	19	22
311	323	19	22
320	309	20	23
329	293	20	24
338	286	20	23
349	291	19	22
359	293	18	21
368	285	18	21
378	267	18	21
386	253	19	22
396	236	20	23
406	231	19	22
416	235	19	22
425	236	19	22
434	239	19	22
418	242	19	22
388	245	19	22
363	249	19	22
335	252	20	23
328	254	19	22
334	257	19	22
346	256	20	23
363	263	20	23
338	267	19	22
310	268	20	23
289	271	20	24
293	273	20	24
313	274	21	25
326	277	21	24
327	281	20	23
306	282	21	24
307	286	20	23
327	287	21	24
345	290	21	24
346	293	21	24
353	296	20	23
337	299	20	24
308	301	21	25
282	302	22	26
255	306	23	27
229	309	23	26
200	313	23	26
176	316	22	25
150	318	23	26
125	319	23	27
131	322	23	26
154	324	22	26
165	324	21	25
169	325	20	24
180	327	20	24
189	328	20	23
199	329	19	22
209	329	18	21
216	329	19	22
228	330	18	21
238	330	17	20
247	329	18	21
257	329	17	20
254	330	18	21
223	330	18	22
197	329	19	22
171	328	20	23
142	327	21	24
116	327	22	25
89	327	22	26
73	327	21	25
84	328	20	24
108	328	20	24
114	328	20	23
121	329	19	22
133	328	19	22
143	330	18	21
151	329	17	20
162	331	17	19
170	330	17	20
180	329	17	20
190	329	18	21
199	327	18	21
208	327	17	20
219	326	17	20
216	327	18	21
186	325	18	22
158	325	19	22
134	324	20	23
127	324	19	22
143	324	20	23
163	323	20	23
166	324	19	22
174	323	18	21
185	323	18	22
193	323	18	21
202	324	18	21
212	323	18	21
222	323	17	20
231	325	17	19
241	324	17	20
248	325	17	20
258	324	17	20
269	325	17	20
279	324	17	20
288	326	17	19
298	324	17	20
307	325	17	20
316	326	17	20
327	325	18	21
334	327	17	20
310	327	18	21
280	326	18	22
254	326	19	22
225	326	20	23
200	326	20	24
181	326	20	23
190	326	20	24
212	327	21	25
220	327	20	24
224	327	20	23
236	328	19	22
244	327	19	22
253	330	18	21
263	329	17	20
272	331	17	20
281	331	17	20
291	331	17	19
298	331	17	20
308	331	17	20
317	331	18	21
325	331	18	21
337	332	18	21
346	332	18	21
355	334	18	21
364	333	17	20
371	334	17	20
345	335	18	21
316	334	19	22
292	334	20	23
268	335	20	24
272	335	20	23
295	335	20	24
307	335	20	23
310	335	19	22
321	336	18	21
318	336	19	22
285	336	20	23
259	335	20	24
241	335	20	23
251	336	20	23
274	334	20	24
279	334	20	23
283	334	20	24
273	335	21	24
242	335	22	25
218	334	23	26
214	334	22	25
231	334	21	25
251	335	20	24
255	336	20	23
252	337	19	22
223	335	20	23
195	335	20	24
175	335	20	23
180	336	19	22
203	335	20	23
215	336	19	22
218	336	18	22
229	336	18	21
211	337	19	22
180	336	20	23
152	335	20	24
125	335	21	25
108	335	20	24
117	336	20	23
139	334	20	24
148	334	20	23
152	334	19	22
152	336	18	21
122	334	19	22
94	334	20	23
69	333	20	24
40	333	21	24
19	335	20	23
22	335	20	23
45	334	20	24
55	335	20	23
59	335	19	22
68	335	19	22
78	336	18	22
86	337	18	21
97	338	18	21
104	337	18	22
112	338	18	21
95	337	18	22
64	337	19	22
41	337	20	23
40	337	19	22
60	336	20	23
72	335	20	24
76	336	20	23
88	336	19	22
96	335	19	22
104	337	18	22
113	337	18	21
123	335	17	20
133	336	18	21
142	337	17	20
150	335	18	21
159	335	17	20
168	336	17	19
178	335	17	20
188	336	17	20
196	335	18	21
204	336	17	20
214	336	18	21
224	335	18	22
234	336	18	21
