243	225	16	12
243	224	16	12
244	224	16	12
245	224	16	12
244	226	16	12
243	225	17	12
245	225	16	12
247	225	16	12
247	225	16	12
246	225	16	12
248	225	16	12
247	225	16	12
249	225	15	11
249	225	15	11
250	226	15	11
250	226	16	12
251	227	16	12
252	226	15	11
251	226	16	12
253	226	16	12
253	227	16	12
253	227	16	12
253	227	16	12
255	228	16	12
254	229	16	12
255	228	16	12
255	229	16	12
257	229	15	11
258	229	15	11
258	231	15	11
258	229	15	11
260	230	15	11
259	231	14	10
260	231	14	10
261	230	14	11
260	230	15	11
262	231	15	11
261	231	15	11
261	230	15	11
263	230	15	11
263	231	15	11
263	231	15	11
264	231	15	11
265	231	15	11
265	232	15	11
266	232	14	11
266	233	15	11
266	233	14	11
268	233	15	11
269	233	15	11
268	234	15	11
268	234	15	11
270	233	16	12
270	234	16	12
269	235	16	12
270	233	17	12
271	235	17	12
271	234	16	12
270	235	17	12
271	235	18	13
272	235	18	13
273	235	18	13
273	235	18	13
274	236	18	13
274	235	17	12
275	236	16	12
275	236	16	12
275	236	16	12
277	236	15	11
277	236	15	11
278	237	15	11
279	237	15	11
279	236	15	11
280	237	15	11
280	238	15	11
282	239	15	11
281	237	15	11
281	237	16	12
283	238	15	11
283	239	15	11
283	240	15	11
283	239	16	12
283	240	16	12
284	240	16	12
285	239	16	12
286	240	16	12
286	241	16	12
286	241	15	11
287	240	15	11
288	240	15	11
289	241	15	11
288	242	15	11
288	242	15	11
288	242	15	11
288	240	15	11
289	240	16	12
291	241	15	11
290	242	16	12
292	242	16	12
292	240	16	12
292	241	16	12
293	242	16	12
293	241	15	11
294	241	16	12
294	242	16	12
293	243	16	12
294	241	17	12
295	243	17	12
295	242	16	12
297	243	16	12
297	243	16	12
296	243	16	12
298	243	16	12
298	243	16	12
298	244	15	11
298	244	16	12
300	244	16	12
300	244	16	12
299	244	16	12
301	244	16	12
300	243	17	12
301	244	16	12
301	242	17	12
302	243	16	12
302	243	17	12
303	244	16	12
304	243	15	11
304	244	15	11
305	244	16	12
305	243	16	12
305	243	16	12
305	243	16	12
306	243	16	12
307	244	15	11
308	244	15	11
309	244	15	11
308	246	15	11
309	245	15	11
310	245	14	10
311	246	15	11
310	246	15	11
310	245	15	11
311	247	15	11
311	245	14	11
311	247	15	11
313	245	15	11
312	246	14	10
313	245	14	11
312	246	14	11
315	247	15	11
313	246	14	11
315	247	14	10
315	245	14	11
315	246	15	11
315	246	15	11
316	245	15	11
317	247	15	11
317	245	15	11
316	246	15	11
318	246	15	11
319	246	15	11
318	246	15	11
320	248	15	11
319	247	14	10
320	246	14	10
320	248	14	10
321	248	14	10
322	248	14	10
322	247	13	10
322	248	13	10
322	247	13	10
324	248	14	10
324	248	14	10
323	247	13	10
324	248	13	10
325	249	13	10
325	249	13	10
325	248	13	10
327	248	13	10
326	247	13	10
327	248	13	10
327	248	13	10
327	247	13	10
327	248	13	10
327	247	13	10
328	248	13	10
329	248	13	10
330	247	13	10
330	247	13	10
331	248	13	10
331	249	13	10
331	249	13	10
333	248	13	10
332	249	13	10
333	248	13	10
333	249	13	10
333	250	13	10
334	250	13	10
333	250	13	10
333	249	13	10
334	249	13	10
334	249	13	10
335	249	14	10
334	249	14	10
335	249	15	11
334	250	15	11
334	250	15	11
335	249	15	11
337	249	14	11
337	249	14	10
337	250	13	10
338	249	14	10
338	250	14	10
337	250	14	11
337	250	15	11
338	250	15	11
339	250	15	11
340	251	14	10
340	250	14	10
341	251	13	10
341	252	13	10
341	253	14	10
342	251	13	10
343	252	14	10
343	252	14	11
343	254	15	11
342	253	15	11
344	253	15	11
345	253	15	11
345	253	15	11
344	252	15	11
344	252	15	11
345	252	14	11
346	254	14	10
347	253	14	10
348	252	14	10
348	253	15	11
348	252	14	10
348	252	15	11
348	253	15	11
349	253	15	11
349	252	15	11
349	252	15	11
350	252	15	11
350	252	15	11
350	254	15	11
351	254	15	11
351	252	14	10
352	254	14	10
352	252	14	10
353	254	13	10
354	253	14	10
354	254	14	10
355	254	13	10
355	254	14	10
357	254	13	10
355	254	13	10
356	254	13	10
357	254	13	10
357	254	14	10
357	255	14	10
357	253	14	10
358	255	15	11
357	253	14	10
358	255	15	11
360	253	14	10
360	255	15	11
359	254	15	11
359	253	14	10
361	255	14	10
361	253	14	10
362	255	14	10
361	254	14	10
361	255	15	11
363	254	14	10
363	256	15	11
363	254	14	10
363	256	14	10
363	255	14	11
364	257	14	10
364	255	14	11
365	257	15	11
365	255	14	10
366	257	15	11
367	255	14	10
367	257	14	10
368	255	13	10
368	257	14	10
369	255	13	10
368	257	14	10
368	255	13	10
369	256	14	10
370	256	13	10
370	255	14	10
369	255	15	11
369	256	15	11
370	255	15	11
371	254	14	11
372	255	14	11
372	255	15	11
372	255	15	11
372	256	15	11
373	256	15	11
373	256	15	11
372	256	15	11
373	255	15	11
375	255	15	11
374	256	15	11
375	255	15	11
375	255	15	11
375	256	15	11
376	256	16	12
377	256	15	11
376	256	16	12
375	255	16	12
377	256	15	11
378	256	16	12
379	255	16	12
379	257	15	11
378	257	15	11
379	256	15	11
380	257	15	11
381	256	15	11
382	256	15	11
383	257	15	11
381	255	15	11
383	257	15	11
385	256	15	11
384	256	15	11
387	257	15	11
386	257	14	11
387	257	14	11
388	257	15	11
388	256	15	11
389	257	15	11
391	256	15	11
391	256	15	11
390	256	16	12
391	257	16	12
391	257	17	13
392	256	17	12
395	257	16	12
396	258	15	11
396	258	15	11
396	257	15	11
398	258	14	11
398	257	15	11
399	257	15	11
399	257	15	11
400	256	15	11
400	256	15	11
401	255	16	12
402	255	16	12
402	255	16	12
403	256	16	12
404	256	15	11
404	256	16	12
404	256	15	11
405	257	15	11
405	255	15	11
407	256	15	11
406	257	14	11
407	256	15	11
407	256	15	11
407	256	15	11
407	257	15	11
408	257	15	11
409	257	14	11
408	255	15	11
408	256	15	11
408	256	16	12
409	256	15	11
408	255	15	11
408	255	15	11
408	255	15	11
408	255	15	11
408	256	15	11
408	255	15	11
409	255	14	11
409	255	15	11
409	256	15	11
409	256	15	11
408	254	16	12
409	254	16	12
408	255	16	12
408	255	15	11
409	256	15	11
409	257	15	11
408	258	15	11
408	257	14	11
407	257	15	11
408	258	14	11
407	259	14	11
409	260	15	11
407	260	14	11
408	259	14	11
408	260	14	10
408	261	14	11
407	261	14	11
406	261	15	11
406	262	14	11
405	261	15	11
406	263	15	11
405	262	15	11
406	263	15	11
406	263	15	11
404	263	14	11
404	262	15	11
403	263	15	11
402	264	16	12
402	264	16	12
403	264	16	12
403	264	15	11
401	264	15	11
401	265	15	11
401	266	15	11
401	266	15	11
401	267	15	11
399	268	15	11
400	269	15	11
399	269	15	11
399	269	15	11
399	270	15	11
398	272	15	11
398	270	15	11
398	271	15	11
396	271	16	12
396	273	16	12
395	273	15	11
395	273	16	12
395	274	16	12
393	273	16	12
393	274	16	12
392	276	15	11
392	276	15	11
392	276	15	11
392	276	15	11
391	276	15	11
389	277	15	11
389	276	15	11
390	277	15	11
389	279	15	11
389	278	14	11
388	279	15	11
387	279	15	11
387	280	16	12
387	280	16	12
386	280	15	11
384	281	15	11
385	281	15	11
383	283	15	11
383	282	15	11
382	283	16	12
381	284	15	11
381	283	15	11
381	283	15	11
380	284	15	11
380	285	15	11
379	285	15	11
379	285	15	11
377	286	15	11
377	286	15	11
376	285	14	11
377	286	15	11
376	286	15	11
375	286	15	11
374	287	15	11
373	287	15	11
373	288	15	11
373	287	14	10
372	287	13	10
372	287	14	10
370	289	14	10
369	288	15	11
369	289	15	11
368	290	15	11
368	290	15	11
367	290	15	11
366	290	15	11
366	291	15	11
365	292	15	11
366	292	15	11
364	292	15	11
364	291	14	11
362	291	14	11
364	292	14	10
363	293	14	10
361	292	13	10
361	291	13	10
360	291	13	10
360	292	14	10
359	290	14	10
359	292	15	11
357	290	15	11
358	292	15	11
357	290	14	11
356	291	15	11
357	291	15	11
356	290	15	11
354	290	15	11
354	291	15	11
354	290	14	10
354	292	15	11
352	290	14	11
353	291	14	10
351	292	13	10
351	292	14	10
350	290	14	10
349	292	15	11
349	290	14	10
349	292	14	10
349	291	13	10
348	291	13	10
347	291	13	10
347	290	14	10
347	290	14	11
346	289	14	10
346	289	14	10
344	288	14	10
344	288	13	10
344	288	13	10
343	287	13	10
344	287	13	10
344	287	13	10
343	287	14	10
342	287	14	10
341	286	14	10
341	286	14	11
338	286	15	11
339	286	15	11
338	285	15	11
338	285	16	12
337	285	15	11
337	286	15	11
335	286	16	12
335	285	16	12
334	283	17	13
334	283	16	12
334	283	16	12
332	284	16	12
333	282	15	11
332	282	15	11
330	282	15	11
330	281	15	11
331	281	15	11
330	281	15	11
330	280	15	11
330	280	15	11
327	279	15	11
328	279	14	10
327	279	14	11
327	277	14	10
327	279	14	10
325	277	14	11
326	277	15	11
325	278	15	11
324	278	15	11
324	277	15	11
323	277	15	11
322	277	15	11
322	276	15	11
321	276	14	11
321	276	15	11
321	277	15	11
320	276	15	11
319	276	15	11
319	276	15	11
318	277	15	11
318	276	14	11
317	276	15	11
317	274	15	11
316	275	15	11
316	275	15	11
316	273	15	11
316	273	15	11
315	272	15	11
315	272	15	11
314	272	15	11
313	271	15	11
313	272	15	11
313	271	15	11
312	272	14	10
311	271	14	11
312	271	15	11
310	272	15	11
310	272	15	11
309	271	15	11
308	270	15	11
309	270	15	11
319	270	15	11
329	269	16	12
339	269	16	12
347	270	17	13
347	269	16	12
344	270	16	12
345	269	15	11
343	269	15	11
343	270	15	11
341	269	16	12
340	268	16	12
341	269	15	11
340	268	15	11
340	268	14	11
338	267	14	11
339	266	14	10
338	268	15	11
336	265	14	11
342	266	15	11
352	266	15	11
360	265	16	12
357	265	16	12
355	266	16	12
355	266	15	11
353	265	16	12
353	267	15	11
352	266	15	11
352	267	15	11
351	266	15	11
350	265	15	11
350	266	15	11
349	267	15	11
348	266	16	12
355	267	15	11
366	266	16	12
377	265	16	12
386	265	16	12
383	266	16	12
381	266	16	12
381	266	15	11
379	264	15	11
380	265	15	11
379	265	15	11
377	264	15	11
377	264	15	11
376	264	15	11
377	264	15	11
375	264	14	11
380	264	15	11
390	265	15	11
399	264	16	12
408	264	16	12
406	265	16	12
403	266	16	12
404	266	15	11
401	266	16	12
402	267	16	12
402	267	15	11
401	266	15	11
401	268	15	11
400	266	14	11
400	268	15	11
398	266	14	11
398	267	15	11
398	268	15	11
397	267	14	10
397	268	15	11
395	267	14	10
396	267	14	11
394	266	14	10
394	268	15	11
393	266	14	11
393	267	15	11
392	267	15	11
391	266	14	11
392	266	15	11
392	267	15	11
390	266	15	11
391	268	15	11
390	267	15	11
390	267	15	11
390	267	15	11
390	268	15	11
388	269	15	11
388	269	15	11
388	269	15	11
386	268	15	11
386	268	15	11
385	269	15	11
385	270	15	11
385	270	15	11
384	269	15	11
384	270	15	11
383	270	15	11
383	269	15	11
382	269	15	11
383	270	15	11
382	270	15	11
381	270	14	10
381	269	14	11
380	269	15	11
380	270	15	11
379	270	14	11
378	268	15	11
378	269	15	11
377	270	15	11
377	269	15	11
376	269	15	11
375	270	15	11
375	271	15	11
374	270	15	11
373	270	15	11
374	270	15	11
373	270	15	11
372	270	15	11
379	271	15	11
389	271	16	12
399	271	16	12
407	271	16	12
405	271	15	11
403	271	15	11
403	271	15	11
400	271	15	11
400	271	15	11
398	271	15	11
399	271	14	11
397	273	15	11
397	271	15	11
396	271	15	11
396	272	15	11
394	272	15	11
393	271	16	12
393	270	16	12
393	271	16	12
392	271	15	11
392	270	15	11
391	272	15	11
391	271	15	11
391	271	15	11
390	270	15	11
390	271	15	11
389	272	16	12
389	272	15	11
389	271	15	11
389	271	15	11
387	271	15	11
387	271	15	11
387	272	15	11
397	271	16	12
406	270	17	12
416	271	17	13
417	269	17	12
413	271	16	12
413	270	16	12
414	269	16	12
414	269	15	11
412	269	15	11
412	269	15	11
412	270	15	11
411	269	14	11
411	269	15	11
410	268	15	11
