7.50378013
0.24062753
0.10386324
0.12706828
0.08125257
0.11256456
0.14534354
0.07919121
0.08022404
0.07940364
0.08024430
0.08022332
0.08015275
0.07918239
0.12803769
0.12608910
0.08014631
0.08023858
0.09684110
0.11040592
0.09487128
0.08027720
0.07916737
0.08023167
0.08117890
0.08018756
0.08014846
0.08016396
0.07921815
0.08124542
0.08021641
0.09584379
0.11141038
0.09483743
0.09484863
0.12705755
0.11246276
0.12710094
0.12708116
0.09586763
0.14168668
0.14169359
0.09634638
0.12610650
0.11147523
0.07915425
0.09484696
0.08126521
0.08116484
0.08019924
0.08855462
0.09192848
0.14434719
0.07916880
0.07918262
0.08017159
0.11051869
0.12824368
0.53328109
0.07918191
0.13945794
0.14499259
0.08016515
0.14393163
0.07917500
0.12603927
0.07918286
0.07918000
0.07917881
0.09585905
0.09482217
0.07919312
0.11246443
0.08031750
0.11148429
0.14165854
0.09679818
0.08016205
0.12702966
0.12809706
0.14297128
0.10442829
0.12709618
0.09686780
0.12810111
0.12813497
0.08017468
0.12819028
0.12604618
0.11147547
0.12707305
0.08030581
0.08019495
0.12710047
0.08123016
0.07916164
0.09132957
0.08019829
0.08017421
0.07918954
0.08018088
0.08018756
0.08016896
0.07819033
0.07921100
0.14370370
0.11141419
0.08016300
0.12808466
0.12719393
0.12811613
0.11147285
0.08124828
0.08016443
0.12705398
0.08015704
0.07918620
0.12603235
0.07930231
0.08018160
0.09683752
0.12612796
0.08023357
0.09684038
0.07923436
0.07811284
0.12608767
0.09578586
0.09584379
0.08023500
0.12710452
0.13304710
0.09586358
0.08019781
0.12705135
0.07918835
0.08023238
0.08027744
0.12607455
0.12707686
0.12608767
0.12708354
0.12607574
0.14173198
0.08016205
0.11154127
0.09586120
0.12704611
0.12705112
0.12715769
0.07918811
0.07917285
0.12604403
0.07918382
0.08030581
0.11146522
0.08118796
0.12710094
0.09595919
0.12708068
0.11596417
0.12604284
0.12613106
0.08122516
0.12708783
0.11050963
0.08125615
0.12708497
0.08025599
0.12714601
0.12604880
0.11042833
0.09585667
0.12713909
0.08019066
0.08016109
0.08016253
0.09478664
0.08015871
0.09580541
0.09680867
0.09695196
0.09579706
0.08016109
0.08016515
0.09584689
0.12702417
0.13774514
0.12607622
0.11327291
0.07916927
0.14169264
0.14275074
0.14267874
0.08922553
0.13516760
0.11450267
0.09140635
0.08993053
0.11986852
0.15941119
0.08993268
0.10035443
0.09567714
0.09588432
0.11015821
0.10314465
0.13417554
0.11937547
0.11499429
0.09224820
0.09600091
0.10689974
0.09418392
0.09900093
0.09200096
0.15399647
0.09499979
0.09999990
0.12000370
0.09199977
0.09400415
0.09299922
0.09132123
0.09851408
0.12440276
0.10437012
0.08685207
0.10921144
0.12599945
0.09515595
0.10292268
0.10772133
0.10451102
0.09464312
0.09731984
0.10299635
0.11099696
0.10599899
0.10794091
0.11183405
0.14726019
0.10244417
0.12309599
0.10882688
0.11430192
0.11688304
0.09700871
0.12799931
0.10886097
0.09374380
0.11351991
0.10798669
0.09570932
0.09879184
0.10314679
0.08329844
0.11013103
0.08381271
0.09999394
0.13494825
0.11028862
0.09589028
0.10988116
0.09937930
0.10299516
0.09972739
0.10646462
0.10936546
0.06902528
0.09028077
0.11619210
0.09316874
0.09373498
0.09374046
0.09887052
0.10930181
0.08817434
0.08973646
0.09337234
0.09384084
0.10640264
0.12082934
0.09471273
0.09880137
0.13210511
0.10590124
0.10359120
0.09552717
0.08489561
0.09172010
0.09142780
0.09373617
0.08566499
0.09086490
0.11980462
0.09622359
0.09571362
0.11444592
0.09374046
0.09373474
0.12498236
0.08899903
0.08800006
0.09399629
0.10935497
0.10939789
0.14324689
0.10936308
0.10931993
0.12498355
0.09380102
0.07812095
0.10941553
0.15623069
0.10936403
0.10931230
0.12285113
0.15616417
0.14065361
0.10936427
0.09369874
0.10936403
0.09378791
0.10936189
0.09376073
0.09374523
0.12088680
0.10936379
0.10934973
0.10027409
0.10081053
0.09035635
0.10935378
0.09376216
0.09373164
0.09374595
0.08031988
0.07845688
0.07811689
0.10935426
0.10936785
0.09374046
0.09368849
0.09373927
0.09377885
0.10940146
0.10932732
0.10931540
0.09065962
0.10942078
0.07811093
0.09182978
0.09162426
0.13253903
0.09378505
0.10930562
0.10940552
0.10931706
0.10936332
0.11477566
0.09374094
0.08490753
0.07810855
0.10935044
0.09369802
0.09373569
0.07816672
0.12503433
0.09379005
0.09368396
0.08867812
0.10058832
0.08990860
0.08898616
0.09073019
0.09254622
0.08193779
0.10936689
0.09374022
0.07811570
0.10694313
0.09224129
0.08946896
0.09215856
0.08799982
0.08970642
0.09700036
0.09200001
0.09899974
0.09050488
0.10294127
0.07530046
0.12954783
0.07606816
0.11874127
0.10164309
0.09937787
0.09199929
0.09244752
0.09191942
0.08900070
0.08899617
0.10999060
0.09448886
0.09358525
0.11522198
0.10314989
0.08748221
0.11491013
0.11550808
0.11306667
0.10011315
0.09147120
0.10014701
0.11671376
0.08249378
0.10021710
0.09634471
0.11498308
0.09719610
0.09664679
0.08597946
0.09199309
0.09778452
0.10148525
0.09437656
0.09350634
0.10847640
0.09875846
0.08927345
0.10107374
0.08825684
0.11523914
0.11080313
0.11581707
0.10954309
0.09921789
0.12600017
0.09099793
0.08999991
0.09057426
0.08900356
0.09199643
0.10100007
0.09900188
0.09365106
0.13399243
0.11699677
0.09600091
0.09300041
0.09200025
0.09399939
0.09100056
0.11100292
0.10418749
0.09537339
0.09468675
0.11781573
0.09779358
0.08562708
0.10581255
0.10362101
0.09199905
0.09799981
0.09499955
0.09400415
0.09988928
0.09810090
0.09014606
0.09354234
0.12808681
0.10116458
0.09507728
0.10396910
0.09441113
0.09147477
0.11301613
0.12416267
0.08419371
0.09990644
0.12106061
0.10940123
0.11696911
0.10251665
0.09745240
0.09931397
0.10334706
0.11498880
0.09164381
0.13046575
0.10461044
0.13217258
0.09080005
0.08685851
0.09382963
0.09269357
0.10744023
0.09250188
0.09192491
0.11595964
0.11973405
0.10625815
0.10065842
0.10100007
0.13799810
0.09800029
0.10599971
0.09599972
0.10699773
0.10100150
0.09099603
0.12599945
0.10499573
0.09900427
0.10200000
0.09500265
0.10524178
0.09300470
0.10299826
0.10042977
0.09374022
0.11910939
0.09499717
0.12000394
0.14881468
0.12046885
0.12600231
0.12200165
0.11899853
0.10781503
0.10554647
0.10480380
0.15723014
0.12299943
0.10399675
0.09392309
0.09705400
0.10200000
0.13000703
0.12499952
0.12630081
0.11199546
0.09399915
0.11600018
0.09299874
0.09604645
0.12900591
0.10816216
0.10662270
0.13291621
0.10209227
0.11901212
0.09696770
0.09796786
0.11005616
0.09452534
0.09269667
0.16553831
0.13070750
0.10243225
0.10297108
0.08613539
0.08962011
0.11704731
0.09959865
0.10092783
0.08642268
0.09907174
0.10849810
0.11949253
0.08435440
0.11757112
0.10143852
0.09903240
0.10357094
0.12563348
0.10712266
0.09983897
0.10093999
0.09203243
0.09939313
0.10332441
0.11554718
0.12693381
0.12563586
0.16679931
0.16860819
0.15377402
0.17202687
0.16802096
0.15958428
0.24546194
0.18211198
0.22869706
0.27879000
0.28184843
0.30614591
0.27273822
0.29013133
0.30723333
0.28960991
0.30142236
0.29642963
0.32024789
0.32293582
0.30999589
0.33499718
0.31206465
0.32299662
0.29234409
0.29080796
0.30599499
0.30966210
0.31700492
0.30199623
0.30699587
0.30844712
0.29914427
0.30599713
0.28919315
0.43525767
0.30464673
0.33353758
0.35617518
0.31576610
0.31470656
0.30198979
0.30215693
0.31714940
0.30200553
0.28832507
0.28228283
0.32809472
0.28326845
0.29689717
0.28560066
0.26674032
0.26770329
0.28489375
0.26578689
0.26875830
0.28332496
0.34586239
0.26667070
0.26665115
0.29774570
0.31353116
0.30392122
0.29684234
0.29790854
0.33337784
0.28231955
0.26666784
0.28335381
0.27256513
0.26675034
0.26777911
0.34580588
0.26765800
0.28432941
0.28332758
0.28333330
0.29889441
0.31552958
0.32922316
0.26778221
0.26771617
0.28240442
0.28231192
0.28329492
0.30301809
0.29545045
0.28662229
0.27436566
0.29360580
0.31269741
0.31799650
0.32664680
0.36824489
0.32447219
0.28215718
0.29026365
0.31246901
0.31252193
0.28121471
0.32143569
0.28117037
0.31250596
0.31246805
0.31682444
0.29684353
0.28127122
0.30221391
0.31154776
0.30800343
0.30742288
0.30893469
0.29522419
0.26565409
0.29242253
0.28236341
0.30938196
0.36138582
0.29796004
0.29889750
0.31354141
0.29890084
0.31351471
0.29790282
0.29789209
0.32922983
0.31367922
0.32426357
0.33535480
0.31543303
0.32410288
0.31800652
0.31072617
0.28699136
0.30956483
0.31804633
0.29507565
0.30959177
0.32203770
0.29803991
0.29112101
0.30466580
0.30334425
0.30656910
0.30529571
0.32352924
0.30553198
0.30278349
0.29431748
0.30102253
0.29049063
0.31227612
0.30742836
0.30230880
0.30864334
0.28559947
0.29328108
0.33421302
0.31326914
0.30651593
0.31293893
0.30457854
0.30654383
0.32075691
0.32121205
0.30841851
0.29897475
0.32726145
0.30600953
0.34135771
0.29140782
0.31469893
0.30445576
0.31818438
0.30678320
0.31886315
0.31049585
0.29227018
0.30403519
0.30102777
0.29514742
0.30509114
0.29958391
0.33611584
0.28241611
0.29955578
0.31823492
0.30633354
0.28369832
0.30778003
0.30429363
0.29023719
0.32298899
0.31066394
0.30341721
0.29080439
0.30789232
0.29890680
0.31808543
0.31017065
0.30227375
0.28758740
0.30175591
0.30839944
0.27816010
0.29416013
0.32016516
0.30401468
0.29096150
0.29581690
0.30578852
0.28703380
0.36071658
0.31497860
0.30200768
0.30747247
0.29009056
0.31515336
0.31632590
0.29678774
0.31593823
0.31301165
0.29792976
0.31083131
0.31656790
0.30680037
0.28503323
0.30937457
0.32740021
0.30737042
0.30757236
0.28235388
0.25204420
0.25314355
0.25213838
0.28326797
0.26764512
0.26765656
0.30261636
0.32273626
0.30401087
0.32694364
0.31809855
0.32348371
0.32150865
0.31301785
0.30775547
0.31070614
0.30495453
0.33466911
0.34927487
0.30557632
0.32504416
0.29626369
0.31942892
0.35554624
0.30650902
0.29423308
0.31593084
0.29659271
0.31187344
0.29105783
0.32562757
0.31937051
0.30716825
0.31582379
0.30872965
0.30717540
0.30828285
0.31799936
0.30331326
0.29514074
0.32167792
0.31180000
0.31915879
0.31927586
0.31048536
0.29341722
0.33204675
0.29203033
0.31964254
0.32725167
0.31563711
0.30405617
0.31528997
0.33894277
0.35550904
0.37647009
0.39244342
0.34625244
0.32747221
0.33640194
0.34086537
0.33318925
0.35087562
0.32703185
0.33468056
0.34070826
0.32544088
0.32057905
0.31082559
0.32371092
0.31715584
0.32953811
0.32994556
0.32419467
0.31779003
0.32188201
0.31786370
0.31007934
0.31841850
0.28342128
0.32414055
0.33735847
0.30516362
0.30694652
0.32219696
0.38508320
0.34681988
0.40239191
0.32566166
0.32377648
0.33429050
0.31124306
0.32320619
0.35402870
0.36065292
0.33263350
0.33278894
0.34540486
0.32416868
0.32952881
0.32224107
0.35691810
0.31253982
0.30146527
0.29886436
0.31141591
0.32639146
0.30881405
0.30416656
0.30730438
0.30832458
0.30636239
0.33221197
0.34871602
0.34889364
0.37048483
0.34458184
0.31939673
0.32127500
0.32264853
0.33437681
0.32920146
0.33638191
0.32998443
0.32809281
0.38373923
0.31221890
0.32411313
0.32235026
0.31419063
0.32934141
0.32932091
0.29825211
0.32899141
0.32929325
0.31425643
0.31389618
0.31808829
0.32005143
0.32522225
0.32583809
0.33263135
0.31616569
0.33231878
0.35156965
0.34033990
0.31807280
0.31386185
0.32935715
0.31372213
0.31680083
0.33756852
0.32917380
0.31104016
0.32061815
0.33457637
0.31428552
0.31334782
0.31296706
0.30701065
0.31878233
0.31978226
0.34353280
0.30461049
0.31249475
0.33416080
0.32983732
0.34830332
0.34681773
0.36041045
0.41887212
0.34319520
0.33460164
0.32125330
0.32843781
0.33213806
0.32954454
0.32791901
0.34082174
0.33184552
0.32953262
0.31388927
