0.11751533
0.10747910
0.11793184
0.16438246
0.12495184
0.13498616
0.12655139
0.11466718
0.10217524
0.12892342
0.10090613
0.11923695
0.12927508
0.13029075
0.11408472
0.09392643
0.10062575
0.09892750
0.11686468
0.08729196
0.11767077
0.13321424
0.10881543
0.11684656
0.13716006
0.11788154
0.09952259
0.11578536
0.11595345
0.13305116
0.11589599
0.09842300
0.13441181
0.11381125
0.11903501
0.09974265
0.11873484
0.11479831
0.13550878
0.12176299
0.12861300
0.10179329
0.10413885
0.09900069
0.12706232
0.10567665
0.08528686
0.10354662
0.10277152
0.09841347
0.08368301
0.10689020
0.13029313
0.10420847
0.10101557
0.08290887
0.12582588
0.10069084
0.09702516
0.09689927
0.10161376
0.10030556
0.11414766
0.09984303
0.10656977
0.11286664
0.14838600
0.16145229
0.17959762
0.20982885
0.26276946
0.30829597
0.32149124
0.29858041
0.28852677
0.33364964
0.29602242
0.33851457
0.32141590
0.31611609
0.33330941
0.28630447
0.51288843
0.33482575
0.28624105
0.27559805
0.31695414
0.28986311
0.28326321
0.28693008
0.29094052
0.30529284
0.28539109
0.31575346
0.29075503
0.30735636
0.31167626
0.31971455
0.32412195
0.36746407
0.33341289
0.30262184
0.29982471
0.29938745
0.30076671
0.29385805
0.30064368
0.30969262
0.29020905
0.32206345
0.31588769
0.36685491
0.36878443
0.31026673
0.31622720
0.30427837
0.29684758
0.28126478
0.28115940
0.29683161
0.29686356
0.34365678
0.29683781
0.31247067
0.31247115
0.29683781
0.29754400
0.32287765
0.29393077
0.29483604
0.29621720
0.28322411
0.33218193
0.29380822
0.29289174
0.34438086
0.29048824
0.30443645
0.30952668
0.31652188
0.29761434
0.30547643
0.32774162
0.31244659
0.30214834
0.29630589
0.29333186
0.30934596
0.30203342
0.31530905
0.29769111
0.28454041
0.29816508
0.30642629
0.33210707
0.29412127
0.29979610
0.28545880
0.31709409
0.30115986
0.29127836
0.32591343
0.29737139
0.32181382
0.28614044
0.31988811
0.30960464
0.30447817
0.31003761
0.30854630
0.30478144
0.29990172
0.31243110
0.30604005
0.29427147
0.29320645
0.30506587
0.32602763
0.30441499
0.31520581
0.29338241
0.31539106
0.32875443
0.30737424
0.29355502
0.29082942
0.30448031
0.30809498
0.30922270
0.31172729
0.33117938
0.31648350
0.31944537
0.30092788
0.30827761
0.30395293
0.32728386
0.29224730
0.30279684
0.31187892
0.31809425
0.31142974
0.31153798
0.28619456
0.28844738
0.29210925
0.30759788
0.30910659
0.30759978
0.29933786
0.29771996
0.32187080
0.28917098
0.29227710
0.30623746
0.30600882
0.30335927
0.30114818
0.27555871
0.28521538
0.29201078
0.27749944
0.33725309
0.32081294
0.29938769
0.32620502
0.30705833
0.31737685
0.31153274
0.30318666
0.29835272
0.29292107
0.29997611
0.27803159
0.30973649
0.32284069
0.31781864
0.42297268
0.33683276
0.34779859
0.33452940
0.31718564
0.30398154
0.30016017
0.33971310
0.31436849
0.30998325
0.29494858
0.30920815
0.34606957
0.31741214
0.30815315
0.35685539
0.33463478
0.32165360
0.31100106
0.31075907
0.32450080
0.32432294
0.33531833
0.30143595
0.30520463
0.30709481
0.29212236
0.33137417
0.32981181
0.32195425
0.33129478
0.33007121
0.35628057
0.33941650
0.34537697
0.33641791
0.31035566
0.29648948
0.32097507
0.28999639
0.29011726
0.30999947
0.29469037
0.28836823
0.30568480
0.29297543
0.27529335
0.30524302
0.30477428
0.28891134
0.29660892
0.32932806
0.30324292
0.30086446
0.31912684
0.27745652
0.30415440
0.33603072
0.29812837
0.28877997
0.29162097
0.29366493
0.30471396
0.30817556
0.29320455
0.30330777
0.29394841
0.30503941
0.30327129
0.28457451
0.30865598
0.31967187
0.31191087
0.27848601
0.33841205
0.29394221
0.29166794
0.34468794
0.33322597
0.31537247
0.31638145
0.29145288
0.31723595
0.28739452
0.32158327
0.33306026
0.31826043
0.30362749
0.31422639
0.32269073
0.30104065
0.37283492
0.38446665
0.32411933
0.29580498
0.30541515
0.29751611
0.31412172
0.31994700
0.31653881
0.29552698
0.30767226
0.30433536
0.33688259
0.35005116
0.37133861
0.36065650
0.36531162
0.34769726
0.32772183
0.36556673
0.28237295
0.29796648
0.28227925
0.29893565
0.34489703
0.31313634
0.31923532
0.32773066
0.36463284
0.34478092
0.31345439
0.34359384
0.29801726
0.28237677
0.30663109
0.35933781
0.29789853
0.32915592
0.29792213
0.29793000
0.29689050
0.30009580
0.32920074
0.29684377
0.31357884
0.28238726
0.28820658
0.29694200
0.29799581
0.26671028
0.28121948
0.26663685
0.26774168
0.26877284
0.28328276
0.26666093
0.26830220
0.26559472
0.28229070
0.26664186
0.29797268
0.31358218
0.28330874
0.28336310
0.26783323
0.26770759
0.34376025
0.26674843
0.26775074
0.31556702
0.29893780
0.28329515
0.26768255
0.28329539
0.28226089
0.29890442
0.28333235
0.28228331
0.26672149
0.27457094
0.28436875
0.31451321
0.26769257
0.31562924
0.26675487
0.28337336
0.26673818
0.28334665
0.26869106
0.31460953
0.26672482
0.26671600
0.26771688
0.28122258
0.26668477
0.26669550
0.26872039
0.28228450
0.26668382
0.26765919
0.26865816
0.28230548
0.26567435
0.26770425
0.26770639
0.28329420
0.26666570
0.26864743
0.26667094
0.28228641
0.26775146
0.32917190
0.29666805
0.28235960
0.28337741
0.26680064
0.31374264
0.33571482
0.28833866
0.30094028
0.30415988
0.29135370
0.31386209
0.29869628
0.31481957
0.32753515
0.31981230
0.30322719
0.31080985
0.30114174
0.31382656
0.32494259
0.30532146
0.31012535
0.34518552
0.29375958
0.30721521
0.28744197
0.29499865
0.30261707
0.29805493
0.28127599
0.28337145
0.28559351
0.28126907
0.26766109
0.28228545
0.26764297
0.26667476
0.26866603
0.28328872
0.26564050
0.26765633
0.26766777
0.28328037
0.26666498
0.28228188
0.30405903
0.32760096
0.33409286
0.32745290
0.31125283
0.30338860
0.31123948
0.33400226
0.30178213
0.33644104
0.32039404
0.34442043
0.33299851
0.32843256
0.30793977
0.32997417
0.31899953
0.31367493
0.30361223
0.31372595
0.31476617
0.30640793
0.31910729
0.31304145
0.31900048
0.36964583
0.32377625
0.30146575
0.31304216
0.32129025
0.30657101
0.30785632
0.31849670
0.31181550
0.30313063
0.31190753
0.30821991
0.31480169
0.30810976
0.30247808
0.31403995
0.31129932
0.30888343
0.30718279
0.31847048
0.31105375
0.29931617
0.31897759
0.31252646
0.33236766
0.31209230
0.30403590
0.31861281
0.31676579
0.31585431
0.31943703
0.31217289
0.31472707
0.31924939
0.31843209
0.34985161
0.32902861
0.32019877
0.31496382
0.34926629
0.33319783
0.33170748
0.33217502
0.33398914
0.30555868
0.34284449
0.33209515
0.34404373
0.35249639
0.31053662
0.31960297
0.31149340
0.38123870
0.31480861
0.32284451
0.30379915
0.31905913
0.31602836
0.31159353
0.30881262
0.30621243
0.34715271
0.29722261
0.31025219
0.30708003
0.30889082
0.32723832
0.30811048
0.32711005
0.30938983
0.32301569
0.35988402
0.31423378
0.31941223
0.31822562
0.31814790
0.33377600
0.32834864
0.36228299
0.31505084
0.31503606
0.29451323
0.30658269
0.31892514
0.34041023
0.33636522
0.30798912
0.30082679
0.29156327
0.29363322
0.31383085
0.31588531
0.32246256
0.29845548
0.38739419
0.34074974
0.33130026
0.31524777
0.30323386
0.29847717
0.32353091
0.33000278
0.34273934
0.31093216
0.31180143
0.30245185
0.30526495
0.32145023
0.31582737
0.29969549
0.29104161
0.30707073
0.30846977
0.29080987
0.29307532
0.29522347
0.31988263
0.30006266
0.31050730
0.33383107
0.31563425
0.29786634
0.28798795
0.29412413
0.31489992
0.29385948
0.31794572
0.31834292
0.29707956
0.30283260
0.30396128
0.31448936
0.32314801
0.30832338
0.31914067
0.31750846
0.30302072
0.31522894
0.33195806
0.31498027
0.32210803
0.31131864
0.32082868
0.29701185
0.31693244
0.30053377
0.31497240
0.30611277
0.31327605
0.30013537
0.31416035
0.29424334
0.30292416
0.29997253
0.31449127
0.31778336
0.31613517
0.30206561
0.31419253
0.30093575
0.30297327
0.31141615
0.33129621
0.31801558
0.30572033
0.31844473
0.31592464
0.31392407
0.30362439
0.30297232
0.31875682
0.30724072
0.35744476
0.30708075
0.34194493
0.31454110
0.32777739
0.30931187
0.29554844
0.30276775
0.32010770
0.30782270
0.30479002
0.30831671
0.31410217
0.32593775
0.32288575
0.32748818
0.33688450
0.31060815
0.32636499
0.31952000
0.30772948
0.30336976
0.31208968
0.31587934
0.30747080
0.31675601
0.30264139
0.31528258
0.31764913
0.31358337
0.31612039
0.30470681
0.31776404
0.30497098
0.32292509
0.30380702
0.31374860
0.34965515
0.31731462
0.29702306
0.33153915
0.33193541
0.33763170
0.29476905
0.32319832
0.31806493
0.29917622
0.30126333
0.31215048
0.31706977
0.32652044
0.30446720
0.32236242
0.31384158
0.29775238
0.31628633
0.30967546
0.30717039
0.31258607
0.30892158
0.31374311
0.29084229
0.32252169
0.32822514
0.32688046
0.33580112
0.32295918
0.32063961
0.31825662
0.32041669
0.33256388
0.34600067
0.30519056
0.32503557
0.34058690
0.31641603
0.30345392
0.30840516
0.30626941
0.30546689
0.29905510
0.30770969
0.31031656
0.30504131
0.29051089
0.32492805
0.31615114
0.30619574
0.30343723
0.31367755
0.31700492
0.29089403
0.31106162
0.31682038
0.31252718
0.30177116
0.30829310
0.31384850
0.34622335
0.30242252
0.31196308
0.30213451
0.29979753
0.29883337
0.30187440
0.30649805
0.30752587
0.29826832
0.31342411
0.31564522
0.32854414
0.33453894
0.31432152
0.30378461
0.30380034
0.32321072
0.30150676
0.32863522
0.31597018
0.32197833
0.31678700
0.30611944
0.30647159
0.30710101
0.31439400
0.31242967
0.31600428
0.29807878
0.30694342
0.29831314
0.31785965
0.30193591
0.30919170
0.32227445
0.31596351
0.29668665
0.30950642
0.33414650
0.30791473
0.30976152
0.30366349
0.30398464
0.29620337
0.28475142
0.27525759
0.29932785
0.26347017
0.27955723
0.28283191
0.28854275
0.27808261
0.29418254
0.30673766
0.28782320
0.29251504
0.27713799
0.27797771
0.29931426
0.30592370
0.29288721
0.28838277
0.30246139
0.28745866
0.30742073
0.27564025
0.30503154
0.27420759
0.27453136
0.30317783
0.27519488
0.27923203
0.29641056
0.29798722
0.29606032
0.28949475
0.30127859
0.28067660
0.27216387
0.27402854
0.28513074
0.26691985
0.27084327
0.27747321
0.26570058
0.28047609
0.27097964
0.26853704
0.29805732
0.28310227
0.28255773
0.26601100
0.27088451
0.30089355
0.27646613
0.29802752
0.29576921
0.33159184
0.30694938
0.30963063
0.29895949
0.28455663
0.42995191
0.28888297
0.30375957
0.29099369
0.31693816
0.31914520
0.31672311
0.30522633
0.29492855
0.29597425
0.30671597
0.28870773
0.28841472
0.29562497
0.25852466
0.27887964
0.28293133
0.29502273
0.27738047
0.26025724
0.26558185
0.26452231
0.28504801
0.28868270
0.27131820
0.29087019
0.26955366
0.25769877
0.27454567
0.26590610
0.25862956
0.26270080
0.26340628
0.29490829
0.30661106
0.27702427
0.29420280
0.30919766
0.29293418
0.27498269
0.26431179
0.28876162
0.28749275
0.29058838
0.29558349
0.30773926
0.30556917
0.28968811
0.29227614
0.27965522
0.25706148
0.27823329
0.29503679
0.28804588
0.27320981
0.26094317
0.25993943
0.27315378
0.30305862
0.30171394
0.28128147
0.31572008
0.28742337
0.28678751
0.27511430
0.30404472
0.30716515
0.30536056
0.30328918
0.33085656
0.30818558
0.30657601
0.31875920
0.31279159
0.27770495
0.31827068
0.29471779
0.31586242
0.30985332
0.30680919
0.29065633
0.33926535
0.29052567
0.30834651
0.30110931
0.28985977
0.27472711
0.26554036
0.27035666
0.27651644
0.27588940
0.27289629
0.27359223
0.27421284
0.29083443
0.31409240
0.30791473
0.28645849
0.29656720
0.29926085
0.29134440
0.31650758
0.28750515
0.26473832
0.29847026
0.29025388
0.32124448
0.30227041
0.30701566
0.29863191
0.29051733
0.30263567
0.33122182
0.29003406
0.28729153
0.26979280
0.28144765
