0.08705783
0.09374070
0.09374452
0.07812953
0.09374237
0.11238146
0.12100005
0.10396218
0.12545848
0.11290646
0.10130215
0.10283566
0.09374142
0.07811618
0.10212755
0.11059260
0.13047504
0.10433459
0.10936427
0.10942793
0.10935259
0.12493801
0.07812047
0.10936809
0.09373474
0.14202881
0.13820744
0.08587766
0.09946299
0.11549830
0.13586497
0.11017251
0.11177254
0.10058904
0.08873725
0.08899164
0.08892560
0.12108684
0.09898567
0.09374666
0.09373379
0.09374118
0.10978460
0.09917855
0.09149075
0.11852288
0.11300802
0.09311700
0.08919811
0.10031247
0.08815050
0.07167053
0.08386493
0.10041881
0.11198425
0.08992052
0.07863021
0.09670210
0.09815145
0.09925008
0.12101722
0.09088135
0.09075165
0.12620521
0.08978176
0.07858086
0.11095285
0.08925843
0.09024715
0.08992839
0.08907199
0.08883953
0.11108208
0.14341807
0.09492874
0.13151503
0.13796759
0.08781433
0.10508275
0.08419085
0.10553193
0.12398052
0.11576581
0.09483123
0.09580612
0.09900045
0.13299704
0.09499645
0.10562038
0.09378815
0.13653827
0.09500003
0.14298773
0.08668828
0.10936332
0.09575701
0.09014916
0.10094905
0.09159160
0.08855534
0.09368515
0.11750007
0.08971119
0.10766935
0.09193659
0.08993101
0.08800244
0.08862305
0.09176350
0.08914113
0.07811689
0.09888315
0.07816815
0.10941505
0.11341715
0.10640764
0.07815790
0.07918000
0.12710595
0.12711143
0.08232212
0.13399792
0.07917452
0.12713170
0.14164162
0.14171696
0.12706065
0.08019662
0.08018875
0.07917094
0.08025646
0.08646798
0.13858724
0.08266282
0.08016419
0.08015060
0.08018398
0.14416599
0.09160614
0.09056163
0.09077072
0.13600111
0.08119369
0.11161160
0.09374189
0.09376359
0.09382176
0.10928106
0.10940075
0.10932612
0.14068222
0.08262181
0.10044408
0.10931849
0.15889478
0.15579343
0.11665416
0.11293840
0.09177065
0.11164284
0.08606172
0.09590912
0.10940695
0.07816577
0.11094618
0.07815957
0.10495877
0.10935783
0.09378958
0.09774423
0.09373665
0.10941672
0.11723852
0.10936666
0.14055920
0.09374070
0.10936666
0.10935855
0.09374070
0.07811809
0.08488059
0.10227537
0.10574269
0.08998299
0.12830591
0.08954191
0.07812071
0.10940814
0.08488202
0.08896232
0.09217930
0.10995913
0.10936117
0.10931587
0.11060739
0.08800077
0.10856152
0.08715439
0.08997941
0.09299636
0.08983755
0.09342813
0.08996224
0.09599996
0.09565926
0.11932731
0.11056876
0.14394784
0.10700417
0.10936379
0.10931516
0.10939598
0.08709931
0.08672047
0.08593297
0.08896446
0.11513782
0.09376049
0.08983994
0.08727980
0.09373999
0.07815289
0.10940409
0.10882878
0.08795285
0.09097767
0.08985496
0.12617230
0.10558057
0.09796381
0.08909035
0.08994746
0.10008407
0.08999944
0.08906007
0.08409882
0.10936737
0.11311674
0.10175014
0.07805657
0.09771609
0.10966659
0.11286473
0.09832716
0.12871957
0.09401345
0.09200096
0.11999893
0.08680868
0.09200001
0.09675646
0.08878732
0.08919024
0.11258793
0.12799978
0.08731055
0.10036922
0.09071255
0.09240508
0.09890652
0.07995510
0.08940005
0.12327480
0.08790445
0.09884119
0.11704683
0.08643532
0.11117196
0.11607194
0.09988117
0.08307791
0.11173701
0.11631274
0.10356617
0.12510157
0.13112760
0.13336897
0.11660576
0.08685589
0.10340595
0.13487434
0.13385892
0.11689568
0.10121202
0.10048199
0.08714604
0.10674334
0.10227442
0.10173583
0.08929348
0.10081124
0.10184312
0.08727169
0.08940506
0.08796334
0.08489680
0.10032225
0.15201211
0.09772563
0.09909558
0.10373640
0.10093808
0.09965897
0.08498931
0.08803177
0.09309745
0.13640594
0.11478829
0.08930135
0.10185528
0.08348727
0.10072780
0.09888458
0.11662984
0.09533858
0.08886051
0.08999991
0.10200071
0.10599923
0.08999586
0.08999968
0.11900020
0.09599972
0.09893537
0.09999847
0.11300182
0.09100056
0.09399843
0.09999633
0.08999991
0.09300041
0.08899999
0.09253502
0.12199974
0.09299660
0.10700011
0.09099841
0.09299660
0.09499598
0.09500003
0.15783095
0.11625934
0.09996486
0.09893823
0.11644530
0.08617067
0.14034557
0.07831788
0.09228373
0.09795976
0.10283899
0.09170723
0.10779834
0.11299515
0.12300014
0.11600018
0.12000084
0.10446262
0.11900091
0.12999749
0.12200165
0.11088538
0.08105803
0.08816195
0.08833051
0.10204029
0.10174584
0.08920431
0.12806606
0.10378838
0.09374022
0.09374404
0.11007905
0.11680865
0.12327027
0.10620761
0.12019324
0.10006857
0.08884501
0.11231279
0.08888650
0.11613560
0.12123775
0.14324641
0.08915901
0.08901381
0.09267735
0.09086990
0.13852930
0.09185457
0.11711240
0.08985972
0.11065412
0.10941172
0.09668756
0.10558701
0.10608983
0.10764050
0.09402084
0.09447479
0.09149361
0.12180161
0.08959317
0.11821675
0.10571456
0.08897138
0.08990145
0.10814309
0.09647346
0.10699344
0.11709809
0.09821343
0.12131786
0.10909653
0.08427787
0.11532545
0.10791612
0.13611984
0.08757663
0.08915949
0.07811642
0.08979249
0.09405065
0.11132693
0.08991981
0.09122705
0.09080601
0.10811806
0.10936379
0.09506297
0.08832073
0.10864902
0.10100031
0.09227705
0.11090899
0.09952164
0.09206319
0.09769821
0.10540414
0.11118317
0.10499907
0.10152340
0.10936356
0.14161801
0.10618234
0.10913730
0.09499693
0.09100056
0.09880257
0.10936284
0.09373903
0.10006547
0.11844349
0.09089804
0.08901334
0.08809161
0.11026835
0.11166191
0.11699796
0.14215827
0.10207224
0.09295917
0.09624338
0.08943057
0.10228348
0.09729624
0.09005189
0.08900428
0.08999991
0.11599851
0.09200001
0.10899997
0.11503172
0.09235644
0.11352253
0.09885645
0.09913111
0.10551906
0.07811522
0.10931754
0.10383725
0.09049416
0.09072757
0.09931707
0.09903359
0.09592724
0.09400463
0.09255171
0.14756608
0.09258699
0.10966372
0.09417868
0.09123492
0.08921027
0.14499927
0.08978820
0.09008884
0.09199929
0.09681869
0.09989619
0.08878040
0.09085035
0.09315538
0.09844112
0.09640622
0.12996936
0.11691308
0.09682536
0.11812258
0.08700633
0.10409522
0.12447405
0.09404802
0.09639716
0.11792541
0.09696007
0.10003448
0.10794544
0.08404088
0.09522843
0.09665775
0.10500002
0.09900045
0.08900023
0.10200357
0.10305762
0.09539795
0.09599662
0.10100341
0.09499955
0.09799862
0.09700465
0.09299994
0.09499645
0.09600091
0.08899975
0.12100077
0.09876132
0.09299994
0.08958316
0.09299970
0.07758904
0.10871720
0.10028601
0.14900041
0.11599946
0.09900355
0.08900332
0.14400196
0.08999801
0.12899995
0.11399603
0.09099984
0.12606716
0.09200335
0.09000111
0.09500098
0.10999966
0.09199882
0.11601377
0.09299970
0.09299612
0.09799600
0.10700393
0.11700106
0.10300016
0.10700178
0.11399984
0.10900569
0.11500049
0.10600328
0.09838152
0.10600066
0.16999817
0.10899878
0.10199738
0.09999990
0.09500241
0.09400964
0.09299827
0.09400010
0.09206581
0.10154843
0.09599495
0.09400320
0.10800028
0.09500146
0.10200047
0.12772822
0.11478686
0.11483192
0.10936928
0.10834146
0.10174227
0.09071398
0.09297824
0.10433817
0.10641384
0.11007905
0.12106013
0.11100054
0.14657569
0.12345600
0.11940503
0.14682031
0.14767909
0.10632610
0.12224483
0.10119152
0.09868598
0.10299945
0.13399577
0.10799050
0.10994673
0.11465836
0.10978127
0.12797880
0.10871816
0.10754514
0.14646387
0.12566900
0.12958503
0.09659743
0.09300375
0.10325861
0.09236217
0.10294580
0.14071465
0.08974409
0.11130047
0.11166859
0.10510325
0.14618182
0.13295960
0.09758115
0.09061384
0.10441399
0.09249139
0.09899807
0.12329412
0.09186649
0.10134816
0.14686203
0.10432410
0.10600185
0.12724113
0.11106038
0.11109209
0.09629893
0.09504557
0.09432268
0.08164310
0.10054874
0.09170532
0.13269639
0.10536504
0.09765577
0.08838105
0.09244609
0.09268546
0.10184526
0.12819290
0.10325766
0.09325695
0.09128714
0.09023571
0.10975122
0.08830786
0.09230399
0.09332538
0.09449315
0.09099483
0.09298968
0.11456060
0.12995195
0.10034084
0.09346318
0.09299946
0.09007478
0.09609151
0.11256361
0.09361529
0.09300494
0.09199524
0.10427856
0.09305906
0.13099599
0.09327984
0.09182525
0.11928701
0.12286639
0.09129858
0.09757519
0.09821844
0.09319091
0.08979487
0.14299989
0.09299660
0.09330225
0.09391189
0.09200025
0.09499812
0.09800196
0.09399843
0.09499955
0.09703302
0.08993912
0.09205198
0.09383512
0.14218163
0.10565519
0.12801766
0.08177400
0.12084818
0.08836913
0.13896132
0.13063407
0.10129380
0.13115954
0.09362769
0.09500217
0.09217834
0.09108806
0.09323478
0.10851097
0.10413218
0.12455130
0.10663915
0.09334326
0.12763286
0.09161758
0.11040616
0.10215187
0.10740471
0.10865831
0.09088778
0.09345651
0.09248877
0.09964204
0.09599209
0.09988284
0.09585690
0.09380817
0.09299564
0.09368300
0.09500003
0.09280372
0.09413004
0.15700006
0.09400010
0.09415460
0.09480214
0.09276938
0.09315705
0.09210300
0.09928322
0.13100052
0.10446501
0.09129429
0.12028432
0.09199953
0.09599948
0.09400034
0.09108829
0.09034944
0.09500170
0.09899640
0.09649301
0.10335255
0.09113598
0.09899974
0.09899974
0.10799718
0.10000372
0.13062859
0.09231162
0.09899664
0.10000086
0.10400248
0.09799886
0.10299349
0.09299588
0.09424877
0.08226848
0.09322548
0.09910774
0.09399986
0.12066007
0.09199643
0.09400034
0.09158945
0.09126568
0.12509751
0.11199594
0.12400460
0.09917617
0.09879160
0.10307956
0.09410739
0.12550354
0.13875937
0.14037728
0.12193537
0.09876609
0.14870524
0.09252000
0.12439394
0.14357305
0.09405684
0.12374854
0.12891412
0.12754464
0.10403490
0.09680128
0.10717058
0.14523268
0.11250973
0.09237003
0.09460187
0.09038544
0.10205531
0.09559155
0.10334492
0.08949924
0.12630248
0.10710263
0.09043312
0.09412622
0.09455323
0.10198784
0.09076715
0.12038755
0.11719036
0.10640478
0.08439302
0.09178805
0.09117508
0.12352777
0.10053372
0.10321116
0.08949518
0.12528992
0.11009431
0.09013033
0.12235546
0.10733938
0.12978625
0.10453272
0.08654475
0.11701846
0.10562611
0.10599589
0.11851239
0.13695335
0.10545731
0.11100054
0.11006713
0.10862494
0.10671568
0.10927486
0.11207843
0.09515977
0.09144831
0.09051514
0.09380364
0.11936688
0.08984423
0.08999205
0.10286212
0.09220624
0.11207747
0.10900164
0.13589787
0.12129569
0.15562916
0.11770916
0.10099149
0.09776783
0.09260416
0.08948898
0.09426022
0.09810424
0.09356070
0.10606909
0.09921622
0.09377861
0.10263324
0.08074546
0.10236764
0.10372829
0.09665680
0.11680722
0.09377718
0.09187365
0.09306312
0.10328460
0.07944393
0.14419603
0.12827086
0.10188532
0.10671258
0.08905005
0.09687924
0.09187078
0.09461927
0.11399770
0.12102890
0.12491107
0.10032940
0.10105062
0.09087396
0.11871815
0.12200332
0.12000084
0.09599900
0.09225512
0.09868860
0.10408926
0.10151196
0.13774133
0.10105634
0.08949614
0.09236574
0.11194420
0.10411596
0.14406610
0.09220195
0.08960199
0.08976483
0.09061813
0.09586811
0.09654260
0.09300017
0.09268093
0.11387444
0.09235454
0.09104753
0.09712410
0.09082794
0.09917092
0.09238911
0.13202357
0.10989714
0.08938599
0.08631682
0.08986378
0.09575367
0.09563303
0.09309697
0.13943982
0.09323168
0.09800410
0.09399462
0.15999532
0.10700560
0.09263587
0.16500401
0.09972191
0.09300327
0.09300280
0.09800053
0.09206128
0.09099627
0.09598613
0.08999634
0.09000492
0.10100389
0.09699678
0.09100413
0.08899951
0.09100032
0.11012101
0.11673832
0.09233642
0.09599996
0.09800744
0.12503195
0.09599948
0.09599543
0.09499907
0.12699962
0.10600019
0.08987498
0.10070705
0.09899998
0.09599781
0.09699965
0.09599948
0.10399795
0.08699965
0.12024236
0.11361098
0.12434435
0.09701419
0.09788513
0.09821987
0.09600353
0.10375452
0.10934830
0.09763288
