268,279,29,22
266,279,29,22
266,279,30,22
266,278,30,23
266,279,30,21
267,279,29,22
267,279,30,20
269,279,27,22
268,279,29,22
268,279,30,22
270,279,30,22
272,278,30,23
271,279,31,23
274,279,28,23
272,279,30,23
273,280,30,22
272,280,28,22
272,280,29,23
271,280,30,22
272,280,27,24
271,280,28,23
271,280,29,24
271,280,29,23
272,281,30,22
274,281,27,22
272,281,29,22
271,280,29,24
272,282,28,23
272,281,27,23
272,284,29,21
273,283,27,22
272,283,26,23
272,285,28,22
271,285,28,22
271,285,27,22
270,287,29,22
269,287,29,23
270,288,29,25
270,289,28,23
268,289,29,23
267,289,32,25
265,290,31,23
266,289,31,25
267,292,30,22
266,292,30,23
265,292,30,23
265,293,30,23
263,294,31,24
263,295,30,23
264,296,29,23
263,296,28,24
260,298,30,22
259,297,30,26
258,298,31,23
257,299,30,24
254,301,31,23
252,301,32,23
251,300,34,23
250,301,33,23
248,303,32,23
248,304,33,22
247,305,31,23
244,306,33,24
243,308,32,22
243,307,32,23
242,307,30,23
239,310,32,22
241,310,31,21
241,311,30,21
237,312,34,22
238,312,30,22
239,311,29,24
236,312,34,24
235,313,35,24
236,314,32,24
237,315,32,23
236,316,32,23
238,318,30,21
237,318,32,22
238,320,31,21
237,320,32,22
236,321,34,23
237,321,30,22
236,323,30,22
235,324,31,22
237,325,30,20
235,325,31,21
236,327,28,20
235,327,29,20
234,327,31,20
236,328,28,20
237,330,28,20
238,331,29,21
236,331,29,20
237,332,29,21
236,333,30,20
237,334,29,20
237,334,28,19
237,336,30,18
237,336,27,20
235,336,30,21
234,336,31,21
234,337,31,20
234,338,30,21
233,338,31,22
232,339,31,20
232,340,30,21
231,340,30,21
231,340,28,20
228,341,31,21
228,343,29,19
228,343,27,20
227,344,28,20
224,344,28,21
218,345,29,21
219,345,28,20
212,346,30,20
207,348,28,19
207,347,29,20
201,348,30,20
194,350,33,19
191,351,33,18
192,351,30,18
191,352,29,18
191,352,31,17
191,352,29,17
191,352,29,17
191,352,30,18
192,352,29,18
194,352,31,19
196,353,30,19
197,352,31,19
199,354,30,17
199,353,32,18
198,353,31,17
197,353,30,19
196,354,31,17
193,354,31,16
193,354,32,19
193,353,31,21
192,354,32,18
192,354,33,18
192,354,32,18
193,350,30,18
192,334,34,22
192,334,32,23
193,322,31,21
196,311,28,20
195,300,29,20
194,301,31,19
194,293,31,19
193,294,33,18
194,294,30,17
194,294,31,17
195,293,31,18
194,293,31,17
194,292,33,19
195,292,30,19
196,290,31,20
212,291,34,20
212,290,33,21
239,290,34,20
264,289,34,18
288,289,34,17
289,289,33,18
296,289,29,18
291,288,30,19
292,288,29,19
285,288,32,18
283,287,31,18
287,287,32,19
288,287,31,18
294,287,32,18
301,286,29,19
307,286,31,19
307,287,33,18
327,285,37,19
350,285,36,19
362,285,30,19
362,285,30,19
358,285,29,19
352,285,28,19
351,284,29,19
350,285,28,20
355,284,30,19
360,284,33,18
362,283,30,19
367,284,30,19
369,284,31,18
369,284,30,19
368,283,30,18
365,283,30,19
361,283,29,19
361,283,28,19
358,283,28,18
359,283,26,20
361,283,29,19
360,282,30,20
364,282,29,18
366,282,29,19
366,283,29,18
368,282,27,19
368,282,26,19
364,282,29,19
364,282,31,19
362,282,30,19
363,281,29,20
362,282,30,18
363,281,29,20
364,281,29,19
361,281,34,20
364,281,29,20
364,282,28,17
365,282,29,19
363,282,31,18
364,280,27,20
362,282,30,19
362,282,30,19
362,282,29,19
362,283,31,18
362,283,31,18
361,283,31,18
362,282,30,19
362,283,30,18
363,283,28,18
363,283,29,18
362,282,29,19
361,282,31,20
360,283,31,19
362,283,28,19
361,283,28,18
361,283,30,19
361,283,29,19
361,283,29,19
361,284,30,17
361,282,29,19
358,279,28,19
358,279,29,19
350,277,32,19
340,275,30,18
329,272,29,18
329,272,29,18
318,271,30,18
308,272,31,17
301,272,30,16
301,272,29,17
299,271,25,18
296,271,28,19
296,271,28,19
296,271,29,19
298,271,31,18
300,269,30,20
300,270,30,19
302,269,30,19
302,267,29,19
303,268,29,18
302,268,29,18
302,268,30,19
303,268,29,18
303,267,30,20
301,267,33,19
304,267,29,19
306,267,29,19
306,268,27,18
307,268,29,19
306,268,31,19
307,268,29,19
307,268,29,19
308,268,31,19
309,268,30,19
308,268,29,19
309,268,29,19
309,268,29,20
309,268,30,20
309,268,29,19
310,268,29,20
311,268,28,20
312,267,25,20
312,269,28,19
312,269,28,20
312,270,29,19
312,270,30,19
313,270,30,19
311,270,33,20
314,271,29,20
313,271,29,18
313,272,30,18
313,272,29,19
314,272,28,20
313,272,29,20
314,273,29,20
313,273,29,20
314,272,28,20
314,273,27,20
313,273,31,20
311,273,31,19
312,274,29,19
312,274,29,18
312,273,28,18
312,273,30,19
312,273,30,19
312,273,29,19
312,273,30,18
312,272,30,19
312,272,29,19
312,271,29,18
312,270,30,18
311,270,31,18
311,268,31,19
311,267,31,19
311,266,30,18
311,265,31,20
312,265,30,20
311,265,29,19
312,265,28,20
312,265,29,19
312,264,28,21
312,264,29,22
312,265,30,20
310,264,32,21
312,266,28,21
313,266,29,21
313,267,27,21
312,268,28,20
312,269,28,19
311,270,30,19
313,269,28,20
311,269,30,19
312,270,27,19
311,271,31,19
311,270,29,20
311,270,27,20
312,271,27,19
310,271,27,18
308,269,30,19
307,269,28,19
304,268,29,19
301,266,30,19
299,265,29,19
299,264,28,20
295,264,31,19
294,264,31,20
295,263,30,19
295,263,31,19
295,262,29,19
297,261,28,20
297,262,29,19
298,263,31,18
298,262,30,20
299,262,29,18
299,262,29,19
299,262,30,19
301,263,29,19
300,263,30,19
301,263,29,19
302,264,28,19
301,263,30,20
301,264,31,20
303,264,31,20
308,264,29,19
307,264,30,19
312,265,28,19
316,264,29,21
315,265,29,19
319,265,29,20
320,265,31,20
320,265,30,19
320,265,31,20
321,265,28,20
321,266,30,19
321,266,32,19
322,265,30,19
322,266,30,20
320,266,29,20
315,265,31,19
315,266,31,20
311,266,30,20
304,266,31,19
301,266,28,18
301,266,29,21
296,266,31,20
295,265,30,19
295,266,30,19
296,265,29,20
296,265,30,19
298,265,29,19
298,265,28,19
298,265,29,19
298,265,28,18
298,264,28,19
297,264,28,19
297,264,29,20
296,263,31,20
297,263,29,20
297,263,29,20
297,263,29,19
297,262,29,19
296,263,29,19
297,263,30,19
296,262,32,21
296,263,31,19
296,263,32,18
297,263,31,19
299,262,29,19
301,262,27,20
302,263,27,18
302,263,28,19
302,263,31,19
304,262,29,21
303,261,30,22
305,262,29,20
306,262,29,21
307,262,30,21
308,263,29,21
310,263,30,22
313,264,28,22
311,265,31,20
314,265,29,22
315,266,30,22
317,266,29,21
318,267,28,21
318,266,29,21
318,267,27,21
318,267,28,21
319,267,26,22
318,267,28,21
315,267,29,21
311,266,31,22
311,267,28,22
307,268,29,20
304,269,29,19
302,269,29,20
301,269,28,20
300,269,29,21
300,269,29,20
300,268,30,21
299,268,30,21
300,267,29,21
300,268,29,21
301,267,27,19
301,266,28,20
299,265,29,20
298,266,30,20
299,265,28,21
298,265,30,21
297,264,31,21
296,265,30,20
296,264,31,21
296,264,30,20
295,264,30,19
297,263,29,21
296,263,30,21
295,261,30,21
296,262,30,21
296,262,28,21
296,262,28,21
296,262,28,20
295,262,28,20
295,262,28,19
294,262,28,20
296,262,27,20
296,263,29,20
302,264,28,20
306,265,28,19
308,265,30,21
311,267,31,20
313,266,29,22
315,268,29,21
317,268,28,20
318,269,27,19
319,267,28,22
320,267,28,20
320,267,29,20
320,266,28,20
320,264,27,20
318,264,27,19
316,263,28,21
317,264,26,19
315,264,27,19
315,264,26,19
315,264,27,19
314,263,29,20
313,264,29,20
314,264,28,20
313,264,29,20
312,265,29,20
311,266,28,20
312,265,27,22
310,266,29,20
309,267,27,20
305,267,30,20
306,268,30,19
304,268,28,19
302,267,29,20
302,267,27,19
303,267,26,19
301,267,28,20
300,267,28,20
299,265,27,21
298,266,27,21
299,266,27,20
297,266,28,20
298,265,27,21
298,267,25,19
297,267,27,19
298,265,26,21
298,266,27,20
298,267,28,20
299,267,30,19
303,266,28,20
306,266,29,20
309,266,27,19
312,265,28,19
315,265,28,20
318,265,26,20
317,265,27,21
319,265,27,23
321,265,28,23
322,265,25,23
323,265,27,22
322,266,28,21
322,266,26,20
322,267,25,20
321,265,26,22
319,267,26,22
319,267,26,20
317,267,26,20
318,267,25,20
316,266,26,21
317,266,25,20
316,266,25,20
316,266,25,20
315,265,26,21
314,265,25,21
312,264,25,20
310,264,25,19
310,265,26,19
308,263,23,20
305,263,25,20
302,262,25,20
303,263,24,19
301,263,24,21
299,263,25,21
300,262,24,20
299,262,24,20
299,262,26,21
299,261,24,24
299,261,24,24
299,263,24,21
298,261,25,22
299,263,24,21
299,261,24,21
299,262,25,20
298,262,28,20
301,261,23,21
298,261,26,20
297,260,29,22
298,261,26,21
298,261,26,21
298,262,26,20
301,262,24,21
302,263,23,21
302,265,24,21
303,266,23,18
304,266,24,18
306,267,24,19
306,268,23,18
305,266,24,19
306,268,22,18
306,268,22,18
306,268,23,18
308,268,21,17
310,266,21,18
310,268,21,16
312,267,21,18
312,267,22,18
314,267,20,18
313,267,21,17
313,266,21,18
313,266,21,18
314,266,20,17
313,266,21,17
314,266,21,17
313,266,21,16
311,267,21,17
311,267,20,17
310,268,20,17
309,267,20,17
309,268,19,17
308,267,21,16
308,267,21,17
308,267,21,16
308,266,21,17
308,267,21,16
306,265,23,17
308,266,20,17
306,266,22,16
307,266,21,16
306,265,21,16
307,265,20,17
306,266,20,15
306,265,21,15
306,265,21,17
306,266,20,16
305,265,21,17
304,266,21,15
304,266,21,15
305,266,21,17
304,267,22,15
304,266,21,18
304,266,22,18
305,266,21,19
306,266,22,17
307,266,22,17
306,265,23,19
307,266,24,17
309,266,23,18
309,265,22,18
311,267,21,15
314,266,18,16
314,265,21,17
316,265,21,16
315,266,22,16
317,265,21,16
318,264,20,17
318,266,19,16
317,265,19,16
315,264,22,17
316,264,20,17
314,265,22,17
313,266,23,16
314,266,22,17
312,266,22,17
311,266,23,18
310,267,23,18
309,267,23,17
308,267,25,18
308,267,24,18
309,267,23,19
307,267,25,18
308,268,23,17
308,267,23,18
307,267,24,18
307,268,24,17
307,267,25,17
307,267,25,17
306,267,26,17
306,267,25,19
307,267,25,17
307,267,24,17
307,267,25,17
307,267,24,17
308,267,23,18
307,267,24,17
307,267,23,17
306,267,24,17
305,267,25,17
306,266,24,17
306,266,23,16
304,266,25,17
306,266,22,17
304,266,25,17
305,266,24,17
305,266,23,17
305,266,23,17
305,266,22,18
305,266,21,18
304,266,23,17
304,267,24,17
305,267,22,17
306,267,23,17
305,268,24,15
305,267,24,18
307,267,21,18
304,267,25,17
305,267,23,17
306,267,21,17
307,267,22,17
307,266,23,16
307,266,23,17
309,266,20,15
310,264,20,17
310,264,21,16
311,265,22,15
312,265,22,15
311,263,22,16
312,264,22,16
312,264,23,16
310,264,25,17
311,266,22,16
311,266,23,16
311,267,21,15
309,267,22,16
310,269,21,15
309,268,21,16
309,268,21,17
308,268,23,15
308,268,22,15
309,267,22,17
308,267,22,17
308,267,23,15
309,266,20,16
309,266,20,16
310,266,20,15
310,266,19,15
309,265,20,15
309,265,20,15
308,264,21,15
309,265,20,15
309,266,20,15
308,266,20,15
308,266,20,15
309,267,20,14
308,266,20,15
309,267,20,15
309,267,19,15
308,267,21,15
308,267,22,15
309,268,19,14
309,267,20,16
309,268,19,15
307,267,22,15
308,268,21,14
308,268,21,15
309,267,20,15
309,268,20,14
308,268,21,15
308,268,21,15
308,268,20,15
308,268,21,15
309,268,20,14
307,267,22,16
309,266,19,15
309,267,19,15
308,266,21,15
308,267,21,14
308,267,21,15
307,266,22,15
306,267,23,15
306,267,22,14
306,267,22,14
308,267,19,15
308,268,19,14
307,268,20,15
309,269,18,15
308,271,19,14
308,271,21,15
308,271,20,14
308,271,20,14
308,271,21,16
309,271,20,15
310,271,19,15
308,271,21,14
310,270,19,15
309,270,21,16
309,269,20,16
309,267,20,14
309,266,20,15
310,263,19,14
309,264,20,15
309,263,21,15
310,261,19,15
308,261,21,15
309,261,20,16
310,261,18,16
310,260,19,16
311,260,18,16
311,261,17,15
311,263,19,15
310,262,20,16
310,264,19,15
310,266,20,15
311,268,18,14
310,267,19,15
311,269,19,14
310,270,20,13
310,270,20,14
311,270,19,14
309,270,21,14
310,270,19,15
310,270,20,14
311,270,18,14
310,269,19,15
311,270,18,13
311,270,18,14
311,269,19,15
311,269,20,13
311,268,18,13
310,269,20,13
312,268,18,12
311,266,18,14
311,267,17,13
311,266,18,13
311,266,17,13
311,265,17,13
311,264,17,15
310,265,17,13
309,265,18,13
310,264,18,15
308,264,19,16
309,264,19,15
310,264,17,15
310,264,15,15
310,264,16,15
311,267,15,14
310,267,16,14
310,267,16,14
311,268,14,13
311,268,14,14
310,268,15,13
309,268,17,13
308,267,17,14
308,267,16,15
309,268,15,14
308,267,16,14
307,266,17,15
308,266,16,14
308,265,16,14
308,265,16,15
308,266,16,13
309,265,14,14
309,265,15,13
309,264,15,14
309,265,15,13
309,265,16,13
308,265,17,14
308,265,17,13
309,265,16,14
310,267,15,13
310,268,16,12
309,267,17,13
310,267,16,14
309,268,18,13
309,268,17,14
310,268,16,14
309,269,18,14
310,268,17,15
310,269,17,14
310,270,17,14
309,269,18,16
310,270,18,14
311,270,17,14
311,270,17,14
310,269,18,15
311,270,18,14
310,269,18,13
310,269,18,15
310,269,18,14
311,269,17,15
311,269,17,14
310,269,18,15
310,269,18,15
310,269,19,15
310,268,19,17
310,268,19,16
311,268,18,15
311,267,18,15
311,267,18,16
311,268,19,14
310,267,18,16
311,267,18,14
311,267,18,15
311,267,18,16
311,267,17,15
311,268,18,14
311,268,18,14
311,267,18,15
311,267,18,15
311,267,18,16
311,268,18,15
311,268,18,15
311,269,17,14
310,268,19,15
310,268,19,15
310,268,19,14
311,268,18,16
311,270,17,13
310,269,19,15
311,270,18,13
311,271,17,13
311,270,17,12
311,270,17,13
311,270,17,13
311,270,17,13
311,270,17,13
311,270,17,13
311,270,18,13
310,270,18,13
310,270,17,12
309,270,18,13
310,270,16,13
309,269,17,13
309,269,18,13
309,269,18,14
309,269,17,13
309,269,17,14
309,269,17,13
308,269,18,13
308,270,17,13
308,270,17,13
308,271,17,12
308,271,17,12
307,271,18,13
308,271,16,14
307,272,17,13
307,272,16,13
308,271,16,14
307,272,17,13
307,272,17,13
306,271,18,15
307,271,17,13
307,271,16,13
308,271,17,11
308,270,17,12
309,269,17,13
309,268,18,13
310,267,17,13
311,268,17,12
311,267,17,13
312,268,17,13
312,268,17,14
312,268,17,13
311,268,18,13
312,268,17,13
312,269,17,12
311,269,18,13
312,269,16,13
311,269,17,13
311,268,17,14
311,269,17,13
311,269,16,13
310,270,17,14
310,270,17,14
310,271,16,12
310,270,16,12
309,271,16,13
309,271,17,13
308,271,17,13
308,271,18,13
309,271,16,13
309,272,16,12
308,271,17,12
309,271,16,12
307,271,18,12
309,271,16,12
308,271,17,12
309,271,16,11
308,270,17,11
309,270,16,12
309,269,17,13
310,268,16,13
309,269,17,13
310,268,16,13
310,268,16,14
311,267,15,14
311,268,16,14
312,266,15,14
312,266,17,15
312,266,16,15
312,266,17,14
312,265,17,14
313,265,15,14
313,265,16,14
312,266,17,13
312,266,18,13
312,266,16,13
313,266,15,13
312,268,16,12
311,269,17,12
310,271,17,11
311,270,17,13
310,272,17,11
309,272,17,12
309,272,16,11
309,272,16,11
309,271,16,14
308,272,17,12
308,271,18,13
308,272,18,13
307,271,17,13
308,271,16,13
308,270,16,11
308,270,17,13
308,270,16,13
308,268,17,14
308,269,17,13
308,268,17,13
308,268,16,12
307,268,17,13
309,268,15,12
308,267,16,14
307,267,17,12
308,268,16,12
309,268,15,12
309,268,16,13
310,268,16,13
310,267,18,13
312,268,17,13
313,268,16,12
314,268,15,13
314,268,16,12
315,267,17,13
316,269,17,12
318,269,15,12
317,268,16,13
318,269,16,13
318,269,16,13
317,270,16,11
317,270,16,11
315,271,17,12
316,270,17,12
316,269,15,13
316,270,15,12
316,271,15,12
315,271,16,11
315,270,16,12
315,270,15,12
315,270,14,12
315,271,15,11
314,270,16,12
314,269,16,13
314,270,16,12
312,270,17,11
312,269,16,13
312,269,16,12
312,270,15,11
311,269,16,12
311,270,16,11
311,269,15,13
310,269,17,12
310,270,16,11
310,269,16,12
310,270,15,11
308,270,16,10
310,270,15,11
309,270,16,10
307,269,18,12
307,270,16,11
306,270,17,11
307,270,16,10
307,269,16,12
307,269,17,12
307,269,16,12
307,269,16,12
307,270,15,10
308,269,14,12
308,269,15,12
307,270,15,11
309,270,13,11
308,270,14,11
308,269,14,12
309,270,13,11
308,270,15,11
309,270,14,10
309,270,15,11
308,270,16,10
309,269,16,12
310,269,15,11
312,269,15,12
311,270,16,11
314,271,15,11
316,271,15,11
318,270,15,12
319,270,14,12
319,269,15,12
319,270,15,11
319,270,16,12
319,271,16,11
320,270,15,11
320,271,15,11
319,271,16,11
319,270,15,11
318,271,14,11
317,271,16,11
318,270,13,12
316,271,14,11
316,271,14,11
315,271,15,11
315,271,15,12
315,272,14,11
314,271,16,12
314,271,15,12
314,271,15,12
315,271,15,12
315,271,14,11
315,271,14,10
314,271,14,11
314,271,15,11
313,271,15,11
312,270,15,11
312,270,14,12
310,270,15,11
310,269,15,12
310,269,14,12
308,269,14,12
308,268,14,12
308,268,14,11
307,267,15,13
308,266,14,13
307,267,16,12
307,266,15,13
307,267,15,11
306,267,17,13
308,267,14,13
307,268,14,12
307,268,15,12
308,269,14,11
308,269,13,14
308,270,14,12
308,270,14,11
309,271,13,10
309,271,13,11
310,270,12,12
309,270,14,12
310,270,13,11
310,270,14,12
311,271,14,12
312,271,13,11
312,271,14,10
311,271,15,10
313,271,12,11
313,271,13,11
313,271,13,11
314,271,13,11
314,271,14,12
313,271,15,11
313,270,16,12
313,269,15,11
314,268,14,11
314,268,14,11
314,266,12,11
314,267,14,10
314,266,13,12
313,266,15,11
314,267,14,11
315,267,12,11
313,267,15,12
314,268,15,11
314,267,14,13
314,268,14,12
314,269,15,11
314,269,14,11
314,270,14,11
313,270,16,12
313,271,16,11
311,271,17,13
312,271,17,12
313,272,14,12
313,272,14,12
313,273,15,11
313,272,15,12
311,269,18,12
311,269,15,11
311,268,14,11
311,267,14,12
311,267,13,12
310,267,15,13
310,266,14,15
310,267,14,11
310,266,13,12
311,267,13,12
309,266,14,12
309,267,14,13
309,269,15,11
309,270,12,11
308,270,14,11
308,270,13,11
309,271,13,10
308,271,13,10
308,270,13,10
307,270,14,11
307,270,14,10
307,269,14,12
307,271,15,10
307,270,14,10
307,268,14,12
306,268,16,12
307,269,14,11
306,268,16,11
307,268,15,11
307,268,14,11
309,268,13,12
315,268,15,10
319,269,14,11
321,270,15,10
324,269,13,11
324,269,15,11
325,270,13,11
326,269,14,11
327,268,14,13
326,269,16,11
326,269,13,10
322,269,13,12
322,269,14,11
318,269,14,12
319,270,13,11
317,270,14,12
317,270,15,12
318,271,13,9
317,270,14,12
316,271,14,11
316,269,13,13
316,270,13,12
312,270,13,11
309,270,15,11
308,270,14,11
306,270,15,11
306,270,15,11
307,270,13,11
306,269,15,12
307,270,14,10
307,269,15,12
307,268,14,12
307,268,14,11
307,267,14,13
306,267,16,13
307,268,14,12
306,267,16,12
307,268,15,12
307,268,15,12
308,269,14,11
309,269,14,12
310,271,13,10
309,271,14,10
311,271,12,10
311,270,13,13
311,271,13,11
312,272,12,9
312,272,12,10
312,272,13,10
312,272,14,10
312,271,14,11
312,272,14,9
312,271,14,10
313,271,13,10
312,271,15,10
313,270,13,11
312,270,14,10
313,270,13,11
313,270,14,10
313,270,14,11
314,271,14,9
314,270,14,10
314,270,13,10
314,270,14,10
314,269,14,11
314,269,14,10
315,269,13,10
315,269,14,11
315,269,14,10
315,269,14,10
316,268,13,12
316,269,13,11
316,268,13,11
316,270,12,10
316,270,13,11
316,271,13,11
314,272,15,11
315,272,13,10
315,273,14,11
315,272,15,12
316,272,13,11
316,272,13,12
316,272,13,12
315,271,13,11
316,270,11,12
313,270,13,11
314,269,12,12
312,269,13,11
310,270,13,11
310,271,13,9
309,270,13,11
308,270,13,11
307,271,12,11
307,270,12,10
306,270,13,10
305,269,14,10
305,270,14,11
306,269,13,11
307,270,13,10
307,269,13,10
307,269,14,9
309,268,12,12
310,269,12,10
311,268,12,12
310,268,13,12
312,268,12,12
312,267,13,12
313,268,13,12
312,268,14,11
313,268,13,11
313,267,14,12
315,268,13,11
316,269,12,10
316,268,13,10
316,269,15,10
318,269,12,10
319,269,14,12
318,269,15,11
321,270,12,10
321,270,13,11
321,271,14,10
322,270,14,11
321,270,15,10
323,269,14,10
322,270,15,10
322,270,15,10
322,270,15,10
323,271,13,9
322,271,12,9
322,271,13,9
321,271,13,9
321,271,12,10
321,271,13,9
320,270,14,10
321,271,13,9
321,271,13,10
322,271,12,10
320,270,14,11
319,269,13,10
317,268,13,11
317,269,13,9
313,268,12,10
308,268,14,11
306,268,12,12
303,269,12,10
303,268,12,11
302,268,12,11
302,268,12,12
301,268,12,10
302,268,12,11
302,268,13,11
302,269,13,11
303,270,12,10
302,270,13,11
303,270,12,10
303,269,13,11
304,271,12,9
303,270,13,10
304,270,12,10
306,270,11,9
305,269,13,11
308,270,11,10
309,270,12,10
311,271,11,9
312,270,12,9
314,269,12,10
315,269,13,10
317,270,10,9
316,270,13,9
318,269,12,10
317,269,14,11
317,270,14,9
319,270,12,9
319,269,12,10
318,269,14,11
319,268,12,12
318,269,13,12
319,270,12,10
318,270,13,9
318,270,13,10
318,270,12,11
318,270,12,11
318,269,13,11
317,270,12,10
316,270,12,9
315,270,13,9
315,270,11,9
314,269,13,11
313,270,14,10
312,270,13,9
309,269,14,11
303,270,13,11
302,270,12,10
302,270,11,9
300,270,13,9
300,270,11,9
299,269,12,10
298,270,13,9
297,268,14,11
296,270,13,9
296,270,14,10
298,269,12,11
296,269,15,11
298,270,13,9
299,269,15,11
301,270,13,10
302,270,12,10
306,270,12,10
306,270,11,10
309,270,11,11
310,270,13,11
311,270,13,11
312,271,12,10
312,271,12,11
310,271,14,9
312,272,12,9
311,271,13,9
312,271,12,9
311,271,13,9
312,272,12,9
313,271,13,10
312,270,14,11
314,270,13,11
313,271,15,10
313,272,13,9
313,270,12,11
312,270,15,11
312,271,15,10
313,270,12,10
313,271,13,10
313,271,13,9
314,270,10,9
314,269,12,10
313,269,12,9
313,269,13,10
314,269,13,10
314,270,14,9
314,268,12,11
314,269,12,10
314,268,12,10
314,268,13,11
314,267,12,12
314,268,13,11
314,268,13,11
314,268,13,11
314,269,13,8
314,268,12,10
313,269,13,10
312,268,13,11
314,270,11,10
313,270,12,9
312,269,13,10
313,269,12,10
310,270,15,10
312,269,12,10
312,270,13,11
312,271,12,9
312,271,12,10
312,271,13,9
312,270,12,11
311,270,14,11
311,271,13,11
311,270,13,11
311,271,13,9
310,270,13,11
310,270,13,10
310,270,12,9
310,269,13,13
310,270,13,10
310,270,13,12
309,269,14,12
310,270,13,12
309,270,13,11
310,270,12,10
309,270,14,11
310,270,12,10
311,269,11,12
310,269,12,12
309,269,13,11
308,269,14,11
310,269,13,12
309,269,13,13
310,269,13,12
310,268,14,12
310,267,14,12
310,267,16,12
310,266,15,13
311,267,15,13
312,267,14,12
314,267,14,11
312,267,15,12
315,266,14,13
315,267,16,12
313,267,15,14
314,268,15,11
313,268,17,12
314,268,15,12
316,270,14,10
315,269,14,12
314,269,15,12
314,269,15,12
313,269,17,13
314,270,14,11
313,270,15,11
312,270,16,11
313,271,17,12
313,270,16,12
310,269,18,13
312,270,17,13
310,270,18,12
311,270,17,12
312,269,16,13
311,269,17,13
310,269,16,13
309,270,17,12
310,270,16,13
310,269,18,15
311,270,17,13
310,271,18,12
