338,251,41,27
303,249,43,31
274,250,41,28
260,250,39,28
269,248,40,29
277,248,40,30
283,247,40,30
289,247,41,30
295,247,42,30
302,247,43,30
309,246,42,30
316,246,41,31
322,246,40,30
329,246,40,30
335,246,40,29
342,246,40,29
349,246,40,29
356,246,41,31
354,246,40,30
323,245,40,29
292,245,40,28
261,245,41,28
232,244,42,31
230,244,41,32
240,243,42,32
246,243,41,32
252,243,40,32
258,243,39,32
263,242,39,32
268,241,40,32
274,240,41,33
279,240,40,32
284,240,39,31
289,240,38,31
296,240,37,30
299,239,38,30
303,239,39,30
307,240,40,31
310,240,40,31
314,240,40,31
318,240,41,31
319,239,41,31
293,240,45,30
255,240,45,29
221,240,43,28
187,240,46,31
173,243,34,25
174,242,36,26
176,241,39,27
178,240,42,28
180,240,41,29
181,240,41,28
182,240,41,28
184,240,41,27
185,240,41,27
187,241,41,27
187,240,41,27
188,240,41,27
189,240,41,27
190,240,42,28
191,240,42,28
192,240,42,28
193,240,42,28
194,240,43,29
194,240,42,29
195,240,42,29
196,240,42,29
196,240,42,29
197,240,42,29
198,241,42,29
199,241,42,28
198,240,44,31
200,241,42,30
200,241,42,29
200,241,42,29
200,241,42,29
200,241,42,29
201,241,42,29
201,241,42,28
201,241,42,28
201,241,42,27
202,242,42,27
202,242,42,26
202,242,42,26
203,243,42,26
202,241,43,28
201,240,45,31
172,242,46,29
132,242,48,29
103,240,43,30
101,242,41,28
102,242,40,27
103,242,39,27
104,242,39,27
105,242,38,26
106,242,37,26
107,243,37,26
105,240,42,31
121,242,50,27
159,241,47,28
198,241,45,30
234,241,45,28
271,242,45,27
302,242,40,28
300,241,42,28
298,240,44,29
299,240,43,28
300,240,43,28
301,240,42,28
302,240,42,28
303,240,42,27
304,240,41,27
305,240,41,27
306,241,41,27
307,241,40,26
309,241,39,26
311,242,39,26
315,242,41,25
316,241,41,27
317,241,39,26
318,242,37,25
320,243,35,25
321,242,35,25
322,242,36,25
323,242,36,26
324,242,37,26
326,242,37,27
327,241,38,27
328,241,38,27
329,241,39,28
330,241,39,28
332,241,40,29
315,240,44,29
278,240,44,29
242,240,44,30
224,240,46,28
228,241,45,27
232,242,44,27
233,242,43,27
234,242,43,27
236,242,43,27
237,242,43,27
238,242,43,27
240,242,43,27
243,242,41,26
246,242,39,26
249,243,37,26
250,242,37,26
251,242,38,26
252,242,39,26
253,241,39,26
255,241,40,27
256,241,41,27
257,240,41,27
258,240,42,27
259,240,43,27
261,240,44,28
235,240,44,25
197,241,44,27
165,240,43,28
160,240,43,28
167,241,42,27
168,241,41,27
170,241,41,27
172,241,41,27
174,241,41,27
176,241,41,27
177,241,41,27
179,241,41,27
181,241,41,27
183,241,41,27
185,241,41,27
186,240,41,27
188,240,41,27
190,240,41,27
192,240,41,27
194,240,41,27
196,240,41,27
198,240,41,27
200,240,41,27
202,240,41,27
204,240,41,27
206,240,41,27
208,240,41,27
210,240,41,27
212,240,41,27
214,240,41,27
216,240,41,27
218,240,41,27
220,240,41,27
222,240,41,27
224,240,41,27
226,240,41,27
228,240,41,27
230,240,42,27
232,240,41,26
235,241,40,25
236,240,41,28
238,240,41,27
240,240,41,27
242,240,41,26
244,240,41,26
247,241,42,26
249,240,42,26
251,239,42,26
253,239,42,27
255,240,42,27
256,240,40,27
228,240,45,26
190,240,45,28
159,239,42,29
153,240,40,27
159,238,41,30
161,238,40,29
163,238,39,29
166,238,39,29
168,238,38,29
171,238,37,28
173,238,37,28
176,238,36,28
178,238,35,28
181,238,35,28
183,238,35,28
185,238,35,28
187,238,35,28
190,238,35,28
192,238,36,28
194,238,36,28
196,238,36,28
199,238,36,28
201,238,36,28
203,238,37,28
206,238,37,28
208,238,37,28
210,238,37,28
212,238,37,28
215,238,38,28
217,238,38,28
219,238,38,28
222,238,38,28
224,238,38,28
226,238,39,28
228,238,39,28
231,238,39,28
233,238,39,28
235,238,39,28
238,238,40,28
240,237,40,28
243,237,40,28
245,237,40,28
248,237,40,28
251,237,40,28
253,237,40,28
256,237,40,28
258,237,40,28
261,237,40,28
264,237,41,28
250,238,45,25
214,238,45,28
202,238,40,27
210,239,38,26
212,239,38,26
215,239,38,26
217,239,38,26
220,240,38,26
222,240,38,26
225,240,38,26
227,240,38,26
230,241,38,26
232,241,38,26
235,241,38,26
238,242,38,26
240,241,38,26
242,241,38,26
245,241,38,26
247,241,38,26
250,241,38,27
252,241,38,27
255,241,38,27
258,242,39,27
260,242,39,27
263,242,39,27
266,243,40,27
269,243,39,26
248,243,42,29
212,243,42,28
177,243,43,27
142,244,44,27
125,243,41,28
130,243,40,29
135,243,40,30
137,243,40,29
139,244,40,29
141,244,40,28
143,245,40,28
145,245,40,27
148,246,41,27
150,246,40,27
153,246,40,27
156,246,40,27
159,246,39,27
162,247,39,27
165,247,39,27
168,247,39,27
171,247,38,27
174,248,38,27
177,248,38,27
180,248,37,27
183,248,37,27
185,249,37,27
188,249,37,27
191,249,36,27
194,249,36,27
197,250,36,27
200,250,35,27
203,250,35,27
206,250,35,27
209,251,35,27
212,251,34,27
215,251,34,27
218,251,34,27
221,252,34,27
224,252,33,26
227,253,33,25
230,254,33,24
233,255,33,23
237,256,33,22
223,255,37,27
185,255,42,27
150,256,39,25
125,255,36,25
126,256,34,24
133,256,33,23
135,256,33,22
137,257,34,22
140,257,35,23
144,258,36,25
147,257,36,25
150,257,36,26
153,257,36,26
156,257,37,27
159,257,37,27
162,257,37,28
165,257,37,28
169,257,38,29
177,257,41,30
216,259,38,27
253,259,42,27
292,259,38,31
301,259,36,29
299,259,38,29
303,259,38,29
307,259,38,29
310,259,37,28
314,259,37,28
318,259,36,28
321,260,36,28
325,260,35,28
329,260,35,27
333,260,34,27
336,261,34,27
340,261,33,27
344,261,33,27
348,262,33,27
351,262,32,26
355,262,32,26
358,263,31,25
362,263,31,25
365,263,31,25
369,264,30,24
372,264,30,24
376,265,30,24
379,265,30,24
382,265,31,24
385,265,32,24
388,265,33,24
391,265,34,25
394,265,34,25
397,265,35,25
400,265,36,25
403,265,37,25
407,265,38,26
410,265,37,26
414,265,37,26
417,265,37,27
421,265,37,27
425,266,37,28
427,265,37,28
430,265,37,28
433,265,37,28
435,264,38,28
438,264,38,28
441,264,38,28
444,264,39,28
449,265,36,26
454,266,33,24
460,267,31,22
463,267,31,22
466,267,31,22
469,267,32,22
472,267,32,22
475,267,32,22
478,267,33,23
481,267,33,23
484,267,33,23
487,267,34,23
490,267,34,23
493,267,34,24
496,267,35,24
499,267,35,24
502,267,35,24
505,267,36,24
508,267,36,25
511,267,36,25
514,267,37,25
517,267,37,25
520,267,37,25
524,267,38,26
524,265,40,28
497,265,45,28
464,265,41,28
431,266,38,28
426,265,39,27
434,265,38,27
436,264,39,28
437,265,42,28
441,265,39,27
442,265,42,27
435,266,43,26
400,264,44,28
368,264,40,28
363,265,38,28
371,265,36,28
373,265,37,27
375,265,37,27
377,265,37,27
379,265,37,27
382,265,37,27
373,264,41,28
340,266,42,23
302,262,43,28
275,265,38,26
276,265,35,26
282,265,35,25
284,265,34,25
286,265,34,25
289,265,34,25
289,262,34,27
290,262,34,27
292,262,34,27
294,262,34,27
296,262,34,27
298,262,34,27
300,262,34,27
301,261,34,27
302,261,34,27
303,261,34,27
304,261,34,27
305,261,34,28
296,261,37,27
258,258,42,31
219,257,42,30
196,260,37,28
199,260,35,27
202,261,34,27
202,259,33,27
201,259,33,26
201,259,34,25
201,259,34,24
200,259,35,23
200,259,35,22
200,260,36,22
200,259,35,22
200,259,35,22
200,259,35,22
200,258,35,22
201,258,35,22
201,258,35,22
201,257,35,22
201,257,35,22
201,257,34,23
202,256,34,23
202,256,34,23
202,256,34,23
202,255,34,23
202,255,34,23
203,255,34,23
203,254,34,23
203,254,33,24
203,254,33,24
203,253,33,24
204,253,33,24
204,253,33,24
204,252,33,24
204,252,33,24
204,252,33,24
205,252,33,25
204,251,33,25
204,251,33,25
204,251,33,25
204,251,33,25
203,250,33,25
203,250,33,25
203,250,33,25
203,250,33,25
202,249,34,25
202,249,34,25
202,249,34,25
202,249,34,25
201,248,34,25
201,248,34,25
201,248,34,25
201,248,34,25
200,247,35,25
200,247,35,25
200,247,35,25
200,247,35,25
199,246,35,25
199,246,35,25
199,246,35,25
199,246,35,25
199,246,36,25
198,245,35,25
198,245,35,25
198,245,35,25
198,245,35,25
198,245,35,25
198,245,35,25
198,245,35,25
198,245,35,25
198,244,35,25
198,244,35,25
198,244,35,25
198,244,35,25
197,244,34,25
197,244,34,25
197,244,34,25
197,244,34,25
197,243,34,25
197,243,34,25
197,243,34,25
197,243,34,25
197,243,34,25
197,243,34,25
197,243,34,25
197,243,34,25
197,243,34,25
196,243,34,25
196,243,34,25
196,243,34,25
196,243,34,25
196,243,34,25
196,243,34,25
196,243,34,25
196,243,34,25
196,243,34,25
196,243,34,25
196,243,34,25
196,243,34,25
196,243,35,25
196,243,35,25
196,243,35,25
196,243,35,25
196,243,35,25
196,243,35,25
196,243,35,25
196,243,35,25
196,243,35,25
196,243,35,25
196,243,35,25
196,243,35,25
196,244,36,25
195,244,37,27
194,244,37,26
194,244,37,26
194,244,37,26
194,244,37,26
194,244,37,26
194,244,37,25
194,244,37,25
194,245,37,25
194,245,37,25
194,246,37,25
194,246,36,25
194,246,35,25
195,246,35,26
194,246,36,26
194,246,37,26
194,246,38,26
194,246,39,26
194,246,38,26
195,246,38,26
195,246,37,26
196,247,37,27
195,247,38,28
195,247,39,29
206,246,44,28
241,246,45,30
281,246,41,31
299,246,37,30
295,246,38,31
296,246,37,30
297,247,36,29
298,248,36,29
299,248,36,28
300,248,36,28
302,248,36,28
303,248,36,28
304,248,36,28
306,248,36,28
307,248,36,28
309,249,36,28
310,249,35,27
311,249,35,27
313,250,35,27
314,250,35,26
316,251,35,26
317,251,34,26
318,251,34,25
320,252,34,25
321,252,34,25
323,253,34,25
295,251,43,30
257,252,42,29
241,251,36,30
248,252,35,28
249,252,35,28
251,252,35,28
253,252,36,29
255,252,36,29
257,252,36,29
259,253,37,30
262,253,36,29
265,253,36,29
268,253,35,29
271,254,35,29
274,254,35,29
277,254,34,29
280,254,34,29
283,255,33,28
286,255,33,28
289,255,33,28
292,255,32,28
295,256,32,28
298,256,31,28
301,256,31,28
305,257,31,28
307,257,36,29
299,258,38,29
265,256,42,32
232,258,39,27
230,258,36,28
238,259,35,28
241,259,35,28
244,259,35,28
247,259,35,28
251,259,35,28
254,259,35,28
257,259,35,28
261,259,35,29
265,259,34,28
269,259,34,28
273,259,34,28
277,259,34,28
281,259,34,27
285,259,34,27
289,259,34,27
293,260,34,27
271,263,42,28
235,262,41,31
293,260,34,28
184,262,33,23
188,261,33,23
193,261,33,23
197,261,33,23
202,261,33,23
206,261,33,23
211,261,33,23
215,260,33,23
220,260,33,23
224,260,33,23
229,260,33,23
233,260,33,23
238,260,33,23
242,259,33,23
247,259,33,23
251,259,33,23
256,259,33,23
260,259,33,23
265,259,33,23
269,258,33,23
274,258,33,23
278,258,33,23
283,258,33,23
287,258,33,23
292,258,33,23
297,258,33,24
301,257,33,24
305,257,34,25
309,257,34,25
314,257,35,26
319,256,35,27
324,256,36,28
327,257,34,26
303,254,41,29
267,256,40,27
247,256,34,25
251,256,35,28
260,256,34,26
264,255,33,26
269,255,33,26
273,255,33,26
278,255,33,27
282,254,33,27
287,254,33,27
292,254,33,27
297,254,33,27
301,254,32,27
306,254,32,27
310,254,32,27
315,254,32,27
320,255,32,28
324,254,34,27
329,254,36,27
329,253,36,29
299,257,41,27
265,256,39,27
236,256,37,26
234,256,33,29
241,255,33,29
248,254,33,29
252,253,33,28
257,253,33,28
262,253,33,28
267,253,33,28
272,253,33,28
277,253,33,28
282,253,33,28
287,253,33,28
291,252,33,28
296,252,33,28
301,252,33,28
306,252,33,28
311,252,33,28
316,252,33,28
321,252,33,28
326,252,33,28
330,252,33,28
334,252,34,28
329,252,36,28
294,252,41,29
259,251,44,27
234,251,38,29
230,252,36,27
239,251,37,29
243,250,36,29
248,250,36,29
253,250,36,29
258,250,35,29
263,250,35,29
268,250,35,29
273,250,35,30
278,250,34,29
283,250,34,29
288,250,34,28
293,250,33,28
298,251,33,28
303,251,33,27
308,251,32,27
313,251,32,26
318,251,32,26
324,252,32,26
310,248,39,30
275,250,38,27
245,249,38,28
215,249,38,29
185,249,38,30
182,251,35,28
190,249,35,29
195,249,34,28
200,249,34,28
205,249,34,28
210,249,34,28
215,249,34,28
220,249,33,28
225,249,33,28
230,249,33,28
235,249,33,28
240,249,33,28
245,249,33,28
250,248,33,28
255,248,33,28
260,247,33,29
265,247,33,29
270,247,33,30
275,247,32,28
281,247,31,27
286,247,31,26
291,248,31,26
296,249,31,26
282,249,38,26
248,249,39,25
214,249,41,25
203,248,34,26
210,247,37,27
215,247,37,27
220,247,37,27
225,246,36,27
230,246,36,27
235,246,36,27
240,246,36,27
245,246,36,27
250,245,36,27
255,245,36,27
260,245,35,28
265,245,35,28
270,245,35,28
275,244,35,28
280,244,35,28
285,244,35,28
290,244,35,28
295,244,35,29
300,244,34,29
305,244,33,29
310,244,32,29
315,245,32,30
289,245,39,32
254,244,38,30
221,243,39,30
198,244,34,27
203,244,33,26
208,244,33,26
213,244,33,26
218,244,33,26
224,244,33,26
229,245,33,26
234,245,33,26
239,245,33,26
245,245,33,25
250,245,33,25
255,245,33,25
260,246,33,25
266,246,33,25
271,246,33,25
276,246,33,25
281,246,33,25
287,247,33,25
291,247,33,27
279,248,36,27
245,247,36,27
213,246,36,27
181,246,37,27
150,246,38,28
136,246,33,27
141,246,33,26
147,247,33,26
153,247,33,25
159,248,33,25
165,249,33,25
169,249,33,24
174,249,33,24
179,249,33,24
184,249,34,24
189,250,34,24
194,250,34,24
198,250,35,24
203,250,35,24
208,251,35,24
213,251,36,24
218,251,36,24
223,251,36,24
228,252,37,24
233,252,37,24
238,252,37,24
243,252,37,25
248,252,37,25
254,252,37,26
259,252,37,26
264,252,37,27
269,252,37,27
275,252,37,28
280,251,38,29
262,253,42,28
226,251,44,30
196,252,41,28
194,252,41,30
203,250,39,31
207,250,39,31
212,250,39,31
217,250,39,31
222,250,39,31
227,250,39,31
231,250,39,31
236,250,39,31
241,250,39,31
246,250,39,31
251,251,39,32
255,251,39,31
260,252,39,31
265,252,39,30
270,253,39,30
274,253,39,29
279,254,39,29
284,254,39,28
289,255,40,28
271,255,42,28
235,256,43,28
203,255,43,28
171,255,44,28
139,255,45,29
129,254,41,29
137,253,41,31
141,253,40,31
146,253,40,31
151,253,40,31
156,253,39,31
161,253,39,31
166,253,39,31
171,253,38,31
176,253,38,31
181,253,38,31
186,254,38,31
190,253,38,31
194,253,38,31
198,253,38,31
203,253,38,31
207,253,39,31
211,253,39,31
216,253,39,31
220,253,39,31
224,253,39,31
229,253,40,31
204,255,43,29
169,253,43,31
138,254,39,29
116,255,39,29
122,255,38,28
128,256,37,27
132,255,37,27
136,255,37,27
140,255,37,27
144,254,38,28
148,254,38,28
152,254,38,28
157,254,39,29
162,254,38,27
167,255,38,26
171,254,37,26
176,254,37,26
180,254,37,26
185,254,37,26
189,254,37,26
194,254,37,26
198,253,37,26
203,253,37,26
207,253,37,26
212,253,37,26
216,253,37,26
221,253,37,26
225,252,36,27
230,252,36,27
234,252,36,27
239,252,36,27
243,252,36,27
248,252,36,27
252,251,36,27
257,251,36,27
261,251,36,27
266,251,36,27
270,251,36,27
275,251,36,27
280,251,36,28
284,251,35,27
289,251,35,27
294,251,35,27
281,250,40,30
257,249,37,29
262,249,36,29
268,249,35,30
273,249,32,29
277,249,33,28
281,249,34,28
285,249,35,28
289,249,36,28
293,249,37,28
298,249,39,28
302,248,38,28
307,248,38,28
311,248,38,28
316,248,37,28
320,248,37,28
325,248,37,28
330,248,37,29
334,248,36,28
338,249,36,27
343,250,36,27
338,248,36,30
303,249,42,31
268,249,40,31
244,250,35,29
