221,331,103,67
220,332,103,67
219,332,103,67
218,333,102,67
218,333,102,66
217,334,102,66
216,334,101,66
215,335,101,66
214,335,101,66
213,336,100,66
213,336,100,65
212,337,99,65
211,337,99,65
210,338,99,65
209,338,98,65
208,339,98,65
208,339,98,64
207,340,97,64
206,340,97,64
205,341,97,64
204,341,96,64
203,342,96,64
203,343,96,64
201,343,95,64
199,343,95,64
197,344,95,64
195,344,95,64
193,345,95,64
191,345,94,64
190,345,94,64
188,346,94,64
186,346,94,64
184,347,94,64
182,347,93,64
180,347,93,64
179,348,93,64
177,348,93,64
175,349,93,64
173,349,92,64
171,349,92,64
169,350,92,64
168,350,92,64
166,351,92,64
164,351,91,64
162,351,91,64
160,352,91,64
158,352,91,64
157,353,91,65
154,353,90,65
152,354,90,65
149,354,90,65
147,355,90,65
144,355,90,65
142,356,90,65
139,356,89,65
137,357,89,65
134,357,89,66
132,358,89,66
129,358,89,66
127,359,89,66
124,359,88,66
122,360,88,66
119,360,88,66
117,361,88,66
114,361,88,67
112,362,88,67
109,362,87,67
107,363,87,67
104,363,87,67
102,364,87,67
99,364,87,67
97,365,87,67
95,366,87,68
91,366,87,67
88,367,88,66
84,368,88,66
81,369,89,65
78,370,90,65
74,370,91,64
70,370,92,64
66,370,93,64
62,370,94,64
59,371,96,64
57,372,93,63
56,373,91,63
54,374,89,62
53,375,87,62
52,377,85,62
53,360,77,74
40,195,81,67
37,200,79,67
37,200,76,64
391,198,86,69
387,200,87,68
383,202,88,67
379,204,89,66
376,204,89,65
373,205,90,64
370,206,91,63
367,207,92,62
365,208,93,61
363,208,91,62
361,208,89,64
359,208,87,65
357,208,85,67
356,208,84,69
374,213,84,62
342,124,22,28
257,93,17,21
419,221,28,40
449,237,30,43
479,253,32,46
509,269,34,49
539,285,36,52
569,301,38,55
599,317,41,58
596,318,43,59
593,319,46,61
591,320,48,62
588,321,51,64
586,322,54,66
582,321,57,67
578,320,61,68
575,320,64,69
571,319,68,70
568,319,72,71
567,320,72,69
566,321,73,67
565,322,74,66
564,323,75,64
564,325,76,63
561,325,77,63
559,325,78,63
556,326,79,63
554,326,80,63
552,327,81,63
549,327,82,63
547,328,83,63
544,328,84,63
542,329,85,63
540,329,86,63
537,330,87,63
535,330,88,63
532,331,89,63
530,331,90,63
528,332,92,64
526,332,91,63
525,333,91,63
524,334,90,63
522,334,90,63
521,335,90,63
520,336,89,63
518,336,89,62
517,337,88,62
516,338,88,62
514,338,88,62
513,339,87,62
512,340,87,62
510,340,86,61
509,341,86,61
508,342,86,61
506,342,85,61
505,343,85,61
504,344,84,61
502,344,84,60
501,345,84,60
500,346,83,60
498,346,83,60
497,347,82,60
496,348,82,60
495,349,82,60
493,349,81,59
491,350,81,59
490,350,81,59
488,351,81,59
487,351,81,59
485,352,81,58
484,352,81,58
482,353,81,58
480,353,80,58
479,354,80,58
477,354,80,57
476,355,80,57
474,355,80,57
473,356,80,57
471,356,80,57
470,357,80,56
468,357,79,56
466,358,79,56
465,358,79,56
463,359,79,56
462,359,79,55
460,360,79,55
459,360,79,55
457,361,79,55
456,362,79,55
453,362,79,55
451,362,79,55
449,362,79,55
446,362,79,55
444,362,80,55
442,362,80,55
439,363,80,55
437,363,80,55
435,363,81,55
432,363,81,55
430,363,81,55
428,363,81,55
425,364,82,55
423,364,82,55
421,364,82,55
418,364,82,55
416,364,83,55
414,364,83,55
411,365,83,55
409,365,83,55
407,365,84,55
404,365,84,55
402,365,84,55
400,365,84,55
398,366,85,56
397,366,85,56
396,366,85,56
395,367,85,56
395,367,85,56
394,367,85,56
393,368,85,56
393,368,85,56
392,368,85,56
391,369,85,56
391,369,85,56
390,369,85,56
389,370,85,56
389,370,86,56
388,371,86,56
387,371,86,56
387,371,86,56
386,372,86,56
385,372,86,56
385,372,86,56
384,373,86,56
383,373,86,56
383,373,86,56
382,374,86,56
381,374,86,56
381,375,87,56
381,375,86,56
382,375,86,56
383,375,85,56
383,375,85,56
384,376,85,56
385,376,84,56
386,376,84,56
386,376,83,56
387,376,83,56
388,377,83,56
388,377,82,56
389,377,82,56
390,377,81,56
391,377,81,56
391,378,81,56
392,378,80,56
393,378,80,56
393,378,79,56
394,378,79,56
395,379,79,56
396,379,78,56
396,379,78,56
397,379,77,56
398,379,77,56
399,380,77,56
402,380,73,53
405,380,70,51
408,381,67,49
410,381,64,51
413,381,62,53
414,375,62,55
410,341,69,58
409,341,70,55
409,341,71,53
409,341,73,51
409,340,73,51
409,340,73,51
410,340,74,52
410,339,74,52
411,339,74,53
411,339,75,53
411,339,75,54
412,338,75,54
412,338,76,55
413,338,76,55
413,338,76,56
413,337,77,56
414,337,77,57
414,337,77,57
415,337,78,58
416,337,76,57
417,337,75,57
419,337,73,57
420,337,72,57
422,337,71,57
237,332,86,65
220,337,79,57
221,336,79,57
222,336,79,57
223,335,80,57
224,335,80,57
225,335,81,57
226,334,81,57
227,334,81,57
229,333,82,58
230,333,82,58
231,333,83,58
232,332,83,58
233,332,83,58
234,331,84,58
235,331,84,58
237,331,85,59
239,330,84,59
242,330,84,59
245,330,84,59
248,330,83,59
251,330,83,59
254,330,83,59
257,330,82,59
260,330,82,59
262,330,82,59
265,330,81,59
268,330,81,59
271,330,81,59
274,329,80,59
277,329,80,59
280,329,80,59
283,329,79,59
285,329,79,59
288,329,79,59
291,329,78,59
294,329,78,59
297,329,78,59
300,329,77,59
303,329,77,59
306,329,77,59
309,329,77,59
314,328,76,59
319,328,76,59
325,328,76,59
330,328,75,59
335,327,75,59
341,327,75,59
346,327,75,59
351,327,74,59
357,326,74,59
362,326,74,59
367,326,73,59
373,326,73,59
378,325,73,59
384,325,73,59
389,325,72,59
394,325,72,59
400,324,72,59
405,324,71,59
410,324,71,59
416,324,71,59
421,323,71,59
426,323,70,59
432,323,70,59
437,323,70,59
443,323,70,60
448,323,71,60
453,323,72,60
458,323,73,60
463,323,74,60
469,324,76,61
482,325,68,58
382,327,90,58
322,325,87,61
307,328,73,64
315,327,73,62
324,327,73,60
333,327,73,58
340,327,73,57
347,327,73,57
354,327,73,57
361,327,73,57
368,328,73,57
375,328,73,57
382,328,73,57
389,328,73,57
396,328,73,57
247,329,82,66
222,325,68,65
230,326,69,63
238,327,70,61
246,329,71,59
254,330,72,57
262,332,74,56
270,331,72,56
278,331,71,56
286,331,70,56
294,331,69,56
303,331,68,57
311,330,68,57
319,330,69,58
327,330,69,59
252,334,85,59
192,331,79,61
178,334,71,62
195,331,79,60
202,330,78,60
209,330,77,61
216,330,76,61
223,330,75,62
231,330,75,63
240,331,74,62
249,332,73,61
258,333,72,60
267,334,71,59
277,336,70,58
285,335,68,58
294,334,67,59
302,334,66,59
141,334,83,65
89,338,80,57
86,337,69,55
95,337,70,55
105,337,71,56
114,337,72,57
124,337,73,58
134,337,74,59
142,337,73,58
150,338,73,57
158,338,72,57
166,339,72,56
174,340,72,56
183,340,71,56
193,340,71,57
202,340,70,58
212,340,70,59
222,341,70,60
230,341,71,62
0,0,0,0
0,0,0,0
0,0,0,0
0,343,41,70
0,0,0,0
0,349,62,57
1,345,65,59
9,345,65,59
17,345,65,59
26,346,65,59
34,346,66,59
43,347,66,59
51,347,66,59
60,348,67,59
68,348,67,59
77,349,67,59
85,349,68,59
93,349,68,59
102,350,68,59
110,350,68,59
119,351,69,59
127,351,69,59
136,352,69,59
144,352,70,59
153,353,70,59
161,353,70,59
170,354,71,59
179,354,71,58
188,355,72,58
197,356,72,57
59,354,81,60
7,355,76,63
2,358,68,57
10,358,68,57
19,358,68,57
28,359,68,57
37,359,69,57
46,360,69,57
55,360,69,57
63,361,70,57
72,361,70,57
81,362,70,57
90,362,71,58
99,362,71,58
108,363,71,58
117,363,71,58
125,364,72,58
134,364,72,58
143,365,72,58
152,365,73,58
161,366,73,58
170,366,73,58
179,367,74,59
0,0,0,0
0,0,0,0
0,0,0,0
0,0,0,0
0,0,0,0
0,0,0,0
0,371,49,64
3,371,51,62
7,371,54,60
10,372,57,58
14,372,60,56
18,373,63,55
26,373,63,55
34,373,64,56
42,374,65,57
50,374,66,58
58,375,67,59
65,375,66,57
73,375,65,56
81,376,65,55
89,376,64,54
97,377,64,53
105,375,64,54
114,374,64,55
123,373,64,56
132,372,64,57
141,371,65,59
149,371,65,59
157,371,65,59
165,371,65,59
173,371,65,59
181,372,65,60
189,375,67,60
38,378,76,54
1,374,62,61
4,374,66,60
7,374,70,59
10,375,75,59
18,375,75,58
26,375,75,58
34,375,75,58
42,375,75,58
50,375,75,58
58,375,75,58
67,376,75,58
75,376,75,58
83,376,75,58
91,376,75,58
99,376,75,58
107,376,75,58
116,377,76,57
124,377,76,57
132,377,76,57
140,377,76,57
148,377,76,57
156,377,76,57
165,378,76,57
173,378,76,57
181,378,76,57
189,378,76,57
197,378,76,57
205,378,76,57
214,379,77,57
223,379,74,57
233,379,71,57
243,379,69,57
258,380,70,59
200,378,77,59
136,379,79,60
119,381,67,60
137,380,64,57
144,379,64,57
152,379,64,57
159,379,64,58
167,378,64,58
174,378,64,58
182,378,64,59
189,377,64,59
197,377,65,59
204,377,65,60
212,376,65,60
219,376,65,60
227,376,65,61
234,375,65,61
242,375,65,61
250,375,66,62
258,375,65,60
267,375,64,59
276,376,63,58
285,376,62,57
294,377,62,56
302,378,64,54
299,376,75,56
232,375,83,58
175,379,71,56
172,379,65,57
183,378,64,57
195,377,64,58
201,377,64,57
208,377,65,57
215,377,65,57
222,377,66,57
229,377,67,57
236,377,67,57
243,377,68,57
250,377,68,57
257,377,69,57
264,378,70,57
273,378,68,57
282,378,66,57
291,378,64,58
300,378,62,58
309,379,61,59
317,379,60,58
325,379,60,58
301,381,69,58
253,384,79,58
193,379,71,58
175,383,67,56
193,380,66,59
199,380,66,59
205,380,67,59
212,380,68,59
218,380,69,59
225,380,70,60
231,380,71,60
237,380,72,60
244,380,73,60
250,380,74,60
257,381,75,61
266,381,72,59
275,382,69,58
285,383,66,56
294,384,63,55
304,385,61,54
311,385,62,53
247,384,79,57
180,382,79,56
135,381,65,57
135,383,68,60
144,382,65,60
154,382,62,60
160,382,63,59
166,382,64,59
172,382,65,58
179,382,66,58
185,382,67,58
191,382,68,57
198,382,69,57
204,382,70,56
210,382,71,56
217,383,72,56
225,383,70,55
234,383,68,54
260,384,62,52
267,352,61,56
274,320,60,60
280,299,62,59
286,300,64,56
292,302,67,53
300,302,66,56
282,303,80,55
214,303,75,57
150,300,76,59
136,307,63,51
146,304,63,53
157,302,64,55
162,302,64,55
168,302,65,55
173,302,66,55
179,302,67,55
185,302,68,56
191,302,67,56
198,302,67,56
205,302,67,56
212,302,67,56
219,302,67,56
226,302,67,56
233,302,67,56
240,302,67,56
247,302,66,56
254,302,66,56
261,302,66,56
268,302,66,56
275,303,66,57
282,303,66,57
289,303,66,57
296,303,66,57
303,303,65,57
310,303,65,57
317,303,65,57
324,303,65,57
331,303,65,57
338,303,65,57
345,303,65,57
352,303,65,57
359,304,65,58
364,305,66,57
370,306,67,56
376,307,68,55
273,311,80,59
209,305,77,62
175,310,74,55
188,311,70,54
202,312,66,54
207,312,66,54
213,312,66,55
219,312,66,56
225,312,67,57
231,312,67,57
237,312,67,58
242,312,68,59
248,312,68,60
254,312,68,60
260,312,69,61
266,312,69,62
272,312,69,63
278,312,70,64
284,315,69,60
302,319,65,59
248,318,80,56
190,324,70,52
180,325,67,51
191,323,65,55
202,321,63,59
200,322,71,57
206,322,69,56
212,323,67,55
219,323,66,54
225,324,64,53
232,325,63,52
233,324,63,53
235,324,63,55
237,324,63,57
239,324,63,59
290,332,68,54
297,329,62,59
302,329,63,58
307,329,64,57
312,329,65,56
317,330,66,55
323,330,65,55
329,331,65,55
336,332,64,55
342,333,64,55
349,334,64,56
353,334,67,55
358,335,70,54
363,336,73,53
368,337,76,52
373,338,79,52
384,336,63,56
375,337,70,55
313,338,80,55
249,337,75,55
253,338,66,53
258,338,66,54
264,338,66,54
270,338,66,55
275,337,65,56
281,337,65,56
286,337,65,57
292,337,65,58
298,337,65,59
303,337,64,57
309,338,64,55
315,339,63,53
321,340,63,51
327,341,63,50
332,341,63,50
337,341,63,50
342,341,63,50
347,341,64,51
353,341,64,51
358,341,64,51
363,341,64,51
368,341,65,52
373,341,65,52
379,341,65,52
384,341,65,52
389,341,66,53
394,341,66,53
399,341,66,53
405,341,66,53
410,341,67,54
415,341,67,54
420,341,67,54
425,341,67,54
431,341,68,55
384,339,72,55
281,338,66,54
285,337,65,54
290,337,65,54
295,337,65,54
300,337,65,54
305,337,65,54
310,337,65,54
314,337,65,54
319,337,65,54
324,337,65,54
329,337,65,54
334,337,64,54
339,337,64,54
344,337,64,54
348,337,64,54
353,337,64,54
358,337,64,54
363,337,64,54
368,337,64,54
373,337,64,54
378,337,64,55
384,334,62,57
391,333,61,59
380,337,72,56
315,334,76,56
209,334,68,57
213,334,67,57
217,335,67,57
222,334,66,56
228,334,66,56
234,334,66,56
239,333,66,56
245,333,66,56
251,333,66,56
257,333,66,56
262,332,66,55
268,332,66,55
274,332,66,55
280,332,66,55
285,331,66,55
291,331,66,55
297,331,66,55
303,331,66,55
309,331,65,55
315,331,64,55
322,332,64,55
328,332,63,55
335,333,63,55
340,333,64,54
345,334,65,53
350,335,66,52
355,336,67,51
361,337,69,51
367,335,69,51
373,334,70,51
379,333,70,52
385,332,71,52
392,331,72,53
399,330,71,53
406,330,70,53
413,330,69,53
420,330,68,53
427,330,67,54
433,329,64,57
440,328,61,60
420,330,75,56
240,336,70,52
245,335,69,52
251,335,68,52
256,335,67,52
262,335,66,52
268,335,66,52
275,335,66,53
281,335,66,53
288,335,66,54
295,335,66,54
301,335,66,55
308,335,66,55
314,335,66,56
321,335,66,56
328,335,66,57
334,335,66,57
341,335,66,58
347,335,66,58
354,335,66,59
361,335,66,60
367,338,64,57
374,342,62,54
381,341,63,51
391,343,56,49
362,342,77,55
264,346,66,52
273,347,65,51
279,347,65,51
285,347,65,51
291,347,65,52
298,348,65,52
304,348,66,52
310,348,66,53
316,349,66,53
323,349,66,53
329,349,66,54
335,350,67,54
341,350,67,54
348,350,67,55
354,350,67,55
360,351,67,55
366,351,68,56
373,351,68,56
379,352,68,56
385,352,68,57
391,352,68,57
398,353,69,58
414,354,55,53
416,358,67,53
