424,62,82,29
420,63,83,30
413,63,83,30
406,64,83,30
399,64,84,30
393,65,84,30
386,65,84,30
379,66,85,30
373,66,85,31
366,67,86,31
359,67,86,31
353,68,86,31
346,68,87,31
339,69,87,31
333,70,88,32
341,70,87,31
350,71,87,31
359,71,87,31
367,72,87,31
376,72,87,31
385,73,87,31
375,73,86,31
366,73,86,31
356,74,85,31
347,74,85,31
337,74,84,31
328,75,84,31
318,75,83,31
309,75,83,31
300,75,82,32
291,75,82,32
282,75,82,32
273,75,81,33
264,75,81,33
255,76,81,34
264,77,81,33
273,78,82,33
282,79,83,32
291,81,84,32
300,82,85,31
310,83,86,31
319,84,86,31
328,86,87,30
337,87,88,30
346,88,89,29
355,89,90,29
365,91,91,29
356,94,89,29
347,97,88,29
338,100,86,30
329,103,85,30
320,106,84,31
308,109,83,30
297,113,83,30
286,116,82,30
275,120,82,29
263,124,81,29
252,127,81,29
241,131,80,28
230,134,80,28
218,138,79,28
207,142,79,27
196,145,78,27
185,149,78,27
174,153,78,27
161,147,78,27
149,141,78,27
137,135,79,28
125,129,79,28
113,123,80,29
103,125,78,29
93,128,77,30
84,131,76,31
92,133,76,32
100,136,76,33
108,138,76,34
117,141,77,35
126,143,77,35
135,146,77,35
145,149,77,35
154,152,78,35
164,155,78,35
173,158,78,35
183,161,79,35
192,164,79,35
201,167,79,35
211,170,79,35
220,173,80,35
230,176,80,35
239,179,80,35
249,182,81,35
245,187,80,31
241,193,80,27
229,195,80,26
217,198,81,26
205,201,81,26
193,204,82,26
182,207,83,26
173,200,82,27
164,194,81,28
155,188,80,29
147,182,79,31
136,186,80,29
126,190,81,27
116,195,83,26
126,197,82,26
136,200,82,26
147,202,81,26
157,205,81,26
167,208,80,27
178,210,80,27
188,213,79,27
198,215,79,27
209,218,78,27
219,221,78,28
229,223,77,28
240,226,77,28
250,228,76,28
260,231,76,28
271,234,76,29
271,237,78,28
272,240,80,28
273,243,82,28
274,246,84,28
267,248,78,28
260,251,72,28
254,254,66,29
243,257,67,28
233,260,68,28
223,263,70,28
213,266,71,28
203,269,73,28
193,272,74,28
183,275,75,28
173,278,77,28
163,281,78,28
153,284,80,28
156,287,77,28
159,291,75,28
171,293,75,28
183,295,75,28
195,298,76,29
207,300,76,29
219,302,76,30
231,305,77,30
243,307,77,31
255,310,78,31
267,312,78,32
279,314,78,32
291,317,79,33
303,319,79,33
315,322,80,34
323,323,81,34
331,324,82,35
340,326,83,36
333,326,82,36
326,327,81,37
319,327,80,37
312,328,79,38
305,328,78,38
299,329,77,39
311,329,77,38
324,330,77,37
336,331,77,36
349,331,77,35
361,332,77,34
374,333,77,33
372,333,77,33
370,334,77,33
368,335,77,33
366,335,78,33
365,336,78,33
363,337,78,33
361,337,79,33
359,338,79,33
357,339,79,33
356,340,80,33
356,341,79,32
356,342,79,32
356,344,79,32
356,345,78,32
356,347,78,32
356,348,78,32
356,350,78,32
356,351,77,32
356,352,77,32
356,354,77,32
356,355,76,32
356,357,76,32
357,358,76,31
357,360,76,31
357,361,75,31
357,363,75,31
357,364,75,31
357,365,74,31
357,367,74,31
357,368,74,31
357,370,74,31
357,371,73,31
357,373,73,31
357,374,73,31
358,376,73,31
358,377,73,31
358,379,73,31
358,380,73,31
358,382,73,31
358,383,73,31
359,385,74,31
359,387,74,31
359,388,74,31
359,390,74,31
359,391,74,31
359,393,74,31
360,395,75,31
360,387,74,31
361,379,73,32
361,371,72,32
362,363,71,33
363,355,70,33
363,347,69,34
364,339,68,34
365,331,67,35
363,332,69,34
362,333,71,33
361,334,74,32
360,335,76,31
359,337,79,31
359,337,78,31
359,338,78,31
359,339,78,31
359,339,78,31
359,340,78,32
359,341,78,32
360,341,78,32
360,342,78,32
360,343,78,32
360,343,78,33
360,344,78,33
360,345,78,33
361,345,77,33
361,346,77,33
361,347,77,34
361,347,77,34
361,348,77,34
361,349,77,34
362,349,77,34
362,350,77,35
362,351,77,35
362,351,77,35
362,352,77,35
362,353,77,35
363,354,77,36
363,355,77,35
363,356,77,35
363,357,77,35
363,358,77,34
363,360,77,34
363,361,77,34
363,362,77,33
363,363,77,33
363,364,77,33
363,366,77,32
363,367,77,32
363,368,77,32
363,369,78,31
363,370,78,31
363,372,78,31
363,373,78,30
363,374,78,30
363,375,78,30
363,376,78,29
363,378,78,29
363,379,78,29
363,380,78,28
363,381,78,28
363,382,78,28
363,384,79,28
364,383,75,28
366,382,71,28
366,371,71,28
367,361,71,29
368,351,72,30
368,351,72,30
368,351,73,30
368,351,73,31
368,352,74,31
369,352,75,32
369,352,75,32
369,353,76,32
369,353,76,33
369,353,77,33
370,354,78,34
369,344,77,34
369,335,76,34
369,326,75,34
369,317,74,34
369,308,73,35
365,309,76,34
361,311,80,33
357,312,83,33
353,314,87,32
349,316,91,32
329,315,92,32
309,315,93,32
308,315,92,31
308,315,92,31
308,316,91,31
308,316,91,31
308,316,90,31
308,317,90,30
308,317,89,30
307,317,89,30
307,318,88,30
307,318,88,30
307,318,87,30
307,319,87,29
307,319,86,29
307,319,86,29
307,320,85,29
306,320,85,29
306,320,84,29
306,321,84,28
306,321,83,28
306,321,83,28
306,322,82,28
306,322,82,28
306,323,82,28
306,323,81,28
306,324,81,28
306,325,81,28
306,325,81,28
306,326,81,28
306,327,81,28
307,327,81,28
307,328,81,28
307,329,81,28
307,329,81,28
307,330,81,28
307,331,81,28
308,331,80,29
308,332,80,29
308,333,80,29
308,333,80,29
308,334,80,29
308,335,80,29
309,335,80,29
309,336,80,29
309,337,80,29
309,337,80,29
309,338,80,29
309,339,80,29
310,340,80,30
310,341,80,29
310,343,80,29
310,345,80,28
310,346,80,28
311,348,81,27
311,350,81,27
311,351,81,26
311,353,81,26
311,355,81,25
312,357,82,25
312,348,81,26
312,340,81,27
313,332,81,28
313,323,81,29
313,315,81,30
314,307,81,31
314,308,81,31
314,309,82,31
314,311,82,31
314,312,83,31
315,314,83,31
315,315,84,31
315,317,84,31
315,318,85,31
316,320,86,31
316,312,85,31
317,304,85,31
318,297,84,31
318,289,84,31
319,281,83,31
320,274,83,32
320,274,83,32
320,275,83,32
321,276,83,32
321,277,84,32
321,278,84,32
322,279,84,32
322,280,84,32
322,281,85,32
323,282,85,32
323,283,85,32
324,284,85,32
324,285,86,32
324,286,86,32
325,287,86,32
325,288,86,32
325,289,87,32
326,290,87,32
326,291,87,32
327,292,88,32
327,293,87,31
328,294,87,31
329,295,87,31
329,296,87,31
330,297,87,31
331,298,87,31
332,300,87,30
332,301,87,30
333,302,86,30
334,303,86,30
334,304,86,30
335,305,86,30
336,307,86,29
337,308,86,29
337,309,86,29
338,310,86,29
339,311,85,29
339,312,85,29
340,314,85,28
341,315,85,28
342,316,85,28
342,317,85,28
343,318,85,28
344,319,85,28
345,321,85,28
346,321,83,26
347,322,82,25
349,323,81,24
350,324,80,23
351,325,79,22
353,326,78,21
353,317,79,22
353,308,81,23
353,299,83,25
353,299,82,25
354,299,82,25
354,299,82,25
355,300,82,25
356,300,82,25
356,300,82,25
357,300,82,25
358,301,82,26
358,301,82,26
359,301,82,26
359,301,82,26
360,302,82,26
361,302,82,26
361,302,82,26
362,302,82,26
363,303,82,27
363,303,82,27
363,303,82,27
364,303,82,27
364,303,82,27
365,303,82,27
365,303,82,27
365,304,82,27
366,304,82,27
366,304,83,27
367,304,83,27
367,304,83,27
367,304,83,27
368,305,83,27
368,305,83,27
369,305,83,27
369,305,83,27
369,305,84,27
370,305,84,27
370,306,84,27
371,306,84,27
371,306,84,27
371,306,84,27
372,306,84,27
372,306,84,27
373,307,85,28
372,306,85,27
372,306,85,27
372,306,85,27
372,305,85,27
372,305,85,27
372,305,85,27
372,305,85,27
372,304,85,27
372,304,85,27
372,304,85,27
372,303,85,27
372,303,85,27
372,303,85,26
372,303,85,26
372,302,85,26
372,302,85,26
372,302,85,26
372,301,85,26
372,301,85,26
372,301,85,26
372,301,85,26
372,300,85,26
372,300,85,26
372,300,85,26
372,300,86,26
372,299,86,26
372,298,86,26
372,298,86,26
372,297,86,26
373,297,86,26
373,296,86,26
373,296,86,26
373,295,86,26
373,294,86,27
374,294,86,27
374,293,86,27
374,293,86,27
374,292,86,27
374,292,86,27
375,291,86,27
375,291,86,27
375,290,86,28
375,289,86,28
375,289,86,28
376,288,86,28
376,288,86,28
376,287,86,28
376,287,86,28
376,286,86,28
377,286,86,29
377,285,85,29
377,285,85,29
377,284,85,29
377,284,85,29
378,284,85,29
378,283,85,29
378,283,85,29
378,283,85,29
379,282,84,29
379,282,84,29
379,282,84,29
379,281,84,29
380,281,84,30
380,280,84,30
380,280,84,30
380,280,84,30
381,279,83,30
381,279,83,30
381,279,83,30
381,278,83,30
382,278,83,30
382,278,83,30
382,277,83,30
382,277,83,30
383,277,83,31
382,275,85,30
382,274,87,30
382,273,89,30
382,272,91,30
382,271,94,30
367,269,92,30
352,267,90,30
338,265,89,31
338,262,88,31
338,260,88,31
338,258,88,31
339,256,87,31
339,254,87,31
339,252,87,31
340,250,86,31
340,248,86,31
340,245,86,31
340,243,86,31
341,241,85,31
341,239,85,31
341,237,85,31
342,235,84,31
342,233,84,31
342,231,84,31
343,229,84,31
344,227,82,30
345,225,80,29
347,223,78,29
330,221,80,29
314,219,83,30
297,217,85,30
281,215,88,31
283,213,87,28
285,212,86,25
288,211,85,22
288,207,84,25
289,204,83,28
290,201,83,31
289,207,83,31
289,213,84,31
289,220,84,31
289,226,85,31
289,233,86,31
289,230,85,29
289,228,84,28
289,226,84,27
289,223,83,26
289,221,83,25
289,219,82,24
289,217,82,23
289,214,81,24
290,212,80,25
291,210,79,26
292,207,78,27
293,205,77,28
294,203,77,29
293,210,77,28
293,217,78,27
293,224,79,26
293,232,80,26
293,229,80,26
293,226,80,26
293,223,80,26
293,220,80,27
293,217,80,27
293,214,80,27
293,211,80,28
293,208,80,28
293,205,80,28
293,202,80,29
293,199,80,29
293,196,80,29
294,193,81,30
293,200,86,27
293,208,91,25
295,215,87,27
297,222,83,29
299,229,79,31
301,236,76,33
300,234,76,32
300,232,77,32
300,230,78,32
300,228,78,32
300,226,79,32
300,224,80,32
300,222,80,31
300,220,81,31
300,218,82,31
300,216,82,31
300,214,83,31
300,212,84,31
299,219,85,30
299,226,86,29
298,233,87,28
298,241,89,28
300,247,85,34
302,254,81,41
300,254,83,35
299,255,86,29
298,256,89,23
298,254,89,23
298,252,89,23
298,250,89,23
298,248,90,23
298,246,90,23
298,244,90,23
298,242,90,23
299,240,91,24
299,238,91,24
299,236,91,24
299,234,91,24
299,232,92,24
299,230,92,24
299,228,92,24
300,226,93,25
300,230,91,25
300,234,90,25
300,238,89,25
300,242,88,25
301,246,87,25
300,243,88,25
299,240,90,25
299,238,91,25
298,235,93,25
298,233,95,25
297,231,94,25
297,229,94,26
297,228,94,27
297,226,94,28
297,224,93,28
297,223,93,29
297,221,93,30
297,220,93,31
298,228,91,30
299,237,89,30
300,245,87,30
301,254,85,30
303,263,83,30
302,262,83,29
302,261,84,29
301,260,85,29
301,259,86,28
300,258,86,28
300,257,87,28
300,256,88,27
299,255,89,27
299,254,89,27
298,253,90,26
298,252,91,26
298,251,92,26
298,249,91,27
298,247,91,28
298,246,91,29
299,244,90,30
299,242,90,31
299,241,90,32
300,239,89,33
300,238,89,34
300,236,89,35
301,234,88,36
301,233,88,37
301,231,88,38
302,230,88,39
302,239,88,37
302,248,88,35
302,258,88,33
302,267,88,31
303,277,88,29
303,275,89,28
303,274,90,27
304,272,91,27
304,271,92,26
305,269,93,26
305,268,94,25
306,267,96,25
306,265,95,25
307,264,95,25
308,263,94,25
309,261,94,26
310,260,93,26
310,259,93,26
311,258,92,26
312,256,92,27
313,255,91,27
314,254,91,27
315,253,91,28
315,251,90,28
316,250,90,28
317,249,89,28
318,247,89,29
319,246,88,29
319,245,88,29
320,244,87,29
321,242,87,30
322,241,86,30
323,240,86,30
324,239,86,31
324,248,87,28
324,257,88,26
325,266,89,24
325,263,89,24
326,261,89,25
326,259,89,25
327,257,89,26
328,255,90,26
328,253,90,27
329,251,90,27
330,249,90,28
330,246,91,28
331,244,91,29
332,242,91,29
332,240,91,30
333,238,92,30
334,236,92,31
334,234,92,31
335,232,92,32
336,230,93,33
321,228,93,33
306,226,94,33
291,224,95,33
276,222,96,33
262,221,97,33
265,221,96,29
269,221,95,25
273,222,95,22
274,219,93,25
276,217,92,28
277,215,91,31
279,213,90,35
280,222,90,34
281,231,91,33
282,240,91,32
283,250,92,32
284,259,93,31
285,268,93,30
286,277,94,29
287,287,95,29
287,285,95,28
288,283,95,28
289,282,95,28
290,280,95,27
291,278,95,27
292,277,95,27
292,275,95,26
293,274,95,26
294,272,95,26
295,270,95,25
296,269,95,25
297,267,95,25
298,266,96,25
298,263,95,25
299,260,95,26
300,258,94,27
300,255,94,28
301,253,94,29
302,250,93,29
303,248,93,30
303,245,93,31
304,243,92,32
305,240,92,33
306,238,92,34
287,236,95,32
268,234,98,30
249,233,101,29
238,233,99,26
240,229,97,26
242,225,96,27
244,222,95,28
246,218,93,29
248,214,92,30
250,211,91,31
251,219,90,29
253,228,90,27
254,236,89,25
256,245,89,23
256,251,88,25
257,258,88,28
257,264,88,30
258,271,88,33
259,278,88,36
259,276,88,35
260,274,88,35
261,272,88,34
262,271,88,34
263,269,88,34
264,267,88,33
265,266,88,33
266,264,88,32
267,262,88,32
268,261,89,32
268,269,89,31
268,277,89,31
268,285,90,31
268,293,90,30
268,301,90,30
269,309,91,30
268,308,93,30
268,307,95,31
267,306,97,32
267,305,99,33
267,305,98,33
268,305,98,33
268,305,97,33
269,305,97,33
270,305,97,33
270,305,96,33
271,305,96,34
272,305,96,34
272,306,95,34
273,306,95,34
274,306,95,34
274,306,94,34
275,306,94,35
275,306,93,35
276,306,93,35
277,306,93,35
277,307,92,35
278,307,92,35
279,307,92,36
279,307,91,36
280,307,91,36
281,307,91,36
281,307,90,36
282,307,90,36
283,308,90,37
283,307,90,36
283,307,90,36
284,306,90,36
284,306,90,36
285,305,90,36
285,305,90,36
285,304,91,36
286,304,91,36
286,303,91,36
287,303,91,36
287,302,91,36
287,302,91,36
288,301,91,36
288,301,92,36
289,300,92,36
289,300,92,36
289,299,92,36
290,299,92,36
290,298,92,36
291,298,93,36
291,304,93,35
291,310,94,35
292,317,95,35
292,323,96,35
293,330,97,35
293,329,96,34
293,328,96,34
294,328,96,34
294,327,96,34
295,326,96,34
295,326,96,34
295,325,96,34
296,324,95,34
296,324,95,34
297,323,95,34
297,322,95,34
297,322,95,34
298,321,95,34
298,320,95,34
299,320,95,34
299,330,95,33
299,340,95,33
300,350,95,33
300,360,95,33
300,370,95,33
301,380,96,33
301,381,95,32
302,382,95,32
302,383,94,32
303,384,94,32
303,385,94,32
303,387,94,32
304,389,94,32
304,391,94,32
304,393,94,32
305,395,94,32
305,397,95,32
305,399,95,32
306,401,95,32
306,403,95,32
306,405,95,32
307,407,95,32
307,409,95,32
307,411,96,32
308,413,96,32
308,415,96,32
308,417,96,32
309,419,96,32
309,421,96,32
310,423,97,33
310,415,96,33
311,408,95,34
312,400,94,34
313,393,93,35
314,386,92,36
314,380,91,36
314,375,91,36
314,369,91,36
315,364,91,36
315,366,90,35
315,369,90,35
315,372,90,35
316,375,90,35
316,378,90,35
316,381,89,35
317,384,89,35
317,387,89,35
317,389,89,35
317,392,89,35
318,395,89,35
318,398,88,35
318,401,88,35
319,404,88,35
319,407,88,35
319,410,88,35
320,413,88,35
318,409,91,32
316,405,94,29
314,401,97,26
312,397,101,23
312,389,99,22
313,382,98,22
314,375,96,22
314,368,95,22
315,361,93,22
316,354,92,22
316,356,92,22
317,358,92,22
317,360,92,22
318,362,92,22
318,365,92,22
319,367,92,22
319,369,93,22
320,371,93,22
320,373,93,22
321,376,93,23
321,378,93,23
322,380,93,23
322,382,94,23
323,384,94,23
323,387,94,23
324,389,94,23
324,391,94,23
