216,300,80,48
216,300,80,48
216,300,80,48
216,300,80,48
216,299,80,48
216,299,80,48
216,299,80,48
216,299,80,48
216,299,80,48
216,298,80,48
216,298,80,48
217,298,81,49
217,298,81,49
217,298,81,49
217,297,81,49
217,297,81,49
217,297,81,49
217,297,81,49
217,297,81,49
217,296,81,49
217,296,81,49
217,296,81,49
217,296,81,49
218,296,82,50
217,295,82,50
217,295,82,50
217,295,82,50
217,295,82,50
217,295,82,50
217,295,82,50
217,295,82,50
217,295,82,50
217,294,82,51
217,294,82,51
217,294,82,51
217,294,82,51
216,294,82,51
216,294,82,51
216,294,82,51
216,294,82,51
216,293,82,52
216,293,82,52
216,293,82,52
216,293,82,52
216,293,82,52
216,293,82,52
216,293,82,52
216,293,82,52
216,293,82,53
215,292,82,52
215,292,82,52
215,292,82,52
215,292,82,52
215,292,82,52
215,292,82,52
214,291,82,52
214,291,82,52
214,291,82,52
214,291,82,52
214,291,82,52
214,291,82,52
213,290,82,51
213,290,82,51
213,290,82,51
213,290,82,51
213,290,82,51
213,290,82,51
212,289,82,51
212,289,82,51
212,289,82,51
212,289,82,51
212,289,82,51
212,289,82,51
212,289,83,51
211,288,82,51
211,288,82,51
211,288,82,51
210,287,82,51
210,287,82,51
210,287,82,51
209,286,82,51
209,286,82,51
209,286,82,51
209,286,82,52
208,285,82,52
208,285,82,52
208,285,82,52
207,284,82,52
207,284,82,52
207,284,82,52
206,283,82,52
206,283,82,52
206,283,82,52
206,283,82,53
205,285,81,52
205,283,82,53
204,285,85,50
203,283,83,53
210,289,68,44
209,288,68,44
208,287,69,45
207,286,70,46
207,286,70,47
206,285,71,48
205,284,72,48
204,284,72,49
204,283,73,50
203,282,74,51
202,282,74,52
202,281,75,52
201,280,76,53
200,280,76,54
199,279,77,55
199,278,78,56
198,278,78,56
197,277,79,57
197,276,80,58
196,276,80,59
195,275,81,60
194,274,82,60
194,274,82,61
193,273,83,62
192,272,84,63
192,272,85,64
190,273,84,63
188,275,84,63
186,277,84,63
184,278,84,63
183,280,84,63
181,282,84,63
179,283,84,63
177,285,84,63
176,287,84,63
174,288,84,63
172,290,84,63
170,292,84,63
169,294,84,63
168,298,85,61
181,302,85,61
195,306,85,61
208,310,86,61
222,314,86,62
235,318,86,62
249,322,87,62
262,326,87,62
276,330,88,63
290,339,83,59
304,348,78,55
319,358,74,52
328,352,77,63
338,359,81,64
344,370,78,59
335,373,81,63
329,378,80,62
324,383,80,61
319,388,80,60
313,394,80,60
308,399,80,59
303,404,80,58
298,410,80,58
293,418,79,58
289,418,80,57
285,419,82,56
279,417,81,56
274,416,81,56
268,415,80,56
263,414,80,56
258,420,80,57
254,427,80,58
250,434,80,60
246,434,77,59
243,434,75,58
240,434,73,57
237,435,71,57
232,434,71,57
227,434,71,57
223,434,72,57
218,433,72,57
214,433,72,57
209,433,73,57
205,433,73,57
200,432,73,58
196,432,74,58
191,432,74,58
187,432,74,58
182,431,75,58
178,431,75,58
173,431,75,58
169,431,76,59
164,432,76,58
160,433,76,57
155,435,76,56
151,436,76,56
147,438,77,55
142,439,77,54
138,440,77,54
133,442,77,53
129,443,77,52
125,445,78,52
120,446,78,51
115,447,78,50
111,449,78,49
106,450,78,48
102,451,78,47
97,453,78,46
93,454,79,45
88,456,79,44
84,457,79,43
79,458,79,42
75,460,79,41
70,461,79,40
66,463,80,39
62,469,77,40
57,480,77,32
52,484,75,28
47,496,77,16
0,0,0,0
0,0,0,0
0,0,0,0
0,0,0,0
0,0,0,0
0,0,0,0
0,0,0,0
0,0,0,0
0,0,0,0
0,0,0,0
0,0,0,0
0,0,0,0
0,0,0,0
0,0,0,0
0,0,0,0
0,0,0,0
0,0,0,0
0,0,0,0
0,0,0,0
0,0,0,0
0,0,0,0
0,0,0,0
0,0,0,0
0,0,0,0
0,0,0,0
0,0,0,0
0,0,0,0
0,0,0,0
0,0,0,0
0,0,0,0
0,0,0,0
0,0,0,0
0,0,0,0
0,0,0,0
0,0,0,0
0,0,0,0
0,0,0,0
0,0,0,0
0,0,0,0
0,0,0,0
0,0,0,0
0,0,0,0
0,0,0,0
0,0,0,0
0,0,0,0
0,0,0,0
0,0,0,0
0,0,0,0
0,0,0,0
0,0,0,0
0,0,0,0
0,0,0,0
0,0,0,0
0,0,0,0
0,0,0,0
0,0,0,0
0,0,0,0
0,0,0,0
0,0,0,0
0,0,0,0
0,0,0,0
0,0,0,0
0,0,0,0
0,0,0,0
0,0,0,0
0,0,0,0
0,0,0,0
0,0,0,0
0,0,0,0
0,0,0,0
0,0,0,0
0,0,0,0
0,0,0,0
0,0,0,0
0,0,0,0
0,0,0,0
0,0,0,0
0,0,0,0
0,0,0,0
0,0,0,0
0,0,0,0
0,0,0,0
0,0,0,0
0,0,0,0
0,0,0,0
0,0,0,0
0,0,0,0
0,0,0,0
0,0,0,0
0,0,0,0
0,0,0,0
0,0,0,0
0,0,0,0
0,0,0,0
0,0,0,0
0,0,0,0
0,0,0,0
0,0,0,0
0,0,0,0
0,0,0,0
0,0,0,0
0,0,0,0
0,0,0,0
0,0,0,0
0,0,0,0
0,0,0,0
0,0,0,0
0,0,0,0
0,0,0,0
0,0,0,0
0,0,0,0
0,0,0,0
0,0,0,0
0,0,0,0
0,0,0,0
0,0,0,0
0,0,0,0
0,0,0,0
0,0,0,0
0,0,0,0
0,0,0,0
0,0,0,0
0,0,0,0
1,258,54,64
26,266,81,50
72,266,85,48
121,264,83,47
170,263,81,46
220,262,79,46
265,258,86,51
300,258,71,47
290,259,69,44
281,260,67,41
280,256,72,47
274,255,71,47
268,255,71,47
262,255,71,47
256,254,71,47
250,254,71,47
244,254,71,47
238,253,71,47
232,253,71,47
227,253,71,47
219,254,73,48
217,252,77,49
264,251,78,49
312,251,79,50
360,251,81,51
398,252,71,51
388,251,73,51
379,251,75,52
374,252,74,51
369,253,74,50
364,254,74,49
359,255,73,48
354,256,73,47
349,257,73,47
377,257,79,49
395,261,70,45
382,260,76,49
374,261,74,45
372,263,71,47
367,264,72,48
359,268,73,45
350,268,76,48
347,271,69,44
336,275,75,42
333,276,70,47
322,277,77,48
317,280,74,47
313,282,69,45
300,285,78,45
295,287,76,47
289,293,70,44
283,297,75,41
266,299,76,42
212,303,83,42
152,305,73,42
116,307,74,45
115,310,75,45
107,314,73,48
101,320,64,45
95,326,55,43
80,329,73,45
74,333,70,42
64,326,71,46
59,300,71,51
49,278,72,47
40,268,77,47
36,272,70,44
26,277,75,43
45,283,81,43
92,288,82,42
138,291,80,43
185,294,78,44
232,298,76,45
279,301,74,46
326,305,73,48
327,311,71,43
355,315,74,43
408,318,72,47
452,322,74,46
497,326,77,45
545,330,68,44
566,332,65,46
556,337,65,47
546,342,66,48
537,347,67,49
533,352,68,43
525,355,67,43
518,359,66,44
510,336,66,45
502,314,66,46
495,292,67,47
486,296,68,46
478,301,70,46
470,306,72,45
462,311,73,45
454,316,75,44
446,321,77,44
388,325,81,46
330,330,85,48
289,337,75,40
281,338,70,48
274,343,70,46
268,349,71,45
262,354,71,43
256,360,72,42
221,362,81,46
156,369,79,43
92,377,77,41
59,379,69,43
60,386,59,41
51,391,62,41
42,396,66,41
34,401,70,42
23,400,74,46
17,380,72,46
12,360,71,46
6,340,70,46
1,320,69,47
0,328,64,46
0,334,57,45
0,340,51,44
1,347,45,44
1,354,64,42
45,358,64,43
90,362,65,44
135,367,66,46
182,372,67,46
229,378,69,46
276,383,71,46
323,389,73,46
370,395,75,46
416,399,71,46
462,404,67,47
508,409,63,47
554,414,60,48
596,422,44,44
0,0,0,0
0,0,0,0
0,0,0,0
0,0,0,0
0,0,0,0
0,0,0,0
609,400,31,39
603,404,37,42
597,408,43,46
589,414,51,40
578,418,55,41
567,423,59,43
557,428,63,45
550,418,63,45
530,394,68,45
523,372,67,45
516,350,66,45
510,329,66,46
500,317,67,45
485,322,71,45
474,328,65,43
412,334,81,42
346,340,75,42
281,346,70,43
216,352,81,37
201,356,78,38
187,360,76,39
173,364,73,41
159,368,71,42
145,372,69,44
137,377,66,42
92,380,80,41
17,387,80,40
0,390,32,42
0,0,0,0
0,0,0,0
0,0,0,0
0,0,0,0
0,0,0,0
0,0,0,0
0,0,0,0
0,0,0,0
0,0,0,0
0,0,0,0
0,0,0,0
0,0,0,0
0,0,0,0
0,0,0,0
0,0,0,0
0,0,0,0
0,381,52,44
25,386,61,43
18,391,63,41
12,397,65,39
2,402,67,37
1,406,59,38
0,410,51,39
0,415,43,41
0,420,32,41
0,426,21,41
0,0,0,0
0,0,0,0
0,0,0,0
0,0,0,0
0,0,0,0
0,0,0,0
0,0,0,0
0,0,0,0
0,0,0,0
0,0,0,0
0,474,51,38
23,479,67,33
64,484,68,28
106,489,70,23
152,495,73,17
196,499,79,13
0,0,0,0
0,0,0,0
0,0,0,0
0,0,0,0
0,0,0,0
0,0,0,0
0,0,0,0
0,0,0,0
0,0,0,0
0,0,0,0
0,0,0,0
0,0,0,0
0,0,0,0
0,0,0,0
0,0,0,0
0,0,0,0
0,0,0,0
0,0,0,0
0,0,0,0
0,0,0,0
0,0,0,0
515,475,61,37
510,452,53,45
499,429,54,44
488,406,56,44
478,383,57,43
467,361,59,43
457,338,60,42
446,315,62,42
436,293,64,42
426,298,64,41
417,303,64,40
408,308,64,39
398,313,64,38
389,318,64,37
380,324,64,36
389,324,66,39
434,327,65,39
480,331,65,39
526,335,64,39
572,339,64,40
591,341,49,41
584,345,52,40
577,349,56,39
571,353,60,39
610,358,30,38
0,0,0,0
0,0,0,0
0,0,0,0
0,0,0,0
0,0,0,0
0,0,0,0
0,0,0,0
0,0,0,0
0,0,0,0
0,0,0,0
0,0,0,0
0,0,0,0
0,0,0,0
0,0,0,0
0,0,0,0
0,0,0,0
0,0,0,0
0,0,0,0
0,0,0,0
0,0,0,0
0,0,0,0
0,0,0,0
587,432,53,41
524,442,58,40
461,453,64,39
398,463,70,38
335,474,76,38
276,491,66,21
259,502,62,10
0,0,0,0
0,0,0,0
0,0,0,0
0,0,0,0
0,0,0,0
0,0,0,0
0,0,0,0
0,0,0,0
0,0,0,0
0,0,0,0
0,0,0,0
154,495,65,17
148,470,61,40
144,448,55,41
135,425,56,42
125,402,55,42
115,380,54,42
106,383,54,40
97,386,55,39
88,389,56,38
79,392,56,37
70,395,57,36
62,399,58,35
57,404,58,37
49,407,57,36
41,410,56,36
33,413,55,36
25,416,55,35
17,419,54,35
9,422,53,35
2,426,53,35
2,434,46,29
1,434,40,34
0,435,33,35
0,438,32,40
4,437,69,42
50,439,68,42
96,441,67,43
142,443,66,43
188,446,65,44
234,448,64,44
280,450,63,45
326,452,62,45
372,455,61,46
418,457,60,46
464,459,59,47
510,461,58,47
557,464,57,48
558,471,56,38
550,474,56,35
542,477,57,33
534,480,57,31
526,483,58,29
516,468,57,41
508,448,57,41
501,428,57,41
494,408,57,41
486,388,57,41
479,368,57,41
472,348,57,41
464,328,57,41
457,308,57,41
450,288,57,41
442,268,57,41
435,248,57,41
428,228,57,42
420,211,55,43
408,219,59,36
364,222,66,36
308,224,74,37
252,226,82,38
196,228,90,39
140,231,98,41
98,237,69,36
83,243,59,36
76,246,58,36
69,249,58,36
62,252,58,36
55,255,58,36
48,258,58,36
41,261,58,36
35,265,58,36
25,267,62,39
19,272,60,37
14,277,59,35
44,279,62,37
74,281,65,39
110,284,64,38
146,287,64,38
182,290,63,38
218,294,63,38
210,298,61,36
200,301,63,35
202,304,58,36
238,305,59,38
275,306,60,40
311,307,61,42
348,308,63,45
384,311,59,38
376,310,57,38
369,309,56,38
363,308,54,37
358,308,53,36
352,307,52,35
347,307,51,35
341,305,50,35
335,304,49,36
351,301,54,38
368,298,60,41
361,296,59,41
355,294,58,41
348,293,58,41
342,291,57,41
335,289,56,42
329,288,56,42
323,286,55,42
316,284,54,42
310,283,54,42
303,281,53,43
297,279,52,43
290,278,52,43
284,276,51,43
278,275,51,44
272,273,52,43
266,271,53,43
260,270,54,42
254,268,55,42
248,266,56,41
242,265,57,41
236,263,58,40
230,261,59,40
224,260,60,39
218,258,61,39
212,256,62,38
206,255,64,38
201,254,63,38
197,253,62,38
192,252,61,38
188,251,60,38
184,251,59,38
179,250,58,38
175,249,57,38
170,248,56,38
166,248,55,38
162,247,54,38
157,246,53,38
153,245,52,38
149,245,51,38
177,243,68,39
223,244,63,36
263,241,63,42
281,241,60,37
273,242,57,38
268,242,59,37
263,243,61,36
258,244,63,35
282,243,64,36
306,242,66,38
350,243,71,35
393,242,68,38
424,246,54,31
414,242,57,38
410,240,56,38
406,239,56,38
402,238,56,38
398,237,56,39
394,236,56,39
390,235,56,39
386,234,56,39
382,233,56,40
378,232,56,40
374,231,56,40
371,230,56,41
368,230,58,37
365,230,61,34
361,227,60,34
357,224,60,34
353,221,60,34
350,218,60,34
346,215,59,34
342,212,59,34
339,209,59,35
335,206,59,35
331,203,59,35
327,200,58,35
324,197,58,35
320,194,58,35
316,191,58,35
313,189,58,36
309,207,57,36
305,226,57,37
301,245,57,38
297,264,57,39
294,283,57,40
289,297,59,32
287,293,55,33
285,290,51,34
283,287,48,36
278,292,50,36
273,297,53,37
265,319,60,39
264,342,53,37
258,348,62,35
254,348,61,35
251,348,61,35
247,348,61,35
244,349,61,35
240,349,61,35
237,349,61,35
233,349,60,35
230,350,60,35
226,350,60,35
223,350,60,35
219,350,60,35
216,351,60,36
213,330,61,44
211,309,59,42
209,289,57,40
208,269,56,39
203,271,57,38
199,274,59,38
194,277,61,38
190,280,63,38
188,283,62,37
186,286,62,37
184,289,62,36
183,292,62,36
181,295,61,35
179,298,61,35
177,301,61,34
176,304,61,34
172,302,60,40
186,309,68,36
231,311,65,36
276,313,63,37
322,316,60,37
367,318,58,38
413,321,56,39
425,324,55,35
424,326,55,34
424,328,55,34
423,331,55,34
423,333,55,33
422,336,55,33
422,338,55,33
421,341,55,32
421,343,55,32
421,346,56,32
420,347,56,32
419,349,57,32
419,350,57,32
418,352,58,32
417,353,58,32
417,355,59,33
417,355,58,35
418,355,58,37
418,343,59,39
419,324,58,35
417,306,63,35
421,310,56,34
425,310,54,38
427,312,49,35
427,313,53,34
399,315,56,35
372,318,59,36
327,320,59,35
311,323,50,32
317,324,55,36
316,325,55,35
316,327,55,35
315,328,55,34
315,330,55,34
315,332,55,34
276,335,60,33
232,336,57,33
188,337,55,33
164,339,53,33
166,338,54,34
169,337,55,35
171,336,56,36
174,336,57,38
176,325,55,37
179,314,53,37
182,304,52,37
182,287,57,37
183,271,62,37
186,271,61,36
189,271,60,35
192,271,59,34
195,271,58,33
198,271,57,32
201,271,56,31
205,271,55,31
206,269,53,33
208,268,52,35
209,267,51,37
211,266,50,39
213,265,49,42
216,264,49,40
219,264,50,38
223,263,50,37
226,263,51,35
230,263,52,34
235,264,50,33
240,266,48,32
239,264,53,30
260,262,54,32
282,261,55,35
284,259,55,35
287,258,55,35
290,257,56,36
293,256,56,36
296,255,56,37
299,254,57,37
302,253,57,37
304,252,57,38
307,251,58,38
310,250,58,39
313,249,58,39
316,248,59,39
319,247,59,40
322,246,59,40
325,245,60,41
328,244,60,37
331,243,61,33
335,243,61,36
338,241,62,35
342,239,63,34
346,237,64,34
352,257,56,34
357,276,52,42
360,275,52,41
364,274,52,40
367,273,53,39
371,273,53,39
375,272,53,38
378,271,54,37
382,270,54,36
386,270,55,36
389,276,54,36
392,282,54,36
396,294,58,38
400,292,58,37
405,290,58,37
410,288,58,37
414,286,58,36
419,284,58,36
424,282,59,36
415,282,63,34
376,279,62,38
342,276,57,36
308,274,53,34
311,274,56,31
319,269,59,35
322,266,59,38
326,264,53,34
302,264,62,34
256,260,66,37
221,259,61,37
187,259,56,37
153,259,51,38
158,260,51,38
163,261,51,38
168,262,51,39
173,263,52,39
178,264,52,39
184,266,52,40
189,267,52,40
194,268,53,40
199,269,53,41
204,270,53,41
209,271,53,41
215,273,54,42
219,274,66,37
