310,317,94,62
315,314,91,66
312,317,91,66
312,316,91,67
312,316,92,68
310,318,87,64
308,317,87,65
306,317,88,66
304,317,88,67
302,317,89,68
300,317,89,69
299,317,90,70
293,307,99,66
292,278,97,66
291,250,96,67
290,221,95,67
289,193,94,68
289,165,93,69
285,164,94,69
282,163,96,69
279,163,97,70
276,162,99,70
272,162,100,70
269,161,102,71
266,161,103,71
263,160,105,71
260,160,107,72
259,171,106,71
258,182,106,71
257,193,105,70
256,204,105,70
256,215,105,70
254,247,106,69
253,280,108,68
257,280,95,65
257,280,93,65
258,280,91,66
258,280,89,66
259,280,88,67
260,280,86,68
260,280,84,68
261,280,82,69
262,280,81,70
262,279,81,69
262,278,82,69
263,277,82,69
263,276,83,69
264,276,84,69
264,275,84,69
265,274,85,69
265,273,86,69
265,273,86,69
266,272,87,69
266,271,88,69
267,270,88,69
267,270,89,68
268,269,89,68
268,268,90,68
269,267,91,68
269,267,91,68
269,266,92,68
270,265,93,68
270,264,93,68
271,264,94,68
271,263,95,68
272,262,95,68
272,261,96,68
273,261,97,68
275,261,96,67
277,261,96,67
279,261,96,67
281,261,96,67
283,261,96,67
285,261,96,67
287,261,95,67
289,261,95,67
291,261,95,67
293,261,95,67
295,261,95,67
297,261,95,67
300,261,94,67
302,261,94,67
304,261,94,67
306,261,94,67
308,261,94,67
310,261,94,67
312,261,93,67
314,261,93,67
316,261,93,67
318,261,93,67
320,261,93,67
322,261,93,67
325,262,93,67
287,260,94,69
250,258,96,72
213,256,97,75
176,254,99,78
149,256,108,75
154,256,107,74
159,257,106,74
165,258,105,74
170,259,105,74
176,260,104,74
181,261,103,74
187,262,103,74
192,263,102,74
198,264,101,74
203,265,101,74
208,265,100,73
214,266,99,73
219,267,98,73
225,268,98,73
230,269,97,73
236,270,96,73
241,271,96,73
247,272,95,73
252,273,94,73
258,274,94,73
261,274,96,74
264,274,98,76
267,274,100,77
270,274,102,79
213,278,108,76
156,280,104,78
119,281,100,78
125,281,100,78
131,282,101,78
138,283,101,79
144,284,102,79
150,285,103,80
157,286,103,80
163,287,104,81
170,288,105,81
176,288,105,81
182,289,106,82
189,290,106,82
195,291,107,83
201,292,108,83
208,293,108,84
214,294,109,84
221,295,110,85
230,300,109,79
240,306,108,73
247,285,109,74
255,265,110,75
263,245,111,76
270,224,112,77
278,204,113,78
286,184,114,79
289,186,109,76
292,189,105,74
308,192,101,71
308,191,105,74
308,190,110,78
309,189,115,82
257,196,108,75
202,195,111,75
210,197,109,75
218,200,107,76
226,203,106,77
234,205,104,78
242,208,102,79
250,211,101,80
259,245,102,78
268,280,104,77
278,283,101,74
288,286,98,72
298,290,95,70
305,289,94,71
312,289,94,72
320,288,94,73
327,288,94,74
334,287,94,75
342,287,94,76
305,292,113,75
246,292,110,78
188,293,107,81
173,298,100,68
180,298,102,69
187,298,104,71
194,298,106,73
197,300,105,69
200,303,105,66
151,295,110,75
85,302,112,72
51,299,91,77
59,301,90,75
67,303,90,73
75,305,89,71
83,307,89,70
91,309,88,68
99,311,88,66
107,314,88,65
111,283,91,71
116,252,95,78
125,250,95,77
134,248,95,77
143,246,95,77
152,245,95,77
161,243,95,76
170,241,95,76
179,239,95,76
189,238,95,76
195,237,97,76
202,236,99,76
208,236,101,76
215,235,104,76
221,235,106,76
228,234,108,76
235,234,111,76
212,234,107,74
189,234,103,73
166,235,99,72
143,235,95,70
120,235,91,69
98,236,88,68
107,237,104,69
125,238,90,68
132,238,90,68
139,238,91,69
146,238,91,69
154,238,92,70
161,238,93,71
168,238,93,71
175,238,94,72
183,238,95,73
190,238,95,73
197,238,96,74
205,239,97,75
211,240,99,74
218,241,101,74
224,242,104,73
231,243,106,73
238,244,108,73
244,245,111,72
251,246,113,72
258,248,116,72
229,247,113,73
170,256,113,65
111,250,112,71
94,252,93,71
107,256,91,68
121,260,89,65
128,261,89,65
136,262,89,66
144,263,89,66
151,264,89,67
159,265,89,67
167,266,90,68
174,267,90,68
182,268,90,69
190,269,90,69
198,270,90,70
205,271,90,70
213,272,91,71
221,273,91,71
228,274,91,72
236,275,91,72
244,276,91,73
252,278,92,74
248,282,111,71
256,284,110,71
264,286,109,71
272,288,108,71
281,290,108,72
285,285,108,77
242,288,131,76
193,293,104,71
150,297,93,65
156,298,94,66
162,299,95,67
168,301,96,69
174,301,96,71
181,302,97,73
188,303,97,75
195,304,98,77
202,304,99,76
210,305,100,75
218,306,101,74
225,306,102,73
233,307,103,72
241,308,104,71
248,308,105,70
256,309,106,69
264,310,107,69
274,281,102,68
285,252,97,68
296,223,93,68
301,222,96,68
307,222,99,69
313,222,102,70
319,221,106,68
286,222,97,70
223,222,100,69
161,222,103,69
128,226,97,68
95,231,92,67
119,234,79,60
126,235,79,60
133,236,80,60
140,237,81,61
147,238,81,61
154,239,82,62
161,240,83,62
168,242,83,62
175,243,84,63
182,244,85,63
189,245,86,64
196,246,86,64
203,247,87,64
210,248,88,65
217,250,88,65
224,251,89,66
231,252,90,66
238,253,90,66
245,254,91,67
252,255,92,67
260,257,93,68
212,258,101,67
153,259,100,68
95,261,99,69
54,264,91,67
61,265,91,67
69,266,91,67
77,267,91,67
85,269,91,67
92,270,91,67
100,271,91,67
108,273,91,67
116,274,91,67
123,275,91,67
131,276,91,67
139,278,91,67
147,279,91,67
154,280,91,67
162,282,91,67
170,283,91,67
178,284,91,67
185,285,91,67
193,287,91,67
201,288,91,67
209,289,91,67
217,291,92,67
221,292,98,66
226,293,105,66
232,297,100,69
194,294,113,74
139,295,99,72
84,299,88,62
59,308,86,59
67,307,89,61
75,306,92,63
84,305,95,65
90,302,92,67
97,300,89,69
104,268,87,69
111,236,86,69
116,207,92,70
122,178,98,71
130,180,97,69
138,183,96,68
146,186,96,67
154,188,95,66
163,191,94,65
171,194,94,64
179,196,93,63
187,199,92,62
196,202,92,61
201,203,95,62
207,204,98,64
213,205,101,65
219,206,104,67
229,236,111,70
241,267,99,65
241,302,107,64
250,305,102,68
258,307,102,67
266,309,102,67
274,311,102,66
283,314,103,66
270,317,91,61
200,317,109,64
149,314,98,68
116,319,92,72
135,319,80,63
140,317,88,69
144,317,92,62
154,288,87,63
164,260,83,64
169,229,87,66
177,230,91,61
185,231,87,62
194,232,83,63
199,232,85,64
205,233,88,65
210,233,90,66
216,234,93,67
221,234,95,68
227,235,98,69
233,236,101,70
241,238,100,69
250,240,99,68
258,242,98,67
267,244,98,66
275,246,97,65
284,248,96,64
293,251,96,64
275,249,100,65
218,251,101,66
161,253,103,67
156,255,99,63
164,256,96,63
173,258,94,63
181,260,91,63
190,262,89,63
198,264,86,63
207,266,84,63
216,268,82,64
220,269,85,63
225,270,88,63
230,271,91,63
235,272,94,63
240,274,97,63
245,275,96,62
251,276,96,62
256,277,96,62
262,279,96,62
268,280,96,62
273,281,95,62
279,283,95,62
284,284,95,62
290,285,95,62
296,287,95,62
243,289,94,62
190,291,93,62
138,294,93,62
144,293,91,62
150,293,89,62
156,293,88,63
162,292,86,63
168,292,85,64
174,292,83,64
180,292,82,65
182,272,85,65
185,252,89,66
188,232,92,66
191,213,96,67
196,214,95,66
202,216,94,66
208,217,94,66
214,219,93,66
220,220,92,65
225,222,92,65
231,223,91,65
237,225,90,65
243,226,90,64
249,228,89,64
254,229,88,64
260,231,88,64
266,232,87,63
272,234,86,63
278,235,86,63
283,237,85,63
289,238,84,62
295,240,84,62
301,241,83,62
307,243,82,62
313,245,82,62
275,241,100,71
211,245,107,66
165,247,97,66
120,249,88,67
124,250,88,66
129,252,89,65
133,254,90,64
138,256,90,63
142,258,91,62
147,260,92,61
151,262,92,61
156,264,93,60
160,266,94,59
165,268,94,58
169,270,95,57
174,272,96,56
179,274,97,56
183,274,94,55
188,275,92,55
193,276,90,55
198,277,88,55
203,278,86,54
208,279,84,54
213,280,82,54
218,281,80,54
218,281,81,54
218,282,82,54
219,283,84,54
219,284,85,54
219,285,86,54
220,286,88,54
220,287,89,54
220,288,90,54
221,289,92,54
221,290,93,54
222,291,95,55
222,291,93,55
222,291,92,55
222,291,91,55
222,292,90,55
222,292,89,55
222,292,88,55
222,293,87,55
222,293,85,55
222,293,84,55
222,293,83,55
222,294,82,55
222,294,81,55
222,294,80,55
223,295,79,56
222,295,79,56
222,295,79,56
221,295,79,56
221,295,79,56
221,295,79,57
220,295,79,57
220,295,79,57
220,295,79,57
219,296,79,57
219,296,79,58
219,296,79,58
218,296,79,58
218,296,79,58
217,296,79,58
217,296,79,59
217,296,79,59
216,297,79,59
216,297,79,59
216,297,79,59
215,297,79,60
215,297,79,60
215,297,79,60
214,297,79,60
214,297,79,60
214,298,79,61
212,297,81,61
210,297,84,61
209,297,87,61
207,297,90,62
206,297,93,62
204,297,96,62
203,297,99,63
207,293,95,65
212,289,92,67
210,261,93,65
209,233,95,64
208,207,94,64
209,207,94,63
211,208,94,63
212,209,94,63
214,210,94,63
215,211,94,63
217,212,94,62
218,213,94,62
220,214,94,62
221,215,94,62
223,216,94,62
225,217,95,62
227,220,92,61
234,246,82,62
232,270,85,62
231,294,88,62
232,294,87,61
234,295,87,61
236,295,86,60
238,296,86,60
240,296,85,59
242,297,85,59
244,298,85,59
245,277,86,60
246,257,87,61
247,236,88,62
249,216,90,64
251,216,90,63
253,217,90,63
255,218,90,62
257,219,90,62
259,220,90,62
262,220,91,61
264,221,91,61
266,222,91,61
268,223,91,60
270,224,91,60
273,225,92,60
281,243,81,67
281,270,82,62
281,297,84,57
282,325,86,53
282,322,88,57
283,322,88,56
285,323,88,56
286,324,88,55
288,325,88,55
289,326,88,54
291,327,88,54
293,328,88,54
238,324,101,60
222,323,97,59
206,322,93,59
190,321,90,59
190,322,89,58
190,323,89,57
190,324,88,56
191,325,88,56
192,301,87,58
193,278,86,61
194,254,85,63
195,231,85,66
199,234,83,63
203,237,82,61
203,237,81,60
204,237,81,60
204,237,81,60
205,237,81,60
206,237,81,60
206,237,81,60
207,237,80,60
208,237,80,60
208,238,80,59
209,238,80,59
210,238,80,59
210,238,80,59
211,238,79,59
211,238,79,59
212,238,79,59
213,238,79,59
213,239,79,58
214,239,79,58
215,239,78,58
215,239,78,58
216,239,78,58
217,239,78,58
217,239,78,58
218,239,78,58
219,240,78,58
218,238,78,58
217,237,78,58
216,235,78,58
215,234,78,58
214,232,78,58
213,231,78,58
212,229,78,58
211,228,78,58
211,227,78,58
210,225,78,58
209,224,78,58
208,222,78,58
207,221,79,59
206,219,79,59
205,218,79,59
204,216,79,59
204,215,79,59
203,214,79,59
202,212,79,59
201,211,79,59
200,209,79,59
199,208,79,59
198,206,79,59
197,205,79,59
197,204,80,60
193,203,83,59
189,203,87,59
188,231,87,59
187,260,88,60
187,289,89,61
188,322,85,59
190,356,81,58
189,356,81,58
188,357,81,58
188,357,82,58
187,358,82,58
186,358,83,59
186,359,83,59
185,359,84,59
184,360,84,59
184,361,85,60
183,361,84,59
182,361,84,59
181,361,84,58
181,361,84,58
181,344,82,58
182,327,80,58
182,310,78,58
183,294,76,59
185,300,77,56
184,299,77,56
183,299,77,56
183,299,78,56
182,299,78,56
182,299,79,57
181,298,79,57
181,298,79,57
180,298,80,57
180,298,80,57
179,298,81,58
179,297,81,58
178,297,81,58
178,297,82,58
177,297,82,58
177,297,83,59
183,300,85,52
225,294,95,65
260,292,88,67
260,292,87,66
261,292,86,66
262,292,85,65
263,293,85,65
264,293,84,64
265,293,83,64
266,294,83,64
267,294,82,63
269,294,82,63
270,295,82,63
272,295,82,63
274,295,81,63
275,296,81,63
277,296,81,63
278,296,81,63
280,297,80,63
282,297,80,63
283,297,80,63
285,298,80,63
286,298,79,63
288,299,79,63
290,299,79,63
291,299,79,63
293,300,78,63
294,300,78,63
296,300,78,63
298,301,78,63
299,301,77,63
301,301,77,63
302,302,77,63
304,302,77,63
306,303,77,63
307,303,77,62
308,303,78,62
309,304,78,61
310,304,79,61
312,305,80,61
314,305,80,61
316,305,80,62
319,305,80,62
321,306,80,63
324,306,80,63
326,306,80,64
329,307,80,65
330,307,83,66
331,308,87,67
332,309,91,68
336,284,87,65
340,260,83,63
344,236,80,61
345,239,85,62
348,239,86,62
351,239,87,63
356,239,84,63
361,240,82,64
366,241,79,64
372,242,77,65
374,242,77,65
376,242,78,65
379,243,79,65
381,243,80,66
383,243,81,66
386,244,82,66
388,244,83,66
391,245,84,67
351,250,91,61
289,250,91,60
227,251,92,60
230,251,91,60
234,252,90,60
237,253,89,60
241,254,88,60
244,255,87,61
248,256,86,61
252,257,85,61
255,258,84,61
259,259,83,61
262,260,82,62
266,261,81,62
269,262,80,62
273,263,79,62
277,264,78,63
279,264,79,63
281,265,80,63
284,265,82,63
286,266,83,63
289,266,85,63
291,267,86,63
294,268,88,64
294,269,88,64
294,271,89,65
294,272,90,65
294,274,90,66
294,275,91,66
295,277,92,67
233,280,95,66
184,282,88,64
135,284,82,62
138,285,81,61
142,287,80,61
145,289,80,61
149,291,79,61
152,292,78,60
156,294,78,60
159,296,77,60
163,298,76,60
167,300,76,60
169,299,77,61
171,298,78,62
174,298,79,64
176,297,80,65
179,296,81,66
181,296,82,68
184,295,83,69
186,294,84,70
189,294,86,72
196,264,80,69
203,235,74,67
205,235,74,67
208,235,74,67
211,235,74,67
213,235,74,67
216,236,75,67
219,236,75,67
222,236,75,67
224,236,75,67
227,236,75,67
230,237,76,67
232,237,76,67
235,237,76,67
238,237,76,67
241,238,77,67
243,239,77,66
245,240,77,66
247,241,77,66
250,242,77,66
252,243,77,66
254,244,77,66
256,245,77,66
259,246,77,66
261,247,77,65
263,248,77,65
266,249,77,65
268,250,77,65
270,252,78,65
272,253,78,65
275,254,78,65
277,255,78,65
279,256,78,64
282,257,78,64
284,258,78,64
286,259,78,64
288,260,78,64
291,261,78,64
293,262,78,64
295,263,78,64
298,265,79,64
298,267,80,63
298,269,81,62
299,271,82,61
284,273,88,61
213,272,99,65
162,276,82,61
163,277,81,60
165,279,80,60
167,280,80,60
168,282,79,60
170,284,78,60
172,285,78,60
174,287,77,60
175,289,76,60
177,290,76,60
179,292,75,59
181,293,75,59
182,295,74,59
184,297,73,59
186,298,73,59
188,300,72,59
189,302,71,59
191,303,71,59
193,305,70,59
195,307,70,59
195,307,71,59
195,308,72,59
195,309,73,59
196,310,75,60
196,311,76,60
196,312,77,60
197,313,79,61
199,285,75,62
201,257,72,63
201,255,73,63
201,253,74,63
201,251,76,63
201,249,77,63
201,247,79,64
203,248,78,63
205,249,77,63
207,250,76,63
209,251,75,63
211,252,74,63
213,254,74,62
215,255,73,62
217,256,72,62
219,257,71,62
221,258,70,62
223,260,70,62
223,261,70,61
223,262,70,61
224,263,70,61
224,264,70,61
225,266,71,61
225,267,71,61
226,268,71,61
226,269,71,61
226,270,71,60
227,272,72,60
227,273,72,60
228,274,72,60
228,275,72,60
229,276,72,60
229,278,73,60
230,279,73,60
230,280,73,59
230,281,73,59
231,282,73,59
231,284,74,59
232,285,74,59
232,286,74,59
233,287,74,59
233,288,74,59
234,290,75,59
235,290,74,58
236,290,74,58
237,290,74,58
238,290,74,58
240,290,74,58
241,290,74,58
242,290,74,58
243,290,74,58
245,290,74,58
246,290,74,58
247,290,74,58
248,290,74,58
250,290,74,57
251,290,74,57
252,290,74,57
253,290,74,57
255,290,74,57
256,290,74,57
257,290,74,57
258,290,74,57
260,290,74,57
261,290,74,57
262,290,74,57
263,290,74,57
265,290,74,57
265,290,73,56
266,290,73,56
267,290,73,56
267,291,73,56
268,291,73,56
269,291,73,56
270,292,72,56
270,292,72,56
271,292,72,56
272,293,72,56
272,293,72,56
273,293,72,56
274,294,71,56
275,294,71,56
275,294,71,56
276,295,71,56
277,295,71,56
277,295,71,56
278,296,70,56
279,296,70,56
280,296,70,56
280,297,70,56
281,297,70,56
282,297,70,56
283,298,70,56
283,299,70,56
283,300,70,56
284,301,70,56
284,302,70,56
285,303,70,56
285,304,70,56
286,305,70,56
