53,286,54,28
62,286,50,27
66,286,47,27
71,286,45,26
75,286,43,26
80,286,41,25
85,286,39,25
89,286,39,24
93,286,39,24
97,286,39,24
102,286,39,24
106,286,39,24
110,286,39,24
114,286,40,24
119,286,40,24
123,286,40,24
127,286,40,24
132,286,40,24
136,286,40,24
140,287,41,24
144,287,41,24
149,287,41,24
153,287,41,24
157,287,41,24
162,287,41,24
166,287,42,24
170,287,42,24
174,287,42,24
179,287,42,24
183,287,42,24
187,287,42,24
192,288,43,24
196,288,42,24
200,288,42,24
204,288,42,24
209,288,42,24
213,288,42,24
217,288,42,24
222,288,42,25
226,288,42,25
230,288,41,25
235,288,41,25
239,288,41,25
243,288,41,25
248,288,41,26
252,288,41,26
256,288,41,26
261,288,41,26
265,288,40,26
269,288,40,26
274,288,40,27
278,288,40,27
282,288,40,27
287,288,40,27
291,288,40,27
295,288,40,27
300,288,40,28
304,287,40,27
308,287,41,27
312,287,42,27
316,287,42,27
320,286,43,27
324,286,44,27
328,286,44,27
332,286,45,27
336,285,46,27
340,285,46,27
344,285,47,27
348,285,48,27
352,285,49,27
325,287,57,26
255,285,57,29
176,281,45,31
181,281,44,31
186,280,42,30
191,280,41,30
196,279,40,30
201,279,39,30
205,278,38,29
209,278,38,29
214,278,38,29
218,278,38,29
223,278,38,29
227,277,38,29
232,277,38,29
236,277,38,29
241,277,38,28
245,277,38,28
250,276,38,28
254,276,38,28
259,276,38,28
263,276,38,28
268,276,38,28
272,275,38,28
277,275,38,27
281,275,38,27
286,275,38,27
290,275,38,27
295,274,38,27
299,274,38,27
304,274,38,27
308,274,38,27
313,274,38,27
317,273,38,27
321,273,38,27
326,273,38,27
330,273,39,28
334,272,39,28
339,272,39,28
343,272,39,29
347,272,40,29
352,271,40,29
356,271,40,30
361,271,41,30
365,271,41,30
369,271,41,31
374,270,41,31
378,270,42,31
382,270,42,32
387,270,42,32
391,269,42,32
395,269,43,33
400,269,43,33
404,269,43,33
409,269,44,34
382,269,54,35
312,271,53,30
206,272,49,29
210,272,49,29
214,272,49,29
219,272,48,29
223,272,48,29
227,272,48,29
232,272,47,29
236,272,47,29
240,272,46,29
245,272,46,29
249,272,46,29
253,272,45,29
258,272,45,29
262,272,45,29
266,272,44,29
271,272,44,29
275,272,43,29
279,272,43,29
284,272,43,29
288,272,42,29
292,272,42,29
297,272,42,30
301,272,42,29
305,272,42,29
310,272,42,29
314,272,42,29
319,273,42,29
323,273,42,28
328,273,42,28
332,273,42,28
337,273,42,28
341,274,42,28
346,274,42,27
350,274,42,27
355,274,43,27
359,274,43,27
364,275,43,27
368,275,43,26
373,275,43,26
377,275,43,26
382,275,43,26
386,276,43,26
391,276,43,25
395,276,43,25
400,276,43,25
404,276,43,25
409,277,44,25
413,276,43,25
418,275,43,26
422,275,43,27
427,274,43,28
432,274,43,29
436,273,43,29
441,272,43,30
445,272,43,31
450,271,43,32
455,271,43,33
451,271,47,31
387,272,63,28
213,272,45,29
217,271,45,28
221,271,44,28
225,271,44,28
229,270,43,27
233,270,42,27
237,269,42,26
241,269,41,26
246,269,41,26
250,269,40,25
254,269,40,25
258,269,40,25
263,269,40,25
267,269,40,25
271,269,40,25
276,269,40,24
280,269,40,24
284,269,40,24
289,269,40,24
293,269,40,24
297,269,40,24
302,269,40,23
306,269,40,23
310,269,40,23
315,269,40,23
319,269,40,23
323,269,40,23
328,269,40,22
332,269,40,22
336,269,40,22
341,269,40,22
345,269,40,22
349,269,40,22
354,270,40,22
357,269,40,23
361,268,41,24
365,268,42,25
368,267,42,26
372,267,43,28
376,266,44,29
379,266,44,30
383,265,45,31
387,265,46,33
335,266,60,29
165,266,45,29
169,266,45,28
174,266,44,28
178,266,43,27
182,266,43,27
186,265,42,27
191,265,41,26
195,265,41,26
199,265,40,25
203,265,39,25
208,265,39,25
211,264,39,25
215,264,39,25
219,264,39,25
223,264,39,25
227,264,39,25
231,264,39,25
235,263,39,25
239,263,39,25
242,263,40,25
246,263,40,25
250,263,40,25
254,263,40,25
258,262,40,26
262,262,40,26
266,262,40,26
270,262,40,26
273,262,41,26
277,262,41,26
281,261,41,26
285,261,41,26
289,261,41,26
293,261,41,26
297,261,41,26
301,261,41,26
305,261,42,27
308,260,41,27
312,260,41,27
316,260,41,27
320,260,41,27
324,260,41,27
328,260,41,27
331,260,41,27
335,260,41,27
339,260,41,27
343,260,41,27
347,260,41,27
351,260,41,27
354,259,40,27
358,259,40,27
362,259,40,27
366,259,40,27
370,259,40,27
374,259,40,27
377,259,40,27
381,259,40,27
385,259,40,27
389,259,40,27
393,259,40,27
397,259,40,27
401,259,40,28
404,258,40,28
408,258,40,28
411,258,40,28
415,258,41,28
418,258,41,29
422,258,41,29
425,258,42,29
429,258,42,29
432,257,42,30
436,257,42,30
439,257,43,30
443,257,43,30
446,257,43,31
450,257,44,31
453,257,44,31
457,257,44,31
461,257,45,32
438,259,53,27
188,257,48,31
194,257,45,31
197,257,44,30
201,257,44,30
205,257,44,30
209,257,44,29
213,257,44,29
216,257,44,29
220,258,44,29
224,258,44,28
228,258,44,28
232,258,44,28
235,258,44,27
239,258,44,27
243,259,43,27
247,259,43,27
251,259,43,26
254,259,43,26
258,259,43,26
262,259,43,25
266,260,43,25
270,260,43,25
273,260,43,25
277,260,43,24
281,260,43,24
285,260,43,24
289,261,43,24
293,261,42,24
297,261,42,24
301,261,42,24
305,261,42,24
309,261,42,24
313,261,42,24
317,261,42,24
321,261,42,24
326,262,41,24
330,262,41,24
334,262,41,24
338,262,41,24
342,262,41,24
346,262,41,24
350,262,41,24
354,262,41,24
359,263,40,24
363,263,40,24
367,263,40,24
371,263,40,24
375,263,40,24
379,263,40,24
383,263,40,24
387,263,40,24
392,264,40,24
396,264,40,24
400,264,40,24
404,264,40,24
408,265,40,24
413,265,40,24
417,265,40,24
421,265,40,24
425,266,40,24
429,266,40,24
434,266,40,24
438,267,40,24
442,267,40,24
446,267,41,25
450,267,41,25
455,268,41,25
459,268,41,25
463,268,41,25
467,269,41,25
471,269,41,25
476,269,41,25
480,269,41,25
484,270,41,25
488,270,41,25
492,270,41,25
497,271,42,26
500,269,42,27
504,268,43,29
508,267,43,30
512,266,44,32
487,267,54,29
243,271,45,26
247,271,44,26
252,271,44,27
256,271,44,27
260,271,43,27
264,271,43,28
269,271,43,28
273,271,42,28
277,271,42,29
281,271,41,29
286,271,41,29
290,271,41,30
294,271,40,30
298,271,40,30
303,271,40,31
307,271,40,30
311,271,40,30
315,271,40,30
320,271,41,30
324,271,41,30
328,271,41,30
333,271,41,30
337,271,42,30
341,271,42,30
346,271,42,30
350,271,42,30
354,271,43,30
359,271,43,30
363,271,43,30
367,271,43,30
372,271,44,30
359,271,51,28
287,271,65,29
50,270,43,29
55,270,41,29
59,269,40,28
63,269,40,28
68,269,40,28
72,269,40,28
77,269,40,28
81,269,40,28
85,269,40,27
90,269,40,27
94,269,40,27
99,269,40,27
103,269,40,27
107,269,40,27
112,268,40,26
116,268,40,26
121,268,40,26
125,268,40,26
129,268,40,26
134,268,40,26
138,268,40,25
143,268,40,25
147,268,40,25
151,268,40,25
156,268,40,25
160,268,40,25
165,268,40,25
169,268,40,25
173,268,40,25
178,268,40,25
182,268,40,25
187,268,40,25
191,268,40,25
196,268,40,25
200,268,40,25
204,268,40,25
209,268,40,25
213,268,40,25
218,268,40,25
222,269,41,25
227,269,41,25
231,269,41,25
236,269,41,25
240,269,41,25
244,269,41,25
249,269,41,25
253,269,41,25
258,269,41,25
262,269,41,25
267,269,41,25
271,269,41,25
276,270,42,25
280,269,42,25
284,269,42,25
288,269,42,25
292,268,42,26
296,268,42,26
301,268,42,26
305,268,42,27
309,267,42,27
313,267,42,27
317,267,42,28
322,267,42,28
326,266,42,28
330,266,42,29
334,266,42,29
338,265,42,29
342,265,42,30
347,265,42,30
351,265,42,30
355,264,42,31
359,264,42,31
363,264,42,31
368,264,43,32
314,265,60,33
156,266,47,29
161,266,46,29
165,266,46,28
169,266,46,28
174,266,45,28
178,266,45,27
183,267,45,27
187,267,44,27
191,267,44,27
196,267,43,26
200,267,43,26
204,267,43,26
209,267,42,25
213,267,42,25
218,268,42,25
222,268,41,25
226,268,41,24
231,268,40,24
235,268,40,24
239,268,40,23
244,268,39,23
248,268,39,23
253,269,39,23
256,268,39,23
260,268,39,23
264,268,39,23
267,268,39,23
271,268,39,23
275,267,39,23
279,267,39,23
282,267,39,23
286,267,39,24
290,267,39,24
293,266,39,24
297,266,39,24
301,266,40,24
305,266,40,24
308,266,40,24
312,265,40,24
316,265,40,25
319,265,40,25
323,265,40,25
327,265,40,25
331,264,40,25
334,264,40,25
338,264,40,25
342,264,40,25
346,264,41,26
349,263,41,26
352,263,41,26
355,263,41,26
359,263,41,26
362,263,41,26
365,263,41,26
368,263,41,26
372,263,42,26
375,263,42,26
378,263,42,26
382,263,42,26
385,262,42,26
388,262,42,26
391,262,42,26
395,262,43,26
398,262,43,26
401,262,43,26
404,262,43,26
408,262,43,26
411,262,43,26
414,262,43,26
418,262,44,27
380,261,56,29
176,260,44,31
180,260,44,31
183,260,44,30
187,260,43,30
190,260,43,30
194,260,43,29
197,260,43,29
201,260,42,28
204,260,42,28
208,260,42,28
211,260,42,27
215,260,41,27
218,260,41,26
222,260,41,26
225,260,41,26
229,260,40,25
232,260,40,25
236,260,40,24
239,260,40,24
243,260,39,24
246,260,39,23
250,260,39,23
254,261,39,23
257,261,38,23
261,261,38,23
264,261,38,23
268,261,38,24
271,261,38,24
275,261,38,24
278,261,38,24
282,261,38,25
285,261,38,25
289,261,38,25
292,261,38,26
296,261,38,26
299,261,38,26
303,261,38,26
306,261,38,27
310,261,38,27
313,261,38,27
317,261,38,28
320,261,38,28
324,261,38,28
327,261,38,28
331,261,38,29
334,261,38,29
338,261,38,29
342,261,38,30
345,261,38,29
349,261,38,29
353,261,38,29
356,261,39,29
360,261,39,29
364,261,39,28
367,261,39,28
371,261,40,28
375,261,40,28
378,261,40,28
382,261,41,27
386,261,41,27
389,262,41,27
393,262,41,27
397,262,42,27
400,262,42,26
404,262,42,26
408,262,43,26
411,262,43,26
415,262,43,26
419,262,43,25
422,262,44,25
426,262,44,25
430,262,44,25
434,263,45,25
437,262,45,26
440,261,45,28
444,260,45,29
447,259,45,31
451,259,46,33
437,260,51,30
367,261,53,28
216,261,44,32
220,261,43,32
225,261,43,32
229,261,42,32
233,261,42,32
237,261,41,32
242,262,41,31
246,262,40,31
250,262,40,31
254,262,39,31
259,262,39,31
263,262,38,31
267,262,38,31
272,263,38,31
275,263,38,31
279,263,38,31
283,263,38,31
287,263,38,31
291,263,38,31
295,263,38,31
299,263,38,31
303,263,38,31
307,263,38,31
311,263,38,31
315,263,38,31
319,263,38,31
322,263,38,31
326,263,38,31
330,263,38,31
334,263,38,31
338,263,38,31
342,263,38,31
346,263,38,31
350,263,38,31
354,263,38,31
358,263,38,31
362,263,38,31
366,263,38,31
370,263,38,31
373,263,38,30
377,263,38,30
381,263,38,30
385,263,38,30
389,264,38,30
393,264,38,30
397,264,38,30
401,264,38,30
405,264,38,29
409,265,38,29
413,265,38,29
417,265,38,29
420,265,39,29
424,265,39,29
428,266,39,29
432,266,39,29
436,266,39,28
440,266,39,28
444,266,39,28
448,267,39,28
452,267,39,28
456,267,39,28
460,267,39,28
464,267,39,28
468,268,40,28
471,267,40,28
475,267,41,29
478,267,41,30
482,266,42,30
485,266,42,31
489,266,43,32
447,268,59,30
254,269,44,29
258,269,44,29
262,269,43,28
266,269,43,28
270,269,43,27
274,270,43,27
278,270,42,26
282,270,42,25
286,270,42,25
290,270,41,24
294,270,41,24
298,270,41,23
302,271,41,23
305,270,40,23
309,270,40,23
313,270,40,23
316,270,40,23
320,270,40,23
324,270,40,23
327,270,40,24
331,270,40,24
335,270,39,24
338,270,39,24
342,270,39,24
346,270,39,24
349,270,39,25
353,270,39,25
357,270,39,25
360,270,39,25
364,270,38,25
368,270,38,25
371,270,38,26
375,270,38,26
379,270,38,26
382,270,38,26
386,270,38,26
390,270,38,26
394,270,38,27
397,270,38,27
401,270,38,27
404,270,38,27
408,270,38,27
411,270,38,27
415,270,38,27
418,270,38,27
422,270,38,27
425,270,38,27
429,270,38,27
432,270,38,27
436,270,38,27
439,270,39,28
443,270,39,28
446,270,39,28
450,270,39,28
453,270,39,28
457,270,39,28
460,270,39,28
464,270,39,28
467,270,39,28
471,270,39,28
474,270,39,28
478,270,39,28
482,270,40,29
485,269,40,29
488,269,40,29
491,268,40,30
494,268,40,30
497,268,40,30
500,267,40,31
503,267,40,31
507,267,41,32
490,267,51,24
226,267,52,24
230,267,50,24
233,267,49,24
236,267,47,24
240,267,46,24
243,266,44,24
246,266,43,24
250,266,41,24
253,266,40,24
256,266,38,24
260,266,37,25
263,266,37,24
266,266,37,24
269,266,37,24
272,266,37,24
276,266,37,24
279,266,37,24
282,267,38,24
285,267,38,24
288,267,38,24
292,267,38,24
295,267,38,24
298,267,38,24
301,268,39,23
304,268,39,23
308,268,39,23
311,268,39,23
314,268,39,23
317,268,39,23
320,269,40,23
324,269,40,23
327,269,40,23
330,269,40,23
333,269,40,23
336,269,40,23
340,270,41,23
343,269,41,23
346,269,41,23
350,269,41,23
353,269,41,23
356,269,41,23
360,269,41,23
363,269,41,23
366,269,41,23
370,268,41,23
373,268,41,23
376,268,41,23
380,268,41,23
383,268,41,23
387,268,41,23
390,268,41,23
393,268,41,23
397,267,41,23
400,267,41,23
403,267,41,23
407,267,41,23
410,267,41,23
413,267,41,23
417,267,41,23
420,267,41,23
424,267,41,24
427,266,41,24
430,266,41,24
433,265,41,25
436,265,41,25
439,264,41,25
442,264,41,26
446,263,41,26
449,263,41,27
452,262,41,27
455,262,41,27
458,261,41,28
461,261,41,28
465,261,42,29
451,260,47,28
182,261,43,26
185,261,42,26
189,261,42,26
193,261,41,27
196,261,41,27
200,261,40,27
204,261,40,28
207,260,39,28
210,260,39,28
213,260,39,28
217,260,39,28
220,260,39,28
223,260,39,28
226,259,39,28
230,259,39,28
233,259,39,28
236,259,39,28
240,259,39,28
243,259,39,28
246,258,38,28
249,258,38,28
253,258,38,28
256,258,38,28
259,258,38,28
263,258,38,28
266,257,38,28
269,257,38,28
272,257,38,28
276,257,38,28
279,257,38,28
282,257,38,28
286,257,38,28
289,256,38,28
292,256,38,28
296,256,38,28
299,256,38,28
302,256,38,29
306,256,38,29
309,256,38,29
312,256,38,29
316,256,38,30
319,256,38,30
322,256,38,30
326,256,38,30
329,256,39,31
333,256,39,31
336,256,39,31
339,256,39,31
343,256,39,32
346,256,39,32
349,256,39,32
353,256,39,32
356,256,39,33
359,256,39,33
363,256,39,33
366,256,39,33
370,256,40,34
373,256,40,33
377,256,40,33
380,256,40,33
384,256,40,32
388,256,40,32
391,256,40,32
395,256,40,32
398,256,40,31
402,256,40,31
406,256,40,31
409,256,40,30
413,256,40,30
416,256,40,30
420,256,40,30
424,256,40,29
427,256,40,29
431,256,40,29
