292,211,51,34
296,211,51,34
301,211,51,34
305,211,51,34
309,211,52,34
314,211,52,34
318,211,52,34
322,211,52,34
327,212,53,34
334,214,44,31
327,214,49,30
295,214,43,32
256,215,43,32
235,214,51,32
244,215,52,31
249,215,52,31
254,215,52,31
259,215,52,31
264,215,52,31
269,215,52,31
274,215,52,31
279,215,52,31
284,215,52,31
289,215,52,31
295,216,52,31
300,216,52,31
305,216,52,31
310,216,52,31
315,216,52,31
320,216,52,31
325,216,52,31
330,216,52,31
335,216,52,31
341,217,52,31
349,216,46,30
352,215,50,32
356,215,54,34
366,218,50,30
367,216,55,33
344,217,55,30
306,220,45,27
264,218,46,30
269,218,47,30
274,218,48,30
279,218,49,31
284,218,50,31
289,218,51,31
294,218,52,31
298,218,53,32
303,218,54,32
308,218,55,32
313,218,56,32
318,218,57,33
323,218,58,33
328,218,59,33
333,218,61,34
343,218,47,31
350,219,46,33
354,219,46,32
359,219,47,32
364,219,47,32
369,219,48,32
361,216,45,33
321,218,53,29
237,218,47,30
241,217,47,30
246,217,48,30
251,217,49,30
256,217,50,30
260,217,51,31
265,217,52,31
270,217,53,31
275,217,54,31
279,217,55,32
284,217,56,32
289,217,57,32
294,217,58,32
299,217,59,33
315,218,47,27
319,217,47,28
324,217,47,29
329,217,47,30
334,217,47,31
312,216,44,32
267,216,50,28
133,215,53,33
139,215,53,33
145,215,53,33
151,215,53,33
157,216,53,33
163,216,53,33
169,216,53,33
175,216,53,33
181,217,53,33
187,217,53,33
193,217,53,33
199,217,53,33
205,218,54,34
203,221,57,34
216,222,47,30
223,220,46,33
227,220,43,32
229,222,37,30
188,222,54,31
110,225,52,31
114,223,52,33
119,223,52,33
125,223,52,33
130,223,53,33
136,223,53,34
142,223,54,34
147,223,54,34
153,223,55,35
159,223,55,35
164,223,55,35
170,223,56,35
176,223,56,36
181,223,57,36
187,223,57,36
193,223,58,37
198,223,57,36
204,224,56,35
210,225,56,35
216,225,55,34
222,226,54,34
228,227,54,33
234,227,53,33
240,228,52,32
246,229,52,32
227,232,55,32
187,231,52,28
160,230,50,28
165,230,50,28
170,230,51,28
176,230,51,28
181,229,51,28
186,229,52,28
191,229,52,28
197,229,52,28
202,228,53,28
207,228,53,28
212,228,53,28
218,228,54,28
222,227,53,28
227,227,52,28
232,227,52,28
236,227,51,28
241,227,51,28
246,227,50,28
251,227,50,28
255,226,50,28
260,226,51,28
265,226,51,28
270,226,52,28
274,226,52,28
279,226,53,29
284,225,54,29
289,225,54,29
293,225,55,29
298,225,55,29
303,225,56,29
308,225,57,30
288,227,49,26
244,226,51,27
232,225,46,28
238,224,47,29
244,223,48,31
250,222,49,33
254,221,49,33
258,221,49,33
262,221,49,33
267,220,50,33
271,220,50,34
275,220,50,34
280,219,51,34
284,219,51,34
288,219,51,34
293,219,52,35
300,221,48,29
304,220,47,30
308,219,47,31
312,218,47,32
316,217,47,33
320,217,47,35
328,218,48,33
333,219,42,30
306,223,46,26
201,219,51,33
204,218,52,32
208,218,52,31
213,218,52,31
217,218,52,31
222,218,52,31
226,218,52,31
231,218,52,31
235,218,52,31
240,218,52,31
245,218,52,31
249,218,52,31
254,218,52,31
258,218,52,31
263,219,52,30
267,219,52,30
272,219,52,30
276,219,52,30
281,219,52,30
286,219,52,30
290,219,52,30
295,219,52,30
299,219,52,30
304,219,52,30
308,219,52,30
313,219,52,30
318,220,53,30
307,219,53,31
264,221,55,30
220,223,51,30
225,223,51,31
230,223,51,32
236,223,51,33
240,223,50,32
245,223,50,32
249,223,50,32
254,223,49,32
258,223,49,32
263,224,49,31
267,224,48,31
272,224,48,31
276,224,48,31
281,224,47,31
285,225,47,30
290,225,47,30
294,225,46,30
299,225,46,30
303,225,46,30
308,226,46,30
312,225,45,30
317,225,45,31
322,224,44,32
326,224,44,32
331,223,43,33
336,223,43,34
340,222,42,34
345,222,42,35
350,222,42,36
347,224,57,34
316,228,54,27
300,226,46,27
306,226,45,26
312,226,44,25
318,227,43,24
321,226,44,25
324,226,45,26
328,226,46,28
331,226,47,29
335,226,48,31
338,225,49,32
341,225,50,33
345,225,51,35
348,225,52,36
352,225,54,38
358,226,54,34
365,227,54,31
369,227,53,31
374,227,53,31
379,227,52,31
383,227,52,31
388,227,51,31
393,227,51,31
398,227,51,32
402,226,51,31
406,226,51,31
411,226,51,31
415,226,51,31
419,225,51,30
424,225,51,30
428,225,51,30
432,225,51,30
437,225,51,30
442,224,49,30
447,224,47,31
452,224,45,31
457,224,44,32
456,225,50,30
424,227,53,27
304,226,48,29
308,225,48,29
312,225,48,29
316,225,48,29
321,225,48,29
325,225,48,29
329,225,48,29
333,224,49,29
338,224,49,29
342,224,49,29
346,224,49,29
350,224,49,29
355,224,49,29
359,223,50,29
363,223,50,29
367,223,50,29
372,223,50,29
376,223,50,29
380,223,50,29
385,223,51,30
389,221,51,31
393,220,52,33
382,222,46,29
333,224,56,27
297,223,53,29
259,222,47,30
253,226,44,26
261,221,48,30
265,221,48,30
269,221,48,30
273,221,49,30
277,221,49,31
282,221,49,31
286,221,50,31
290,221,50,31
294,221,50,32
298,221,51,32
303,221,51,32
307,221,52,32
311,221,52,33
315,221,52,33
319,221,53,33
324,221,53,33
328,221,53,34
332,221,54,34
336,221,54,34
341,222,55,35
344,222,55,34
347,222,56,33
351,223,57,32
361,225,52,31
365,223,42,32
344,226,54,29
255,226,44,29
260,227,55,29
268,226,50,32
272,226,50,32
276,226,50,32
280,226,50,32
285,226,50,32
289,227,50,32
293,227,50,32
298,227,51,32
302,227,51,32
306,227,51,32
310,228,51,32
315,228,51,32
319,228,51,32
323,228,51,32
328,229,52,32
332,229,51,31
336,230,51,31
340,230,50,30
344,231,50,30
345,231,48,29
346,231,47,28
347,232,46,28
244,231,52,33
252,231,48,28
253,231,46,32
258,234,48,28
264,233,49,27
271,234,46,27
274,233,45,27
278,233,45,28
282,233,45,28
285,233,45,29
289,233,45,29
293,233,45,30
297,233,45,31
298,231,52,34
300,230,60,38
304,230,58,37
309,231,56,36
314,232,55,35
319,233,53,34
323,233,52,33
328,234,50,32
333,235,49,31
338,236,47,30
343,237,46,29
347,237,45,29
351,237,44,29
355,237,43,29
360,237,43,30
363,237,43,29
367,237,43,29
370,238,43,29
374,238,43,29
377,239,43,29
381,239,43,29
385,240,44,29
388,239,46,31
377,241,49,31
250,243,58,33
221,243,46,28
222,243,46,28
223,243,47,28
224,243,47,29
225,243,47,29
226,243,48,29
227,243,48,30
228,243,48,30
229,243,49,30
230,243,49,30
231,243,49,31
232,243,50,31
233,243,50,31
234,243,50,32
235,243,51,32
236,243,51,32
237,243,51,32
238,243,52,33
239,243,52,33
240,243,52,33
241,243,53,34
242,243,53,34
243,243,53,34
244,243,54,35
243,242,54,34
243,242,54,34
242,242,54,34
242,242,54,34
241,242,54,34
241,242,54,34
240,242,54,34
240,242,54,34
240,241,54,34
239,241,54,34
239,241,54,34
238,241,54,34
238,241,54,33
237,241,54,33
237,241,54,33
236,241,54,33
236,240,54,33
236,240,54,33
235,240,54,33
235,240,54,33
234,240,54,33
234,240,54,33
233,240,54,33
233,240,54,33
233,240,55,33
232,239,55,32
232,239,55,32
232,239,55,32
232,238,55,32
231,238,55,32
231,238,55,32
231,238,55,32
231,237,55,32
230,237,55,32
230,237,55,32
230,236,55,32
230,236,55,32
229,236,55,31
229,236,55,31
229,235,55,31
229,235,55,31
228,235,55,31
228,234,55,31
228,234,55,31
228,234,55,31
227,234,55,31
227,233,55,31
227,233,55,31
227,233,55,31
227,233,55,31
226,232,54,31
226,232,54,31
226,231,54,31
226,231,54,31
226,231,54,31
226,230,54,31
226,230,53,31
226,229,53,31
226,229,53,31
226,229,53,31
226,228,53,31
226,228,53,31
225,227,52,32
225,227,52,32
225,227,52,32
225,226,52,32
225,226,52,32
225,225,52,32
225,225,51,32
225,225,51,32
225,224,51,32
225,224,51,32
225,223,51,32
225,223,51,32
225,223,51,33
224,222,51,32
224,222,51,32
224,222,51,32
224,222,52,32
224,222,52,31
224,221,52,31
224,221,52,31
224,221,53,31
224,221,53,30
224,221,53,30
224,220,54,30
224,220,54,30
224,220,54,29
224,220,54,29
224,220,55,29
224,219,55,29
224,219,55,28
224,219,56,28
224,219,56,28
224,219,56,28
224,218,56,27
224,218,57,27
224,218,57,27
224,218,57,27
224,218,58,27
224,217,58,27
224,217,58,27
224,217,58,27
224,216,58,27
224,216,58,27
224,216,58,27
225,215,59,28
225,215,59,28
225,215,59,28
225,214,59,28
225,214,59,28
225,214,59,28
226,213,60,29
226,213,60,29
226,213,60,29
226,212,60,29
226,212,60,29
226,212,60,29
227,211,61,30
227,211,61,30
227,211,61,30
227,210,61,30
227,210,61,30
227,210,61,30
228,210,62,31
