300,250,81,32
298,250,81,32
297,250,82,33
295,250,82,32
293,250,82,32
291,250,82,32
290,250,83,32
288,250,83,32
286,250,83,32
285,250,84,32
283,250,84,32
281,250,84,32
280,250,85,32
278,250,85,32
276,250,85,32
275,250,86,32
273,250,86,32
271,250,86,32
270,250,87,32
268,250,87,32
266,250,87,32
265,250,88,32
263,250,88,32
261,250,88,32
260,250,89,32
258,250,89,32
256,250,89,32
255,250,90,32
253,250,89,31
252,250,89,31
250,251,88,31
249,251,88,31
248,251,88,30
246,252,87,30
245,252,87,30
243,253,86,30
242,253,86,29
241,253,86,29
239,254,85,29
238,254,85,29
237,254,85,28
235,255,84,28
234,255,84,28
232,256,83,28
231,256,83,27
230,256,83,27
228,257,82,27
227,257,82,27
226,258,82,27
243,258,83,27
261,258,84,28
278,258,85,29
296,259,87,30
294,259,86,30
293,259,86,30
292,259,86,30
291,259,86,30
290,259,86,30
289,259,86,30
287,259,86,30
286,259,86,30
285,259,86,30
284,259,86,30
283,259,86,30
282,259,86,30
280,260,86,30
279,260,86,30
278,260,86,30
277,260,86,30
276,260,86,30
275,260,86,30
273,260,86,30
272,260,86,30
271,260,86,30
270,260,86,30
269,260,86,30
268,260,86,30
267,261,86,31
266,261,84,30
265,261,82,30
264,261,81,30
263,261,79,29
262,261,77,29
262,261,76,29
272,260,76,28
282,260,77,28
292,260,78,28
289,259,78,28
287,259,79,28
284,259,80,28
282,259,81,29
280,259,82,29
277,259,83,29
275,259,84,30
273,259,85,30
270,259,85,30
268,259,86,31
265,259,87,31
263,259,88,31
261,259,89,32
258,259,90,32
256,259,91,32
254,259,92,33
252,259,90,32
251,259,89,31
250,259,88,31
248,259,87,30
247,259,85,29
246,259,84,29
244,259,83,28
243,259,82,27
242,260,81,27
254,260,80,26
267,260,79,25
279,260,78,24
292,261,78,24
289,260,78,24
287,260,79,24
285,259,79,25
283,259,80,25
281,258,80,26
279,258,81,26
277,258,82,26
275,257,82,27
273,257,83,27
271,256,83,28
269,256,84,28
267,256,85,29
265,255,84,28
264,255,83,28
263,255,82,28
261,255,81,28
260,255,80,27
259,255,79,27
257,254,79,27
256,254,78,27
255,254,77,26
253,254,76,26
252,254,75,26
251,254,74,26
250,254,74,26
266,255,74,25
283,256,75,24
300,257,76,23
317,258,77,22
314,257,78,22
312,257,80,23
309,256,81,23
307,256,83,24
305,255,84,25
302,255,86,25
300,254,87,26
298,254,89,27
296,254,88,27
295,254,88,27
294,254,88,27
292,255,88,27
291,255,88,28
290,255,88,28
288,255,88,28
287,256,88,28
286,256,88,29
284,256,88,29
283,257,88,29
282,257,88,29
280,257,87,30
279,257,87,30
278,258,87,30
276,258,87,30
275,258,87,31
274,259,87,31
272,259,87,31
271,259,87,31
270,259,87,32
268,260,87,32
267,260,87,32
266,260,87,32
265,261,87,33
263,262,86,32
262,263,86,32
261,264,86,32
259,266,85,31
258,267,85,31
257,268,85,31
255,270,84,30
254,271,84,30
253,272,84,30
251,274,83,29
250,275,83,29
249,276,83,29
247,278,82,28
246,279,82,28
245,280,82,28
243,282,81,27
242,283,81,27
241,284,81,27
239,286,80,26
238,287,80,26
237,288,80,26
236,290,80,26
234,280,81,28
233,270,83,30
232,261,85,33
232,258,80,31
232,256,75,29
230,257,75,29
229,258,75,29
227,259,75,29
226,261,75,29
224,262,76,29
223,263,76,29
221,265,76,29
220,266,76,29
218,267,77,30
217,268,77,30
215,270,77,30
214,271,77,30
212,272,78,30
211,274,78,30
209,275,78,30
208,276,78,30
207,278,79,31
204,270,80,30
202,263,82,30
200,256,84,29
198,248,86,29
196,241,88,28
194,234,90,28
193,235,89,27
193,236,88,27
192,238,87,26
192,239,86,26
192,241,85,26
209,241,84,26
227,242,83,26
245,242,82,27
262,243,81,27
280,243,80,27
298,244,80,28
296,244,80,28
294,244,81,28
292,244,81,28
290,244,82,28
288,244,82,28
286,244,83,28
284,244,83,29
282,244,84,29
280,244,84,29
278,244,85,29
276,244,85,29
274,244,86,29
272,244,86,29
270,245,87,30
269,244,86,29
268,244,85,29
267,244,84,29
267,244,84,29
266,243,83,29
265,243,82,29
264,243,82,29
264,243,81,29
263,242,80,28
262,242,80,28
261,242,79,28
261,242,78,28
260,241,78,28
259,241,77,28
258,241,76,28
258,241,76,28
255,249,77,27
253,257,79,27
251,265,80,27
249,274,82,27
248,273,83,27
247,272,84,28
246,271,85,28
245,270,86,29
244,269,88,30
243,268,87,30
242,268,86,30
241,268,85,30
240,267,84,30
240,267,83,30
239,267,82,30
238,266,81,30
237,266,80,30
236,266,79,30
236,266,78,30
251,266,79,29
267,267,80,28
283,268,81,27
299,269,82,26
315,270,83,25
313,269,83,25
311,269,83,26
310,269,83,27
308,268,84,27
307,268,84,28
305,268,84,29
303,267,85,29
302,267,85,30
300,267,85,31
299,267,86,32
297,267,85,31
296,268,85,31
295,269,85,31
294,269,85,31
293,270,85,31
292,271,85,31
291,272,85,30
290,272,85,30
289,273,84,30
288,274,84,30
287,274,84,30
286,275,84,30
285,276,84,29
284,277,84,29
283,277,84,29
282,278,84,29
281,279,83,29
280,279,83,29
279,280,83,28
278,281,83,28
277,282,83,28
276,282,83,28
275,283,83,28
274,284,83,28
273,285,83,28
272,285,83,28
271,285,83,28
270,286,83,28
269,286,83,28
268,287,83,28
267,287,83,28
266,288,83,28
265,288,83,28
264,289,83,28
263,289,83,28
262,289,83,28
261,290,83,28
260,290,83,28
259,291,83,28
258,291,83,28
257,292,83,28
256,292,83,28
255,293,84,28
271,293,83,28
288,294,83,28
305,294,83,28
322,295,83,28
318,295,85,28
315,296,88,29
312,297,91,30
311,297,89,29
310,298,88,29
310,299,87,29
309,300,86,28
308,301,85,28
308,301,83,28
307,302,82,28
306,303,81,27
306,304,80,27
305,305,79,27
305,306,78,27
303,297,77,27
302,289,76,27
301,281,75,27
300,273,75,27
299,265,74,27
298,257,73,27
297,249,73,28
294,249,76,29
291,249,79,30
289,250,82,32
286,250,85,33
284,251,88,35
281,251,91,36
279,252,94,38
277,252,94,37
276,253,94,37
275,254,94,37
274,254,94,37
273,255,94,37
272,256,94,36
271,256,94,36
270,257,94,36
268,258,94,36
267,258,94,36
266,259,94,35
265,260,94,35
264,260,95,35
263,261,95,35
262,262,95,35
261,262,95,34
259,263,95,34
258,264,95,34
257,264,95,34
256,265,95,34
255,266,95,33
254,266,95,33
253,267,95,33
252,268,95,33
251,269,96,33
250,269,94,32
249,269,93,32
248,269,92,32
248,269,91,32
247,269,90,31
246,269,89,31
245,270,88,31
245,270,87,31
244,270,86,30
243,270,85,30
242,270,83,30
242,270,82,30
241,270,81,29
240,271,80,29
239,271,79,29
239,271,78,29
238,271,77,28
237,271,76,28
236,271,75,28
236,272,74,28
252,272,75,28
268,272,76,28
284,272,77,28
300,272,78,28
296,266,90,40
294,265,89,39
293,265,89,39
292,265,89,39
290,264,89,39
289,264,89,39
288,264,89,39
286,263,89,38
285,263,89,38
284,263,89,38
282,262,89,38
281,262,89,38
280,262,89,38
278,261,89,37
277,261,89,37
276,261,89,37
274,260,89,37
273,260,89,37
272,260,89,37
270,259,89,36
269,259,89,36
268,259,89,36
266,258,89,36
265,258,89,36
264,258,89,36
263,258,89,36
264,257,86,34
265,256,83,33
266,255,80,32
267,254,77,31
268,253,74,30
269,253,72,29
287,252,72,28
306,252,73,27
324,251,74,26
343,251,75,26
355,250,75,26
368,250,75,26
365,248,75,26
363,247,75,27
361,246,75,27
358,245,75,28
356,244,75,28
354,243,75,29
352,242,75,30
351,250,74,29
350,258,74,29
349,266,73,29
349,275,73,29
342,271,85,35
335,267,98,41
333,266,98,40
331,266,98,40
330,265,98,40
328,265,98,40
327,264,98,40
325,264,98,40
324,263,98,40
322,263,98,40
321,263,98,40
319,262,98,40
318,262,98,40
316,261,98,40
315,261,99,39
313,260,99,39
312,260,99,39
310,259,99,39
309,259,99,39
307,259,99,39
306,258,99,39
304,258,99,39
303,257,99,39
301,257,99,39
300,256,99,39
298,256,99,39
297,256,100,39
296,256,96,38
296,257,93,37
296,257,89,36
296,258,86,35
295,259,83,34
295,259,79,33
295,260,76,32
295,261,73,32
293,268,72,32
292,275,71,32
291,282,70,32
290,290,70,32
287,289,71,32
285,288,73,32
283,287,75,32
281,287,76,32
279,286,78,32
277,285,80,32
275,285,81,32
273,284,83,32
271,283,85,32
269,283,86,32
267,282,88,32
265,281,90,32
263,281,92,33
261,280,91,33
260,280,90,33
259,279,89,33
258,279,88,33
257,278,87,33
256,278,86,33
255,277,85,33
254,277,84,33
253,276,83,33
252,276,82,33
251,275,81,33
250,275,80,33
249,274,79,33
248,274,78,33
247,273,77,33
246,273,76,33
245,273,76,34
251,275,76,32
270,275,75,30
290,275,75,29
286,274,79,30
283,273,84,32
280,272,88,34
277,271,93,36
274,271,98,38
272,270,97,37
270,270,97,37
268,270,97,37
267,269,97,37
265,269,97,37
263,269,97,36
262,268,97,36
260,268,97,36
258,268,96,36
257,267,96,36
255,267,96,35
253,267,96,35
252,266,96,35
250,266,96,35
248,266,96,35
247,265,96,34
245,265,95,34
243,265,95,34
242,264,95,34
240,264,95,34
238,264,95,33
237,263,95,33
235,263,95,33
233,263,95,33
232,263,95,33
232,263,91,32
233,263,87,32
234,263,84,31
234,263,80,31
235,263,76,30
236,263,73,30
252,262,72,29
268,261,71,29
284,260,70,28
300,260,70,28
297,259,71,28
295,258,72,28
292,257,74,28
290,256,75,28
288,256,76,29
285,255,78,29
283,254,79,29
280,253,80,29
278,252,82,29
276,252,83,30
273,251,84,30
271,250,86,30
268,249,87,30
266,248,88,30
264,248,90,31
264,247,86,30
264,247,82,29
264,246,79,28
264,246,75,27
264,246,72,27
278,244,76,28
296,244,69,26
291,244,69,26
287,244,70,26
285,251,70,26
284,259,70,26
282,267,70,26
281,275,70,27
279,283,70,27
278,291,70,27
276,299,70,27
275,307,71,28
271,305,73,28
268,303,76,29
264,301,78,30
261,299,81,31
258,297,84,31
254,295,86,32
251,293,89,33
248,291,92,34
246,291,92,33
245,291,92,33
244,291,92,33
243,291,92,33
242,291,92,33
241,291,92,33
240,291,92,33
239,291,92,33
238,292,92,32
237,292,92,32
236,292,92,32
235,292,92,32
233,292,92,32
232,292,92,32
231,292,92,32
230,292,92,32
229,293,92,31
228,293,92,31
227,293,92,31
226,293,92,31
225,293,92,31
224,293,92,31
223,293,92,31
222,293,92,31
221,294,93,31
221,294,90,30
221,295,88,30
222,295,86,30
222,296,83,29
223,296,81,29
223,297,79,29
224,298,77,29
243,297,76,30
262,296,75,31
281,296,75,32
291,298,74,30
302,300,74,28
300,299,75,28
298,299,77,29
296,299,78,29
294,298,80,30
292,298,82,31
290,298,83,31
289,297,85,32
287,297,86,32
285,297,88,33
283,296,90,34
281,296,91,34
279,296,93,35
278,296,95,36
277,296,94,36
276,296,94,36
276,296,94,36
275,297,94,36
274,297,94,36
274,297,93,36
273,298,93,36
272,298,93,36
272,298,93,36
271,299,93,36
270,299,92,36
270,299,92,36
269,300,92,36
269,300,92,36
268,300,92,36
267,301,91,36
267,301,91,36
266,301,91,36
265,302,91,36
265,302,91,36
264,302,90,36
263,303,90,36
263,303,90,36
262,303,90,36
262,304,90,36
262,305,86,33
263,306,83,31
263,307,79,29
264,308,76,27
265,309,73,25
267,305,70,29
265,295,71,28
264,285,72,28
262,275,73,28
261,266,74,28
261,262,73,28
261,258,72,28
260,258,73,28
259,258,74,29
258,258,76,30
257,258,77,30
256,258,79,31
255,258,80,32
254,258,82,32
253,258,83,33
252,258,85,34
251,258,86,34
250,258,88,35
249,258,89,36
249,258,91,37
248,258,90,36
247,259,90,36
247,259,90,36
246,260,90,36
246,260,90,36
245,261,90,36
245,261,90,36
244,262,90,36
244,262,90,36
243,263,90,36
243,263,90,36
242,264,90,36
242,264,89,35
241,265,89,35
241,265,89,35
240,266,89,35
240,266,89,35
239,267,89,35
239,267,89,35
238,268,89,35
238,268,89,35
237,269,89,35
237,269,89,35
236,270,89,35
236,271,89,35
235,271,89,34
235,271,89,34
234,272,89,34
234,272,89,34
234,273,89,34
233,273,89,34
233,274,90,34
232,274,90,34
232,275,90,33
232,275,90,33
231,276,90,33
231,276,90,33
230,277,91,33
230,277,91,33
230,278,91,33
229,278,91,33
229,279,91,32
228,279,91,32
228,280,92,32
228,280,92,32
227,281,92,32
227,281,92,32
226,282,92,32
226,282,92,32
226,283,93,32
225,283,92,32
225,283,92,32
225,283,91,32
225,283,91,32
225,284,91,32
224,284,90,32
224,284,90,32
224,284,89,32
224,284,89,32
224,285,89,32
223,285,88,32
223,285,88,32
223,285,87,32
223,285,87,32
223,286,87,32
222,286,86,32
222,286,86,32
222,286,85,32
222,286,85,32
222,287,85,32
221,287,84,32
221,287,84,32
221,287,83,32
221,287,83,32
221,288,83,32
221,288,82,31
221,288,82,31
221,288,81,31
221,288,81,30
221,289,80,30
221,289,80,30
221,289,79,29
221,289,79,29
222,290,79,29
244,292,75,29
266,295,72,29
267,295,72,27
269,295,73,26
268,295,72,25
268,296,72,25
267,296,72,25
267,297,72,25
267,297,71,25
266,298,71,25
266,298,71,25
266,299,71,25
265,293,73,28
264,287,75,32
263,281,77,35
262,275,79,39
263,274,77,33
264,273,75,27
265,272,73,22
264,272,73,22
263,272,74,23
262,273,74,23
261,273,75,24
261,273,75,25
260,274,76,25
259,274,76,26
258,274,77,27
258,275,77,27
257,275,78,28
256,276,79,29
255,276,79,29
254,276,80,30
254,277,80,30
253,277,81,31
252,277,81,32
251,278,82,32
251,278,82,33
250,278,83,34
249,279,83,34
248,279,84,35
248,280,85,36
247,280,84,35
247,280,83,35
247,280,82,34
247,281,81,34
247,281,81,33
247,281,80,33
247,282,79,33
247,282,78,32
246,282,78,32
246,282,77,31
246,283,76,31
246,283,75,31
246,283,75,30
246,284,74,30
246,284,73,29
246,284,72,29
246,285,72,29
245,277,72,28
244,270,73,27
243,263,74,26
242,256,75,26
240,255,78,28
239,255,81,31
237,255,84,33
236,255,88,36
235,254,87,36
235,253,87,36
234,252,87,36
234,251,87,36
233,250,87,36
233,249,87,36
232,249,87,36
232,248,87,36
232,247,86,37
231,246,86,37
231,245,86,37
230,244,86,37
230,244,86,37
229,243,86,37
229,242,86,37
228,241,86,37
228,240,85,38
228,239,85,38
227,239,85,38
227,238,85,38
226,237,85,38
226,236,85,38
225,235,85,38
225,234,85,38
225,234,85,39
227,235,78,33
229,237,72,27
227,244,73,27
226,251,74,28
225,259,75,29
224,266,76,29
223,273,77,30
222,281,78,31
225,285,76,27
224,283,75,27
224,282,75,27
223,281,75,28
223,280,75,28
223,279,75,28
222,278,75,29
222,276,75,29
221,275,75,30
221,274,75,30
221,273,75,30
220,272,75,31
220,271,75,31
220,270,75,32
235,269,80,30
251,269,85,28
267,269,91,27
286,270,84,25
306,271,78,23
305,270,83,25
304,269,82,25
303,268,81,26
302,267,81,27
301,266,80,27
301,265,80,28
300,264,79,29
299,263,78,29
298,262,78,30
297,261,77,31
297,261,77,32
296,269,76,31
296,277,76,30
296,285,76,29
296,293,76,29
294,292,77,29
293,291,79,30
292,291,81,31
291,290,83,32
290,289,85,33
289,289,87,34
288,288,89,35
287,288,91,36
286,288,90,35
286,288,90,35
285,289,90,35
285,289,90,35
285,290,90,35
284,290,90,35
284,291,90,35
284,291,90,35
283,291,90,35
283,292,90,35
283,292,90,35
282,293,90,35
282,293,89,34
281,294,89,34
281,294,89,34
281,295,89,34
280,295,89,34
280,295,89,34
280,296,89,34
279,296,89,34
279,297,89,34
279,297,89,34
278,298,89,34
278,298,89,34
278,299,89,34
277,290,87,33
276,281,85,32
275,273,83,32
274,272,83,32
274,272,83,33
274,271,83,33
274,271,83,34
274,271,83,34
274,270,83,35
274,270,83,36
274,270,84,36
274,269,84,37
274,269,84,37
274,269,84,38
274,268,84,39
274,268,84,39
274,267,84,40
274,267,85,40
274,267,85,41
274,266,85,42
274,266,85,42
274,266,85,43
