390,354,70,55
220,357,65,54
224,356,66,53
228,356,67,53
234,355,66,53
241,354,66,53
248,353,66,53
255,352,66,53
262,352,66,54
268,351,65,54
275,350,65,54
282,349,65,54
289,348,65,54
296,348,65,55
302,347,64,55
309,346,64,55
316,345,64,55
323,344,64,55
330,344,64,56
336,344,65,55
342,345,66,54
348,346,68,53
354,347,69,52
361,348,71,51
367,346,70,52
373,345,69,53
380,343,68,54
386,342,67,55
393,341,66,56
398,340,67,55
404,340,69,55
410,340,70,54
416,340,72,54
422,340,74,54
429,338,70,56
437,337,67,59
435,341,66,51
371,340,71,56
298,343,67,51
310,343,65,51
312,341,67,53
314,340,69,56
321,340,68,56
328,340,67,56
335,340,66,56
342,340,65,56
350,340,64,56
355,340,65,55
360,340,66,54
365,340,67,53
370,340,68,52
376,340,69,52
383,339,68,52
390,338,67,53
397,338,66,53
404,337,65,54
412,337,65,55
417,337,65,55
422,338,65,55
427,339,65,56
432,340,65,56
438,341,66,57
377,340,69,58
183,338,66,56
189,340,67,54
195,341,69,52
201,343,70,50
208,345,72,48
214,344,70,49
220,343,69,50
226,342,67,52
232,341,66,53
239,341,65,55
245,337,65,57
251,333,66,59
257,329,66,61
263,325,67,63
269,322,68,66
300,231,68,57
306,230,66,56
312,230,65,56
318,230,64,56
324,230,63,56
331,230,62,56
337,230,62,55
344,230,62,55
351,230,62,55
358,230,62,55
365,230,63,55
370,230,63,54
376,231,63,54
382,232,64,53
388,233,64,53
394,234,65,53
401,234,66,51
397,229,69,57
202,226,66,59
205,227,66,58
209,228,66,57
213,230,67,57
219,229,66,57
225,228,66,58
231,227,65,58
237,226,65,59
244,226,65,60
250,226,65,59
256,226,66,58
263,227,66,57
269,227,67,56
276,228,68,55
282,228,67,54
289,229,66,53
296,229,66,53
303,230,65,52
310,231,65,52
317,226,65,61
326,233,63,54
329,233,66,51
59,229,65,57
69,229,64,57
75,229,63,56
81,229,62,55
87,230,61,55
93,230,60,54
99,231,59,54
106,231,59,53
113,231,59,53
120,232,60,53
127,232,60,53
134,233,61,53
140,233,61,53
146,233,62,53
152,233,63,53
158,233,64,53
165,234,65,53
172,234,65,55
179,234,65,57
186,234,65,59
193,234,65,61
201,234,65,64
239,337,64,55
245,336,64,54
252,336,64,54
259,336,65,54
266,336,65,54
273,336,66,54
279,335,66,54
286,335,66,54
293,334,66,54
300,334,66,54
307,334,66,54
65,332,61,56
72,331,61,56
79,331,61,56
87,331,62,56
94,331,62,56
102,331,62,56
109,331,63,56
117,331,63,56
124,330,63,57
132,330,64,57
139,330,64,57
147,330,64,57
154,330,65,57
162,330,65,57
169,330,65,57
177,330,66,58
185,330,65,57
194,330,65,56
202,330,64,56
211,330,64,55
220,330,64,55
228,330,63,54
236,330,63,53
245,331,62,53
253,331,62,52
262,332,62,52
272,330,61,55
283,328,61,58
267,327,71,57
125,327,63,56
134,327,63,56
143,326,63,56
153,326,63,56
161,326,63,56
170,326,63,56
179,326,63,56
188,326,63,56
197,327,64,56
206,327,64,55
215,327,64,54
224,327,64,53
233,327,64,52
243,328,64,51
252,327,64,52
262,326,64,53
272,325,65,54
282,324,65,55
292,323,66,56
303,323,63,55
315,324,61,55
322,323,61,53
329,322,61,52
57,320,67,54
66,319,66,54
76,318,66,54
86,317,66,55
96,316,66,55
106,316,66,56
116,315,65,55
126,315,64,54
137,315,63,54
147,315,62,53
158,315,62,53
168,314,62,53
178,313,63,54
188,312,63,55
198,311,64,56
208,311,65,57
218,310,65,57
228,309,66,57
238,308,66,57
248,307,67,57
258,307,68,57
270,307,65,55
282,308,63,53
290,305,61,57
29,306,69,50
46,302,65,57
63,300,59,58
71,300,60,56
79,300,61,55
88,301,62,53
96,301,63,52
105,302,65,51
115,301,64,51
126,300,64,51
137,299,63,52
148,298,63,52
159,298,63,53
169,296,63,54
179,295,64,56
190,294,65,58
200,293,66,60
211,292,67,62
222,292,66,60
233,292,65,58
245,292,64,57
256,292,63,55
268,293,63,54
274,291,64,51
69,291,65,53
79,290,64,52
90,290,64,52
101,290,63,51
112,290,63,51
121,289,63,51
131,288,63,52
141,288,64,53
151,287,64,54
161,287,65,55
171,286,65,55
182,286,65,55
192,285,66,56
203,285,66,56
214,285,67,57
224,286,65,55
235,288,64,53
245,286,66,53
256,285,69,54
247,285,67,58
50,287,69,54
68,287,62,53
76,287,62,53
85,287,62,53
94,287,62,53
103,288,62,53
112,288,63,53
121,288,63,53
130,288,63,53
139,289,63,53
148,289,64,53
157,289,64,53
166,290,64,53
175,290,64,53
184,290,65,53
193,290,65,53
202,291,65,53
211,291,65,53
220,291,66,53
229,292,66,53
238,292,66,53
247,292,66,53
256,292,67,53
265,293,67,53
274,293,67,53
283,293,67,53
292,294,68,54
104,294,66,51
112,294,66,50
120,294,66,50
128,294,66,50
136,294,66,50
144,294,66,50
152,294,66,50
160,294,66,50
168,294,66,50
176,294,66,50
184,294,66,50
192,294,66,49
200,294,66,49
208,294,66,49
216,294,66,49
224,294,66,49
232,294,66,49
240,294,66,49
248,294,66,49
256,294,66,49
265,294,67,49
274,292,65,50
283,290,63,51
292,285,62,60
68,290,69,55
77,291,65,53
87,292,62,52
94,291,62,52
101,291,62,52
109,291,63,52
116,290,63,52
124,290,63,52
131,290,64,52
139,289,64,52
146,289,64,52
154,289,65,52
161,288,65,52
169,288,65,52
176,288,66,52
184,287,66,52
191,287,66,52
199,287,67,52
207,286,65,52
215,285,64,52
223,284,63,52
231,283,62,52
239,282,61,52
245,282,61,52
1,278,52,56
3,279,56,54
5,280,60,52
8,281,65,51
15,280,64,51
22,279,64,51
29,278,64,51
36,278,64,52
44,277,64,52
51,276,63,52
58,276,63,53
65,275,63,53
72,274,63,53
80,274,63,54
87,273,62,53
94,273,62,52
102,273,61,52
109,273,61,51
117,273,61,51
124,272,61,51
131,272,61,51
138,272,62,52
145,272,62,52
152,272,63,53
161,268,64,56
164,269,66,54
1,267,42,57
1,266,47,55
2,265,53,54
3,265,59,53
8,264,61,52
13,264,63,52
19,264,65,51
24,264,67,51
30,264,69,51
36,263,69,50
43,263,69,50
50,263,69,50
57,262,69,50
64,262,69,50
70,262,69,50
77,262,69,50
84,261,69,50
91,261,69,50
98,261,69,50
104,260,69,50
111,260,69,50
118,260,69,49
125,260,69,49
132,259,69,49
138,259,69,49
145,259,69,49
152,258,69,49
159,258,69,49
166,258,69,49
172,258,69,49
179,257,69,49
186,257,69,49
193,257,69,49
200,257,69,49
206,256,68,49
212,256,67,49
218,255,67,49
225,255,66,49
231,255,66,49
237,254,65,49
243,254,65,49
250,253,64,49
256,253,63,49
262,253,63,49
269,252,62,49
275,252,62,49
281,251,61,49
287,251,61,49
294,251,60,49
300,250,60,49
306,250,59,49
313,249,58,49
319,249,58,49
325,249,57,49
331,248,57,49
338,248,56,49
344,247,56,49
350,247,55,49
357,247,55,49
359,245,53,48
362,243,51,47
365,242,49,47
368,240,47,46
318,240,45,48
305,240,46,49
291,240,46,50
278,241,46,50
265,241,46,51
252,241,46,52
239,242,47,53
243,242,48,52
247,242,50,52
251,242,51,52
256,242,53,52
260,242,54,52
264,242,56,51
269,242,57,51
273,242,59,51
277,242,60,51
282,243,62,51
287,243,62,51
292,244,63,51
297,244,64,51
302,245,65,51
307,246,66,52
314,245,63,53
322,245,60,54
288,246,77,52
222,243,74,56
154,249,75,49
94,247,76,55
76,251,64,48
81,249,65,50
86,248,66,52
92,247,68,54
97,247,67,53
103,247,67,53
109,247,67,53
115,247,66,53
121,248,66,53
127,248,66,53
133,248,65,53
139,248,65,53
145,248,65,53
151,249,65,53
156,249,65,52
161,249,65,52
167,249,65,52
172,249,65,52
178,249,65,52
183,249,65,52
189,249,66,52
194,249,66,52
200,249,66,52
205,249,66,52
211,249,66,52
216,249,66,52
222,249,67,51
227,249,67,51
233,249,67,51
238,249,67,51
244,249,67,51
249,249,67,51
255,249,68,51
260,249,68,51
266,249,68,51
271,249,68,51
277,249,68,51
282,249,68,51
288,249,69,51
137,251,66,53
145,251,67,47
149,250,66,47
154,250,66,47
159,249,66,48
164,249,66,48
168,249,66,49
173,248,66,49
178,248,65,49
183,247,65,50
187,247,65,50
192,247,65,51
197,246,65,51
202,246,65,51
206,245,65,52
211,245,64,52
216,245,64,53
221,244,64,53
225,244,64,53
230,243,64,54
235,243,64,54
240,243,64,55
244,243,64,53
248,243,64,52
253,244,65,51
257,244,65,50
262,245,66,49
266,244,66,49
270,243,66,49
274,243,67,49
278,242,67,49
283,242,68,50
289,240,65,51
295,238,63,52
295,236,70,51
244,236,79,50
177,230,76,55
168,231,64,48
172,227,64,50
177,224,64,53
182,221,65,56
185,219,65,55
188,218,65,54
192,217,66,54
195,216,66,53
199,215,67,53
203,212,66,52
207,210,66,52
212,208,65,52
216,206,65,52
221,204,65,52
225,202,65,52
229,200,65,52
234,198,65,52
238,196,65,52
243,195,65,52
246,192,65,52
249,189,65,53
253,187,65,54
256,184,65,55
260,182,66,56
265,181,64,56
271,180,62,57
285,234,67,56
290,254,66,56
295,275,65,56
294,272,69,55
293,269,74,55
298,268,72,54
304,267,70,53
310,267,68,52
316,266,66,51
322,266,64,50
326,264,63,50
330,262,63,50
334,261,63,50
338,259,63,50
343,258,63,50
346,255,62,51
350,252,62,52
354,249,62,53
358,246,62,54
247,240,82,58
186,243,77,51
180,238,62,55
183,237,63,54
186,236,64,54
190,235,65,53
193,234,66,53
197,234,68,53
200,232,67,52
204,231,67,52
208,230,66,51
212,229,66,51
216,228,66,51
219,226,65,51
223,225,65,51
227,224,65,51
231,223,65,51
235,222,65,52
239,221,64,52
243,220,64,52
247,219,63,53
251,218,63,53
255,217,63,54
259,215,63,52
269,250,63,51
273,284,64,50
276,283,65,50
279,282,67,50
283,281,68,50
286,280,70,50
290,279,72,51
294,278,70,50
298,278,68,50
302,277,67,50
306,277,65,50
311,277,64,50
316,273,62,51
326,294,63,58
331,330,62,54
337,349,59,55
339,351,61,49
341,349,61,49
344,347,62,50
347,345,63,51
351,344,63,51
355,343,63,52
359,342,63,52
363,341,63,53
254,341,80,49
190,336,77,51
184,338,68,50
187,336,67,50
191,335,67,50
195,334,67,50
198,333,67,50
202,332,67,50
206,331,67,50
209,330,67,50
213,329,67,50
217,328,67,51
220,327,67,51
224,326,67,51
228,325,67,51
231,323,66,51
235,322,66,51
239,321,66,51
242,320,66,51
246,319,66,52
250,318,66,52
253,317,66,52
257,316,66,52
261,315,66,52
264,314,66,52
268,313,66,52
272,312,66,52
276,311,66,53
279,310,65,52
282,310,65,52
286,309,65,51
289,309,65,51
293,309,65,51
297,307,64,51
301,306,64,51
305,305,64,51
309,304,64,51
314,303,64,52
317,302,64,52
320,301,64,52
323,301,65,52
326,300,65,52
330,300,66,53
334,298,65,52
338,296,64,51
342,295,64,51
346,293,63,50
350,292,63,50
353,293,63,51
257,290,83,51
227,285,68,56
232,285,66,54
237,285,65,53
242,285,64,52
247,286,63,51
250,285,63,51
253,284,63,51
256,283,63,51
260,282,64,52
263,281,64,52
266,280,64,52
269,279,65,53
273,278,65,53
276,277,65,53
279,276,66,54
282,275,66,54
286,274,66,54
289,273,66,54
292,272,67,55
295,271,67,55
299,270,67,55
302,269,68,56
305,268,68,56
308,267,68,56
312,267,69,57
315,267,67,56
319,267,66,55
323,267,65,54
327,267,64,53
331,267,63,53
334,266,63,52
337,265,63,51
341,265,63,50
344,264,63,49
348,264,64,49
265,260,73,51
206,260,70,52
204,257,69,52
207,256,69,51
211,256,69,51
215,256,69,50
218,256,69,50
222,256,70,49
226,255,70,49
229,255,70,48
233,255,70,48
237,255,70,47
241,255,71,47
245,254,70,47
249,253,70,47
254,252,69,47
258,252,69,48
263,251,69,48
267,250,68,48
271,249,68,48
276,249,67,49
280,248,67,49
285,247,67,49
289,247,66,50
293,246,66,50
298,245,65,50
302,244,65,50
307,244,65,51
311,243,64,51
315,242,64,51
320,242,63,52
324,241,63,52
329,240,63,52
333,239,62,52
337,239,62,53
342,238,61,53
346,237,61,53
351,237,61,54
355,240,61,50
309,238,79,53
240,237,78,49
190,237,65,53
188,238,64,46
194,237,62,47
201,236,60,49
205,235,60,49
209,235,61,49
214,235,61,50
218,234,62,50
222,234,63,51
227,234,63,51
231,234,64,51
235,233,64,52
240,233,65,52
244,233,66,53
248,233,66,53
253,232,67,53
257,232,67,54
261,232,68,54
266,232,69,55
271,232,68,52
276,232,67,50
282,233,66,48
287,233,65,46
293,234,64,44
298,233,64,45
303,232,64,46
309,231,64,48
314,230,64,49
320,230,64,51
324,230,64,51
328,230,65,51
333,230,65,51
337,230,66,51
267,229,71,50
201,228,72,49
172,230,62,47
176,229,64,48
180,229,66,50
184,228,68,52
188,228,70,54
193,228,73,56
198,227,72,55
203,227,72,55
209,227,71,55
214,227,71,55
220,227,71,55
225,227,70,55
230,227,70,55
236,227,70,55
241,227,69,55
247,227,69,55
252,227,69,55
257,227,68,55
263,226,68,55
268,226,67,55
274,226,67,55
279,226,67,55
284,226,66,55
290,226,66,55
295,226,66,55
301,226,65,55
306,226,65,55
311,226,65,55
317,226,64,55
322,226,64,55
328,226,64,55
336,228,61,51
254,234,80,47
190,233,79,50
127,232,78,54
108,230,66,55
122,235,63,50
127,235,63,50
132,235,63,50
137,235,64,50
142,235,64,50
147,235,65,51
152,235,65,51
157,235,65,51
162,235,66,51
167,235,66,51
172,235,67,52
177,235,67,52
182,235,67,52
187,235,68,52
192,235,68,52
198,236,69,53
204,236,67,52
210,237,66,51
217,237,64,51
223,238,63,50
230,239,62,50
235,239,62,50
240,240,63,50
246,240,64,50
251,241,65,50
257,242,66,50
263,242,65,49
269,243,65,48
275,244,64,48
281,245,64,47
288,246,64,47
293,245,63,48
299,244,63,49
304,244,62,50
310,243,62,51
299,241,76,53
232,241,75,53
165,242,75,53
144,245,70,53
156,246,66,53
169,248,62,53
172,247,63,52
175,246,64,51
180,246,64,51
186,246,64,51
192,247,64,51
198,247,64,51
204,248,65,51
210,248,65,51
215,248,65,51
221,249,65,51
227,249,65,51
233,250,66,51
239,250,66,51
245,250,66,51
251,251,66,51
256,251,66,51
262,252,67,51
268,252,67,51
274,252,67,51
280,253,67,51
286,253,67,51
292,254,68,52
299,254,67,51
306,255,66,51
