262,234,17,11
261,232,17,10
262,233,16,10
263,233,15,11
262,233,16,10
262,233,16,10
262,233,16,10
262,234,16,10
263,233,15,10
263,233,15,11
263,233,15,11
262,233,16,10
262,233,16,12
262,234,16,11
262,234,16,11
262,234,16,9
262,233,16,10
261,233,16,10
262,234,15,8
262,234,15,10
261,233,16,10
261,234,15,10
260,233,16,9
261,234,16,8
260,234,17,11
260,234,15,9
259,233,17,10
260,234,16,10
258,233,18,11
260,234,15,10
258,234,17,11
258,235,15,9
258,236,16,8
257,235,16,8
257,235,17,8
257,235,15,9
256,235,16,9
256,235,16,9
256,235,15,9
255,235,16,8
255,235,15,8
255,235,15,8
255,236,15,7
254,236,16,8
254,236,16,8
253,235,16,8
253,235,16,8
253,234,16,10
253,235,15,8
253,236,15,9
252,236,16,9
252,235,15,8
252,235,15,10
251,236,16,8
251,236,17,7
251,236,16,7
251,235,16,8
250,235,17,9
251,235,16,8
251,236,16,10
251,236,15,7
250,236,16,7
250,236,16,7
250,236,16,8
250,236,16,8
250,236,16,8
250,236,16,8
250,236,15,7
250,236,15,7
250,236,16,7
249,235,16,9
250,236,16,8
250,236,16,8
249,236,16,9
249,236,16,8
248,235,18,8
249,236,16,7
249,235,16,9
249,236,16,10
249,236,16,10
248,236,17,10
249,236,15,8
249,236,15,7
249,236,15,7
248,236,16,8
249,236,16,11
248,236,17,9
248,236,16,9
249,236,15,8
248,236,16,8
248,236,16,10
248,237,15,8
248,237,16,9
248,237,16,9
248,238,16,7
247,237,17,9
248,239,15,7
246,239,17,8
247,239,16,7
247,239,17,9
247,240,16,9
247,241,16,8
247,241,16,9
247,241,16,9
247,242,16,8
247,242,17,9
247,243,16,8
247,244,15,8
247,244,15,8
246,244,16,8
246,245,17,9
246,246,17,9
245,246,17,8
246,247,16,9
245,248,17,8
245,247,17,9
245,248,17,10
246,250,15,8
245,251,16,9
244,250,17,10
245,252,16,9
244,252,18,9
243,253,17,8
243,253,18,9
244,253,16,9
244,254,16,10
244,253,17,10
243,256,16,8
243,256,16,8
243,257,16,7
243,257,16,8
242,257,17,8
242,257,15,9
242,258,16,9
242,259,16,8
241,258,16,9
241,260,16,8
241,260,17,9
240,261,17,9
240,262,17,8
240,262,16,9
239,262,17,9
239,264,17,8
239,264,16,9
238,265,18,9
238,265,16,8
238,266,16,7
238,266,16,9
237,267,16,8
237,267,16,9
237,268,15,8
236,268,16,9
236,269,16,9
235,270,17,9
235,272,17,7
235,272,16,8
234,272,16,9
234,273,16,8
233,274,17,8
232,275,16,8
232,275,16,9
232,275,16,10
231,276,16,10
231,276,16,11
230,277,16,10
229,277,17,11
228,279,16,9
228,279,16,10
226,281,16,8
225,281,16,10
225,282,15,9
224,283,16,9
223,283,16,9
223,284,15,9
221,285,17,9
220,286,16,9
219,287,16,8
218,288,17,8
217,289,16,7
215,289,17,9
215,290,16,7
214,290,16,8
213,290,16,9
211,290,17,9
211,290,16,9
211,291,16,8
210,290,17,9
209,291,17,8
209,291,16,8
208,291,16,8
207,290,17,9
207,291,17,8
207,291,15,8
206,290,16,9
206,290,16,8
205,290,16,8
204,290,17,8
204,290,17,7
204,289,17,8
203,289,18,7
203,289,18,7
203,287,16,9
203,287,16,8
203,287,17,7
202,286,16,7
202,285,16,9
202,284,16,10
201,284,17,8
202,282,16,9
204,281,13,9
203,282,15,9
201,281,16,9
201,280,15,9
201,279,16,10
201,279,16,10
200,279,17,8
200,278,16,9
200,277,16,9
200,277,16,8
200,277,15,8
200,276,15,8
199,276,16,9
199,275,16,9
199,275,16,8
199,275,16,9
199,274,16,10
199,274,15,10
199,274,15,10
198,274,16,9
198,274,16,8
198,274,16,9
198,273,16,10
199,273,15,9
198,273,16,9
198,273,16,9
198,272,16,10
197,272,17,10
198,273,16,9
198,273,17,8
197,273,18,9
197,273,17,9
197,273,17,9
198,274,17,8
197,273,18,9
197,274,17,8
198,273,16,9
198,273,16,9
199,273,16,8
198,273,17,9
197,274,18,7
198,273,16,9
198,273,16,9
199,273,16,9
200,273,15,9
199,273,16,9
199,274,16,8
199,273,16,10
198,273,18,9
198,273,17,9
199,273,16,9
198,273,17,9
198,273,17,9
200,273,16,9
199,273,16,9
199,273,17,9
200,273,17,10
199,274,18,8
201,273,16,9
200,273,16,10
200,273,17,10
199,272,17,9
201,273,16,9
200,272,16,11
200,273,16,10
201,272,16,10
201,272,16,10
201,272,16,9
202,273,15,8
202,272,15,9
202,272,15,9
201,272,16,9
201,273,16,8
200,273,17,8
201,273,16,9
201,273,16,8
201,273,17,8
201,273,17,9
201,273,16,8
200,273,19,8
202,272,16,9
202,272,17,9
201,273,17,8
201,272,17,9
201,272,17,8
202,273,16,8
202,273,16,8
202,273,16,8
201,272,17,9
201,273,18,8
202,271,16,9
202,273,17,7
203,272,15,8
203,273,16,8
202,273,17,7
203,273,16,7
202,272,17,9
203,273,16,8
202,273,17,7
202,271,17,9
202,272,17,9
202,272,17,9
203,273,16,7
203,273,16,7
204,273,15,7
204,273,15,7
203,273,16,7
203,273,16,7
203,273,17,7
203,273,16,7
203,272,16,8
204,273,15,7
203,272,16,9
204,273,15,8
203,273,17,8
202,273,17,7
203,273,16,7
204,273,15,7
203,272,17,8
204,273,15,7
204,273,16,7
204,273,15,8
204,273,15,7
204,273,16,8
204,272,16,8
204,273,15,8
204,273,15,7
204,273,16,8
204,273,15,8
203,273,16,8
203,272,16,8
203,273,16,8
204,273,15,8
203,273,16,8
204,273,16,8
203,273,16,8
204,273,16,8
204,273,15,8
203,273,17,9
204,273,15,9
203,273,16,8
203,273,16,8
203,273,16,8
203,272,16,8
203,273,16,9
203,274,17,8
202,273,17,9
202,274,17,7
202,273,17,8
203,274,17,8
202,274,18,8
203,273,16,9
203,274,17,8
204,273,15,9
203,274,16,8
203,274,16,8
204,274,15,9
203,274,17,9
204,274,16,9
204,274,16,9
205,275,15,8
205,274,16,9
205,273,16,10
207,275,15,8
207,274,16,10
208,274,15,9
209,275,15,8
208,274,17,10
208,274,17,9
210,275,15,9
210,274,17,10
211,273,16,10
213,275,16,8
213,275,17,8
215,276,15,7
217,276,15,7
218,275,15,8
218,275,16,9
220,276,15,8
220,276,16,8
221,275,17,9
224,276,16,8
225,275,16,9
226,277,15,7
227,276,16,8
228,276,16,8
230,276,15,8
230,276,16,8
232,276,17,8
234,276,16,9
236,276,15,8
237,277,15,7
238,276,16,7
239,277,17,7
241,276,16,8
241,276,18,8
245,277,15,7
246,277,15,7
247,277,17,7
249,277,16,8
250,277,17,8
252,277,16,8
252,277,18,8
255,278,16,7
256,279,17,7
258,278,17,8
260,278,16,8
261,278,17,9
262,279,17,7
265,280,15,7
266,279,16,9
266,278,18,10
269,279,17,9
270,279,18,9
272,280,17,8
272,280,19,9
275,281,17,8
277,281,17,8
277,279,19,11
277,282,20,9
279,281,20,11
284,282,17,10
285,283,18,9
287,284,17,9
289,284,17,10
291,286,16,8
293,286,16,9
294,285,17,11
294,286,18,11
298,287,16,10
298,287,17,11
301,287,16,11
301,289,17,11
302,289,18,11
303,290,18,10
304,290,18,11
307,292,16,9
309,293,17,9
311,293,17,9
312,294,17,9
313,294,17,9
314,294,18,10
316,295,18,9
318,295,17,9
318,294,18,9
320,295,18,9
322,295,17,9
324,296,16,8
324,296,18,8
326,294,17,10
327,296,18,8
329,295,18,10
329,295,18,10
331,295,18,10
332,296,18,9
333,295,18,10
334,295,18,11
335,295,18,11
334,296,19,10
335,297,19,9
337,296,18,10
339,296,17,10
340,296,17,10
341,297,17,9
342,297,16,9
342,297,17,10
343,297,17,10
344,297,16,10
343,298,18,10
343,298,19,10
344,298,18,11
345,299,18,10
346,299,17,10
346,299,18,10
345,299,19,11
347,300,18,10
347,300,18,11
347,300,19,11
347,300,19,8
348,299,18,10
350,300,17,10
351,301,16,8
351,301,16,8
351,301,17,9
351,300,18,10
350,301,19,9
351,301,19,9
351,301,19,10
353,301,18,10
352,302,19,10
352,302,19,11
353,302,19,10
354,302,18,11
354,302,19,10
355,302,18,10
355,302,19,10
356,302,18,10
356,303,19,9
357,303,19,10
358,302,18,11
359,303,18,10
359,302,18,12
359,302,19,11
359,302,19,11
361,304,18,9
362,303,18,11
361,304,19,9
362,304,19,10
362,303,20,11
364,304,19,10
364,304,20,10
365,304,19,10
365,304,20,10
365,304,21,10
365,305,21,9
367,306,20,9
368,306,20,9
367,304,21,11
369,304,20,11
369,305,21,10
371,304,19,11
372,303,19,11
372,304,20,12
373,304,19,13
374,303,20,14
375,303,19,14
375,304,19,13
375,304,20,13
375,304,20,14
375,304,21,13
376,305,21,12
378,305,19,12
378,305,20,12
378,305,20,12
379,305,19,11
378,304,21,12
378,305,21,12
380,305,20,11
381,306,19,11
380,306,20,10
380,306,21,10
381,306,20,11
381,306,21,10
381,306,20,11
382,306,20,10
382,305,21,11
382,306,20,10
382,306,20,10
383,306,20,10
383,306,20,10
382,306,21,10
382,306,21,10
383,306,20,10
383,305,19,11
383,305,21,10
383,304,20,10
384,306,19,9
383,305,20,10
383,305,20,9
384,305,19,10
383,305,19,9
383,305,19,9
383,305,19,9
382,305,20,10
382,305,19,9
382,305,19,9
381,305,20,10
381,305,19,10
381,305,20,9
380,304,20,11
380,305,20,10
380,305,19,10
379,305,19,9
378,305,20,10
378,304,19,10
377,305,21,9
377,305,19,9
376,305,19,9
375,304,20,11
375,304,19,10
374,304,20,10
372,305,21,10
372,305,20,9
372,305,20,10
371,305,20,10
370,303,21,11
369,304,21,10
369,305,20,9
366,305,21,10
366,305,20,10
366,304,20,11
365,305,19,10
364,304,19,10
363,305,20,10
361,303,20,11
360,305,20,9
359,305,21,9
358,304,20,10
357,304,20,10
356,304,21,10
355,304,20,9
354,304,20,10
352,304,21,9
352,304,20,9
351,303,20,10
349,304,22,9
348,304,20,9
347,304,19,9
345,304,21,9
344,304,20,9
343,304,20,9
342,304,19,9
340,304,18,9
339,304,19,9
338,303,19,9
335,304,19,9
335,304,20,9
334,303,20,9
332,303,20,9
331,303,21,9
329,304,19,9
328,304,19,8
327,304,19,8
325,304,20,9
323,304,20,9
322,304,20,9
320,304,21,9
318,304,21,10
317,305,19,8
315,304,22,8
314,302,20,10
314,303,19,9
311,303,19,10
311,303,19,10
311,303,17,9
308,303,17,10
307,303,18,9
304,303,18,9
302,303,21,10
303,302,18,11
299,303,20,10
298,303,20,10
296,303,20,9
295,303,20,9
293,303,19,9
293,303,19,9
291,303,20,9
289,303,20,10
288,303,20,9
286,303,21,10
285,303,20,10
283,303,21,10
282,304,20,8
281,303,20,9
279,303,21,10
278,303,20,9
277,303,19,14
275,303,20,15
274,303,19,14
272,303,21,15
271,303,22,14
270,303,21,14
269,303,21,15
267,302,23,12
267,303,21,9
265,303,22,10
265,303,21,10
264,303,21,9
262,303,21,10
261,302,21,11
260,302,21,10
259,302,21,11
258,302,22,10
258,303,21,9
257,302,21,10
256,302,21,10
255,302,21,10
254,303,22,10
254,302,21,10
253,303,21,10
251,302,22,10
252,303,20,9
251,303,21,9
251,303,21,9
250,303,21,9
249,303,22,9
248,302,22,10
249,303,21,9
248,301,20,11
248,302,21,11
247,302,21,10
248,302,21,11
248,302,20,11
248,302,20,11
248,303,20,10
247,303,21,10
248,303,20,10
247,303,20,11
247,303,20,12
247,303,20,13
247,303,21,11
246,303,21,13
246,303,23,16
247,303,22,16
247,303,23,15
247,303,22,14
247,303,22,15
247,304,20,15
247,303,21,16
247,303,21,16
247,303,23,16
247,303,22,16
248,302,20,18
248,302,22,17
247,302,21,19
246,302,23,17
246,302,22,15
246,301,21,17
246,302,20,16
245,302,23,15
245,301,22,17
245,301,21,16
244,301,23,19
244,301,23,16
244,301,23,16
244,301,23,15
244,300,22,17
243,300,22,17
243,301,22,15
242,300,24,17
242,300,23,19
242,300,23,19
241,300,24,19
241,300,22,17
241,299,22,18
241,300,21,17
240,299,23,16
240,299,22,17
239,300,22,17
239,300,22,17
238,300,22,15
238,300,21,16
238,300,21,16
237,300,22,16
237,299,22,16
236,299,22,16
235,300,23,16
234,299,24,18
233,300,24,16
234,300,23,16
233,298,24,20
233,299,23,17
233,300,23,17
233,300,23,19
233,301,23,19
232,300,24,19
232,301,24,20
233,300,23,19
232,300,24,19
232,300,24,17
232,300,24,18
232,300,24,17
232,300,24,17
232,300,24,17
232,300,24,18
231,300,25,19
233,299,23,19
232,299,25,17
233,300,24,17
233,300,25,20
233,299,25,19
233,299,25,19
233,299,26,18
236,299,23,20
236,298,24,19
236,298,24,18
237,298,24,16
237,297,25,13
237,297,25,15
239,297,25,17
239,296,26,16
241,297,24,16
242,297,24,17
243,297,24,17
244,297,24,17
245,296,23,18
246,297,25,16
248,296,23,17
248,296,24,17
250,296,24,17
252,296,23,15
253,296,24,15
252,295,27,17
255,295,25,16
257,295,25,14
259,295,24,14
261,295,24,13
262,295,25,13
264,296,25,12
266,296,25,12
267,295,26,12
270,295,25,12
273,294,25,13
274,294,25,13
276,294,25,13
278,294,25,11
280,294,26,12
283,294,23,11
285,294,25,11
287,294,26,11
290,294,26,11
291,294,28,11
295,293,26,12
298,294,27,11
301,293,26,12
303,292,27,13
306,293,27,12
309,293,27,11
312,293,27,11
316,293,26,11
319,293,25,11
322,291,27,13
325,292,26,11
329,292,26,12
332,292,27,12
335,292,26,12
339,291,27,12
343,291,25,12
346,291,26,12
349,291,26,11
353,291,26,12
355,290,28,12
359,288,28,14
363,289,27,13
366,289,27,13
369,289,28,13
372,288,29,14
375,288,28,13
379,287,29,14
382,287,29,15
383,284,31,17
389,285,30,16
392,287,29,14
396,286,28,15
399,285,28,16
402,285,28,17
405,284,28,17
407,285,29,16
408,285,31,16
413,284,28,17
416,284,29,17
419,284,28,16
420,284,29,17
425,284,27,14
428,285,26,15
430,284,26,16
432,284,26,17
434,284,26,18
436,284,27,18
438,285,27,19
439,284,27,20
441,284,27,21
443,284,27,20
444,283,28,22
446,284,27,20
447,283,28,21
449,283,28,22
450,283,27,21
451,284,28,20
452,282,27,22
453,282,27,21
455,282,26,23
455,282,26,22
456,282,27,23
456,281,27,23
457,281,26,23
457,281,26,23
458,281,27,23
458,281,26,22
458,281,26,24
458,281,26,23
457,281,27,24
458,281,27,24
457,281,27,23
457,281,26,23
457,281,26,23
456,281,26,22
455,281,27,23
454,281,26,24
452,281,27,23
451,281,27,24
451,282,25,23
450,281,26,22
448,282,25,23
447,283,26,22
445,283,26,22
444,282,26,22
442,283,26,21
441,283,26,20
440,283,25,20
437,284,27,20
436,284,26,21
434,284,26,20
432,285,27,18
430,285,27,17
429,285,27,18
427,285,27,17
423,285,29,17
423,284,28,19
421,285,28,20
418,286,29,13
417,284,29,13
416,284,27,14
414,286,28,10
413,286,29,10
411,285,27,12
409,285,28,11
407,284,28,12
406,286,28,11
403,285,29,11
403,284,28,12
402,285,27,11
400,285,29,12
399,285,30,12
397,286,28,10
395,285,30,12
394,286,29,11
394,285,28,11
392,286,28,11
392,285,27,15
391,285,27,14
390,285,26,17
389,285,27,20
388,285,27,19
388,285,26,19
387,285,27,19
386,285,27,19
385,285,28,20
385,285,26,18
384,286,27,17
384,286,26,18
383,286,27,17
383,286,26,19
383,285,25,19
383,285,27,20
383,286,26,19
382,285,26,19
382,286,26,18
382,285,26,18
382,285,25,19
382,285,25,17
382,285,26,19
382,285,26,19
382,285,26,19
382,286,27,19
382,286,27,19
382,285,27,20
383,286,26,19
383,286,27,19
382,286,27,18
384,286,27,19
386,286,25,17
387,287,25,17
387,286,25,18
388,286,24,17
387,286,26,18
387,286,27,17
387,285,28,19
387,286,28,18
387,286,29,18
387,285,29,18
388,287,28,17
389,286,28,18
389,286,28,17
390,286,28,17
390,286,28,17
390,286,28,16
391,286,28,16
392,285,28,18
392,285,28,18
392,286,28,20
392,285,29,20
393,286,28,19
392,285,29,19
393,285,28,19
393,285,29,20
392,284,29,20
393,285,28,18
393,285,28,21
393,284,28,21
394,285,27,20
393,285,28,21
393,285,28,20
393,285,28,21
393,285,27,21
392,285,29,21
393,284,27,22
393,285,28,21
393,284,28,21
393,285,27,19
393,285,28,20
393,285,27,20
393,285,27,21
393,285,26,20
393,285,27,20
393,286,27,20
393,286,27,19
393,286,27,19
392,286,27,19
393,285,28,19
393,286,27,19
392,286,28,19
392,286,28,19
392,286,27,19
393,287,27,17
392,287,28,18
392,286,28,18
392,286,26,19
392,287,27,18
392,287,27,17
392,287,27,18
392,287,27,17
392,286,27,18
392,287,27,18
392,286,27,19
392,286,27,20
391,286,28,19
392,286,27,19
392,286,27,20
392,286,27,19
392,286,27,19
392,285,27,20
392,285,27,20
392,285,27,20
392,286,27,18
392,285,27,19
392,285,27,19
392,285,27,19
392,285,27,20
392,285,26,20
392,285,26,20
392,284,27,23
392,285,27,20
391,285,28,21
392,285,27,21
392,285,27,21
392,285,27,20
392,285,27,20
392,285,27,22
392,285,27,20
392,285,27,20
392,286,27,20
392,285,27,21
392,286,27,20
391,285,28,20
392,287,27,18
392,286,27,19
392,286,28,19
392,286,27,19
392,286,28,20
392,285,27,22
392,285,27,21
392,286,28,20
391,286,29,20
392,286,27,20
392,286,28,19
392,286,27,20
392,286,27,20
392,286,27,20
392,285,26,20
392,285,27,20
392,286,27,18
393,286,27,19
392,286,27,19
392,286,27,19
392,286,27,19
392,285,28,20
392,285,28,19
392,286,28,19
392,286,27,19
392,286,27,20
392,286,28,18
391,285,28,19
392,285,27,21
391,285,27,20
392,285,27,20
392,285,27,20
392,286,27,18
392,286,27,18
392,285,27,20
392,285,27,20
392,285,27,20
391,285,28,21
392,285,26,19
392,285,27,21
392,285,27,20
392,285,27,19
392,285,26,20
392,285,26,20
392,285,26,19
392,285,27,20
392,285,26,20
391,285,28,19
392,285,27,19
392,285,27,19
392,285,28,19
392,285,27,20
392,285,27,19
392,285,26,20
392,285,26,19
391,284,28,20
391,284,27,21
392,285,27,17
392,284,26,20
392,285,26,19
392,285,27,18
392,285,27,19
391,285,27,20
391,285,27,19
392,284,26,20
391,284,27,21
392,285,26,18
392,285,26,19
391,285,27,19
392,284,27,20
392,285,26,18
392,285,27,18
392,285,26,19
392,284,27,21
391,285,28,18
391,285,28,19
391,284,27,19
391,285,28,18
392,284,27,20
391,285,28,19
392,285,27,20
391,285,28,20
392,285,27,18
392,284,26,20
392,284,26,19
392,284,26,19
391,284,28,21
392,284,27,20
391,285,27,18
391,284,27,20
391,285,28,20
391,284,27,21
391,284,27,20
391,285,27,19
391,284,27,20
391,284,28,21
391,284,27,20
391,284,27,20
391,284,27,20
391,284,28,21
391,284,27,21
391,284,27,19
391,284,27,20
390,284,28,20
391,284,27,19
391,284,28,20
391,285,27,18
391,284,27,20
392,285,26,18
391,284,27,20
391,285,28,18
391,284,27,20
391,284,27,20
391,285,27,19
391,284,27,20
392,284,26,20
392,284,26,18
392,283,27,21
392,282,27,22
391,281,28,21
391,280,29,23
391,282,29,21
392,281,28,21
392,280,29,21
395,280,26,21
393,278,29,24
395,279,27,22
395,278,28,21
396,278,28,21
397,278,28,21
398,278,28,22
398,278,28,22
400,277,28,22
401,277,27,19
403,277,27,19
403,276,27,20
405,275,26,19
405,275,28,21
406,275,28,20
408,274,27,21
410,274,27,22
410,273,28,21
412,273,27,19
414,273,28,21
414,272,28,20
417,272,27,21
417,272,28,20
420,272,27,20
421,272,26,20
422,271,28,18
424,271,27,19
425,271,28,20
427,271,28,19
429,270,27,19
431,271,27,18
432,271,28,19
435,270,27,19
435,271,28,22
438,269,26,18
439,269,27,18
441,270,28,19
442,270,28,18
444,269,28,18
447,269,26,19
448,268,27,20
449,269,27,19
452,269,26,19
451,269,29,19
454,269,27,18
456,269,27,19
457,268,27,20
459,269,27,19
460,269,28,18
461,269,28,19
464,269,27,21
465,270,27,19
466,269,28,18
468,269,27,20
469,269,27,20
471,269,26,19
472,269,27,18
474,269,26,18
475,269,27,20
477,269,26,22
478,270,26,18
479,270,26,20
480,270,25,19
482,269,25,21
483,270,27,20
484,269,26,23
485,269,26,21
487,270,25,21
488,269,26,21
489,267,28,23
490,268,27,21
491,268,26,21
492,268,26,20
493,268,24,17
494,268,23,20
494,268,23,19
494,268,25,20
495,268,24,21
495,269,25,20
496,269,23,20
496,268,24,24
496,270,24,20
497,271,24,19
497,270,23,18
497,270,23,19
497,270,24,20
497,270,23,20
497,270,23,20
497,270,24,20
496,270,24,21
496,270,24,20
495,270,25,20
495,270,25,20
495,271,24,17
495,270,24,18
494,270,24,18
492,270,26,18
492,270,25,17
492,269,26,18
491,268,26,20
490,269,26,19
489,268,24,20
488,269,24,18
487,269,26,19
486,267,25,20
485,267,27,23
484,266,25,22
483,267,27,19
481,267,28,22
480,268,28,21
480,265,29,26
478,266,29,22
477,267,31,21
476,267,32,22
474,266,28,24
473,267,28,24
472,266,28,22
471,267,28,22
470,267,27,21
468,266,28,23
467,267,28,21
465,266,28,22
464,267,28,22
463,266,27,22
461,266,28,22
460,266,28,21
458,266,28,21
458,266,27,21
456,266,28,21
455,266,26,21
452,266,28,20
450,268,28,18
449,267,28,20
449,268,26,19
446,267,29,20
444,267,29,20
444,267,28,20
442,267,30,21
440,268,29,20
439,268,29,20
438,269,29,18
437,269,28,19
436,269,28,22
433,269,29,20
433,269,28,19
431,269,29,19
430,269,29,20
429,270,29,19
428,270,28,19
425,270,30,20
424,270,30,20
424,270,29,19
423,271,29,20
421,271,29,20
420,271,29,18
419,272,29,18
418,271,29,21
417,272,29,20
415,272,30,21
415,273,29,20
413,275,30,19
412,275,30,20
411,275,29,21
410,276,30,22
408,276,30,21
407,276,30,20
406,277,30,20
405,278,29,19
403,278,30,19
401,279,30,18
400,280,30,17
399,280,32,17
397,281,32,16
396,281,32,18
394,282,30,23
393,282,30,21
391,283,30,20
390,283,29,18
387,283,31,16
386,284,29,19
384,284,31,21
382,284,31,21
381,284,30,20
379,284,30,20
377,284,30,22
375,284,30,23
373,285,30,21
371,284,31,22
369,284,31,21
367,285,30,22
364,286,31,21
361,285,32,22
360,285,31,19
358,285,31,18
356,285,31,18
352,285,32,21
351,285,31,22
348,284,31,23
346,285,31,22
343,285,32,22
341,285,32,23
338,285,33,20
336,285,32,18
333,285,33,17
330,285,33,19
328,285,34,19
325,286,32,18
321,286,36,18
319,284,34,21
316,286,34,18
313,285,33,19
310,286,33,18
307,286,34,18
304,286,34,18
301,286,34,17
297,287,35,15
294,286,34,18
291,286,33,16
288,285,33,19
284,287,33,14
281,287,33,15
278,288,32,13
274,288,33,13
270,287,33,13
267,288,33,12
264,288,33,11
260,287,33,14
256,287,33,13
252,288,34,12
250,287,36,14
245,284,38,17
242,286,36,18
239,282,35,19
235,285,36,16
233,283,35,18
229,283,34,17
227,282,35,19
223,281,35,18
220,280,33,20
217,279,33,22
213,278,34,21
210,277,35,21
208,276,33,20
205,274,34,24
202,274,33,22
199,273,35,23
196,272,35,21
193,271,35,21
191,270,34,19
188,269,35,18
185,269,36,19
183,268,35,18
180,267,35,18
178,266,35,23
175,267,35,21
173,266,35,19
171,265,34,21
168,265,35,20
165,265,35,24
163,265,35,24
160,264,35,21
159,265,33,23
156,265,35,25
153,264,35,23
151,265,34,21
149,265,35,23
146,265,35,25
144,266,35,25
141,265,35,26
140,267,35,22
138,267,34,22
134,267,37,22
133,268,35,22
131,268,35,24
128,268,35,23
126,269,35,24
124,270,36,24
122,271,36,23
119,270,36,23
118,271,36,25
118,272,34,24
115,273,35,22
111,274,37,21
109,274,37,24
107,275,37,24
106,276,36,23
104,277,36,21
102,278,36,20
101,279,35,22
99,279,36,22
97,281,37,22
95,281,38,22
94,282,37,23
92,282,37,23
91,283,37,24
89,282,38,25
88,283,38,26
86,283,39,26
84,283,40,24
83,283,38,26
82,282,37,24
81,281,37,26
80,282,37,26
79,278,38,28
77,279,38,27
77,278,37,26
76,277,39,27
75,275,40,30
74,274,39,30
73,274,39,29
73,272,38,28
72,272,39,29
