115,0,13,5
119,0,13,5
123,0,13,5
129,0,13,5
134,0,13,6
138,0,13,6
143,0,14,7
148,0,15,7
153,0,15,7
158,0,15,7
163,0,15,7
168,0,14,7
173,0,15,8
178,0,16,8
183,0,15,8
188,0,15,8
193,0,15,8
198,0,15,8
203,0,15,8
207,0,17,10
211,0,20,11
217,0,20,11
221,0,20,11
225,0,21,11
231,0,20,13
235,0,20,13
240,0,20,13
245,0,20,14
249,0,21,14
253,0,21,14
258,0,20,15
263,0,20,15
266,0,21,15
271,0,21,15
274,0,21,15
279,0,21,15
283,0,21,15
287,0,21,15
290,0,21,15
295,0,20,17
299,0,20,17
302,0,21,17
306,0,20,17
309,0,20,17
313,0,20,17
316,0,20,18
319,0,20,18
323,0,21,18
326,0,20,20
329,1,20,19
333,1,19,19
336,1,19,19
338,1,20,20
341,2,20,19
344,3,20,19
347,3,20,19
350,2,20,20
353,2,20,20
356,4,20,19
359,4,20,20
361,2,21,22
364,2,21,22
368,3,21,23
370,4,21,22
374,5,21,20
376,5,21,21
381,6,20,21
384,6,20,21
387,7,20,20
391,6,20,21
394,7,20,20
398,7,20,20
402,8,19,20
405,9,20,20
409,10,19,20
412,11,20,20
416,12,19,20
420,12,19,20
423,13,19,20
427,13,19,20
430,15,19,20
434,18,19,20
436,20,20,20
440,22,20,20
443,25,20,20
447,28,19,20
450,29,19,20
452,32,19,20
455,34,19,20
457,37,19,20
459,39,21,22
462,43,20,20
464,45,20,21
466,49,19,20
468,52,19,20
469,53,20,20
471,56,19,20
472,57,20,20
473,57,20,21
474,58,19,20
475,60,19,20
476,61,19,20
476,61,19,20
476,61,20,21
476,62,19,20
476,63,19,20
475,63,20,21
475,64,19,20
474,65,20,20
473,65,20,21
472,66,19,21
471,66,19,21
469,66,19,21
467,67,20,21
466,67,19,21
463,68,20,21
461,68,20,21
459,68,19,21
457,68,19,21
454,69,19,20
451,69,20,21
449,70,19,20
445,70,19,20
442,70,20,20
439,70,19,20
436,70,19,21
433,70,19,21
429,70,20,20
426,71,19,20
423,71,19,20
419,71,20,20
416,71,19,20
412,70,20,21
409,70,19,20
406,69,19,21
402,69,20,21
399,69,19,20
396,69,19,20
393,69,19,21
391,69,19,21
387,69,20,21
385,70,19,20
382,70,19,20
379,70,20,20
376,70,20,21
374,70,19,21
371,70,19,21
368,70,20,21
366,71,19,20
363,70,19,21
360,71,20,20
358,71,19,20
355,71,19,21
353,71,19,21
349,71,21,21
347,71,20,21
345,72,21,20
342,72,20,20
339,72,21,21
337,73,21,20
334,73,21,20
332,72,20,23
330,73,21,22
327,73,21,23
325,74,21,22
322,74,21,22
320,74,21,22
318,75,20,22
316,75,20,21
313,76,20,22
311,76,21,22
309,78,20,18
307,78,19,18
303,79,20,18
302,79,19,19
299,79,20,19
296,78,20,19
294,80,20,18
291,81,20,18
290,82,19,18
286,81,20,19
284,84,20,18
281,84,20,18
279,84,20,19
276,85,20,18
274,86,19,18
271,87,20,18
268,88,20,18
266,88,19,18
263,89,20,18
261,90,20,17
256,92,22,18
254,92,21,18
251,93,21,18
247,94,22,19
245,95,22,19
242,95,22,19
241,96,22,19
237,97,22,18
235,97,22,19
232,98,23,16
230,99,22,16
227,101,22,16
224,101,22,16
221,101,22,17
217,103,23,16
214,104,22,16
212,105,22,16
209,106,22,16
207,106,22,16
203,107,22,15
201,106,22,16
198,107,22,17
195,108,22,16
192,108,21,16
191,108,20,16
186,108,21,16
183,109,21,16
180,108,21,17
177,109,20,16
174,111,20,17
171,111,20,18
168,110,20,18
164,110,21,19
162,111,20,18
159,111,20,18
155,111,21,18
152,111,20,18
149,111,20,19
146,111,20,18
142,111,20,18
138,111,23,18
135,111,22,19
132,111,22,19
128,111,22,19
125,111,22,19
122,111,22,19
119,111,22,19
115,111,22,19
112,111,22,19
108,111,22,19
105,110,22,19
101,111,22,19
98,111,22,19
95,111,21,18
91,111,21,18
88,111,20,18
84,111,21,18
80,111,21,17
77,111,21,18
73,111,21,17
69,111,22,17
65,111,22,17
62,112,21,16
58,111,22,17
55,111,21,17
50,111,22,17
47,111,22,17
45,110,21,18
42,110,21,18
38,110,22,18
36,110,21,18
32,110,22,18
31,110,21,19
28,110,22,19
26,110,22,19
24,110,21,20
22,111,21,20
20,112,22,20
19,111,22,21
18,112,22,21
17,114,22,20
17,115,22,21
16,117,21,20
15,119,22,20
15,121,21,21
14,123,22,21
13,125,22,21
13,128,22,21
13,131,22,21
12,134,22,21
12,137,22,20
12,139,21,21
12,143,21,21
12,146,21,21
11,149,22,21
11,151,22,21
11,154,21,21
11,156,22,21
10,158,22,19
11,160,21,19
11,161,21,19
11,162,21,18
10,162,21,19
9,162,22,19
10,163,21,18
10,163,21,18
10,163,21,18
10,163,21,18
9,162,21,19
9,162,21,18
9,162,21,18
9,162,21,18
9,162,21,18
10,161,21,19
10,161,21,19
11,161,21,19
12,161,21,19
13,161,21,19
14,161,22,19
16,161,21,19
17,161,21,19
18,161,22,19
21,161,21,19
22,161,22,19
25,162,21,19
26,162,21,19
28,163,21,18
30,162,22,19
32,163,21,18
34,162,22,19
37,162,21,19
39,162,22,19
42,163,21,18
44,163,21,18
46,162,21,19
49,163,21,19
51,163,21,19
53,163,21,19
55,163,21,19
57,163,21,19
59,163,21,19
61,163,21,19
64,163,21,19
65,163,21,19
67,163,21,19
69,164,21,19
71,164,21,19
72,165,22,19
75,165,21,19
77,165,21,19
79,165,21,19
80,165,22,19
82,165,22,19
84,165,21,19
86,166,21,18
88,166,21,18
90,166,21,19
92,166,21,19
93,166,22,19
96,166,21,19
97,166,21,19
99,166,21,19
101,166,21,19
103,167,21,18
105,167,21,18
106,167,22,18
108,167,22,19
111,168,21,19
113,168,21,19
114,168,22,19
116,168,21,18
117,167,21,19
119,168,21,19
121,169,21,18
123,168,21,19
125,169,21,19
126,169,22,19
128,168,21,19
130,169,21,19
132,169,21,19
133,169,22,19
135,169,21,19
137,170,21,19
139,170,21,19
142,170,21,19
143,171,21,18
145,171,21,18
147,171,21,18
149,171,21,19
151,171,21,19
153,172,21,19
155,172,21,19
157,172,21,19
159,172,21,19
161,172,22,19
164,172,22,19
166,172,21,19
169,173,21,19
171,173,21,19
174,173,20,19
176,174,20,19
179,174,20,19
181,174,20,19
184,174,19,19
186,175,20,19
190,175,19,19
192,175,19,19
194,175,20,19
197,176,20,19
198,176,20,19
201,176,20,19
204,176,20,19
206,176,20,19
209,176,19,19
211,176,20,19
214,176,19,19
215,177,20,19
218,177,19,19
220,177,20,19
223,177,19,19
225,178,20,19
228,178,19,19
230,178,19,19
232,178,20,19
235,178,19,19
237,178,19,19
240,178,19,19
242,178,20,19
244,178,20,19
247,178,20,19
250,178,20,19
253,178,19,19
255,178,20,19
258,177,19,20
261,178,20,19
264,178,20,19
267,178,20,19
270,178,20,19
273,178,19,19
276,178,20,19
279,178,19,19
282,178,20,19
286,178,19,19
289,179,19,19
292,178,20,19
295,178,19,19
299,178,19,19
302,178,20,19
304,178,20,19
308,178,20,19
313,178,19,19
316,178,20,19
321,177,19,19
324,177,20,19
328,177,20,19
332,177,19,19
335,177,20,19
339,177,20,19
343,176,20,19
346,176,20,19
351,176,19,19
355,176,20,19
359,176,19,19
363,175,19,19
366,175,20,19
370,175,20,19
375,174,19,19
378,174,20,19
382,174,20,19
387,173,20,19
391,173,19,19
395,172,20,19
399,172,20,19
402,172,20,19
407,172,19,19
411,170,20,19
416,170,19,19
420,170,19,19
424,170,19,19
428,169,20,19
432,169,20,19
436,168,19,19
440,168,20,19
444,168,20,19
448,167,19,19
452,167,19,19
456,166,20,19
460,166,20,19
464,165,19,19
467,165,20,19
472,164,20,19
476,164,20,19
480,164,19,19
484,163,20,19
487,162,20,19
491,162,20,19
496,161,19,19
499,161,20,19
502,161,20,19
506,160,23,21
509,160,23,21
512,159,24,21
516,158,23,21
519,158,23,20
522,158,23,21
525,158,23,20
527,156,23,21
529,156,23,21
531,156,23,21
532,156,23,21
534,156,23,21
535,156,23,21
536,156,23,21
536,156,23,21
536,156,23,21
536,156,23,21
536,156,23,21
536,156,23,21
535,156,23,21
534,156,23,21
533,157,23,20
533,158,23,20
532,159,23,21
532,161,23,20
531,163,24,21
531,165,23,20
531,168,23,20
530,171,24,20
531,173,23,21
530,175,23,21
530,178,23,21
530,180,24,21
530,184,23,21
530,186,23,21
531,189,22,20
530,192,23,20
529,194,24,21
530,198,23,21
530,200,23,21
530,202,23,21
529,203,24,21
528,204,23,20
528,204,23,21
528,205,23,20
527,205,24,21
526,206,24,21
526,206,23,21
524,207,24,21
523,207,23,21
522,208,23,20
520,208,23,21
518,209,23,20
516,210,23,20
514,211,23,21
510,212,24,20
509,213,23,21
506,215,23,21
503,218,23,21
500,220,23,21
496,221,23,21
492,223,23,21
489,226,23,21
485,227,23,21
481,229,23,21
477,231,23,21
473,232,23,21
469,233,23,21
464,235,23,20
459,237,23,20
454,238,24,21
450,240,23,21
445,242,23,21
439,243,24,21
435,245,23,21
430,246,23,21
425,248,23,20
419,250,23,20
414,251,23,21
409,253,23,21
404,254,23,20
399,256,23,20
394,258,23,20
389,259,23,21
383,261,23,21
378,263,23,21
372,265,23,21
366,268,23,21
361,269,23,21
358,271,23,20
352,272,23,21
347,275,23,21
342,277,23,20
338,278,23,21
333,280,23,20
328,281,23,21
324,283,23,21
319,285,23,20
315,287,23,21
310,290,23,20
307,292,21,21
303,293,21,21
298,295,21,21
294,297,21,21
290,299,21,22
285,301,22,21
282,303,21,21
278,305,21,22
274,307,21,21
270,308,22,21
265,310,21,21
262,312,21,21
258,314,21,21
254,315,21,21
250,317,22,21
246,318,22,21
243,321,22,21
238,321,21,21
235,326,22,22
232,329,22,21
227,328,21,21
224,327,21,21
220,330,22,21
219,332,21,21
215,332,21,21
211,331,21,22
209,334,21,21
202,335,22,21
201,336,21,21
199,336,22,21
196,337,21,21
190,337,21,21
187,338,21,21
184,341,22,21
181,342,21,21
177,341,21,21
172,342,22,21
170,342,21,21
166,341,21,21
161,342,22,21
158,340,21,21
153,340,22,22
150,340,21,21
146,339,22,21
143,339,21,21
141,335,22,21
135,335,22,21
131,338,21,22
127,338,21,21
124,337,21,21
118,337,22,21
112,336,21,21
112,336,21,21
105,336,22,21
103,334,21,21
100,334,21,22
94,336,21,21
90,337,20,18
86,337,20,19
82,338,20,18
78,338,19,18
73,339,19,18
69,340,20,16
65,340,20,17
61,341,19,16
57,341,19,16
53,343,19,16
48,343,19,16
44,345,19,16
40,344,19,17
36,344,19,17
32,345,19,16
29,345,19,16
26,345,19,16
23,346,19,16
21,345,19,16
19,346,19,16
19,346,19,16
16,346,19,16
15,345,19,16
13,347,19,16
13,346,19,16
12,346,19,16
11,346,19,16
11,346,19,16
11,346,19,16
11,346,19,16
12,345,19,16
12,345,19,16
14,345,19,17
14,345,19,16
15,345,19,16
17,346,19,16
18,346,19,16
18,348,19,16
20,348,19,16
20,350,19,16
21,350,19,16
21,352,19,16
22,353,19,17
24,356,17,13
24,358,17,13
24,360,17,12
24,362,18,14
24,364,18,14
25,365,18,16
26,368,18,14
25,370,18,14
25,373,18,15
25,374,18,15
25,376,17,15
26,378,16,16
25,380,16,16
25,382,17,15
24,383,17,15
24,384,17,15
25,388,17,15
24,390,17,15
24,391,17,15
24,393,17,15
24,395,17,15
23,397,17,15
23,399,17,14
23,399,17,15
24,401,17,14
23,403,17,14
23,403,17,14
23,403,17,14
22,403,17,14
22,403,18,14
22,403,17,14
22,403,17,14
22,403,17,14
22,403,17,15
22,403,17,15
22,403,17,15
22,403,17,15
24,403,17,15
24,403,17,15
26,403,17,14
27,403,17,15
30,404,17,15
31,403,17,15
33,404,17,14
35,403,17,16
37,403,17,16
38,403,17,16
43,404,17,16
45,404,16,15
48,404,16,15
51,404,16,15
54,404,16,15
57,403,16,15
60,403,17,15
63,403,17,15
67,403,16,14
71,402,16,15
73,403,17,14
77,402,18,14
79,402,18,15
84,401,17,14
87,401,17,15
91,401,17,14
93,401,18,14
99,401,17,15
101,400,18,15
106,400,15,14
110,399,15,14
113,399,17,15
115,399,17,15
120,398,17,15
122,398,17,15
127,397,16,15
130,397,17,15
133,397,17,15
136,395,18,16
139,395,17,15
142,395,18,16
144,396,18,15
148,395,18,15
152,394,17,15
155,393,16,16
158,393,15,15
160,392,17,17
162,393,16,16
164,392,18,16
168,392,18,15
170,392,18,15
173,392,18,16
174,392,18,15
176,392,18,15
180,390,17,16
183,391,16,15
184,390,17,16
188,390,16,16
190,390,16,16
192,390,17,15
194,390,17,15
196,390,17,15
198,390,17,15
200,389,17,10
202,389,17,10
204,389,17,9
206,389,17,10
209,389,17,9
211,389,18,9
215,389,17,9
216,388,17,9
218,389,17,9
220,389,17,9
222,388,17,9
224,387,18,10
228,387,18,9
230,387,18,9
234,387,17,9
236,386,17,9
238,387,18,9
241,386,17,9
244,386,17,9
248,385,18,10
251,385,17,10
254,385,18,9
257,384,17,9
261,385,17,10
263,384,17,11
267,384,17,11
270,383,18,13
274,383,17,12
278,383,18,12
283,383,17,12
286,383,17,13
290,382,17,14
294,382,18,14
298,382,18,15
302,382,18,14
306,382,18,14
310,382,18,14
315,380,17,15
320,381,17,14
325,380,18,16
329,379,18,17
334,380,17,16
339,380,18,16
344,379,18,16
348,379,18,16
354,379,18,16
360,379,17,16
365,378,18,16
370,378,18,16
375,377,18,17
381,377,18,17
387,377,18,16
393,376,17,17
398,376,18,16
404,376,18,16
410,376,18,16
416,375,18,16
422,375,18,17
429,375,18,16
436,375,18,16
442,375,18,16
449,374,18,16
455,373,18,17
462,373,17,16
468,373,18,16
474,372,17,16
480,371,18,17
487,371,18,16
492,370,18,16
498,370,18,16
505,369,17,16
510,369,18,16
516,368,18,17
522,368,18,16
528,368,18,16
533,368,17,16
538,367,17,16
543,366,18,17
548,366,18,16
552,366,17,16
555,366,18,16
558,366,18,17
561,365,18,17
563,365,18,16
566,365,18,16
567,365,17,16
568,365,18,16
569,366,18,16
570,365,18,16
569,365,18,16
569,365,18,16
569,365,18,16
568,365,18,16
566,365,18,16
564,365,18,16
563,365,18,16
561,365,18,16
559,365,18,16
557,364,18,16
555,364,18,16
554,364,19,17
553,364,19,17
551,363,19,18
550,363,19,18
550,363,19,17
550,363,19,18
550,363,19,18
550,363,19,18
550,363,19,18
551,363,19,18
552,363,19,18
553,363,19,18
555,363,19,18
556,364,19,17
557,366,19,17
558,367,19,17
559,368,19,17
560,370,19,17
562,371,19,17
563,373,19,17
564,375,19,18
565,376,19,18
566,380,19,17
567,382,19,17
567,384,19,17
569,385,19,18
569,388,19,17
569,391,19,17
570,393,19,17
570,396,19,17
571,399,19,17
572,401,19,17
572,403,19,17
572,406,19,17
572,408,20,17
573,411,19,17
573,413,19,17
574,415,19,17
574,417,19,18
574,420,19,18
574,422,19,18
575,425,19,17
575,426,19,17
575,427,19,18
575,430,19,17
575,430,19,17
575,431,19,18
574,432,19,17
574,432,19,17
574,433,19,17
574,433,19,18
573,434,20,18
572,434,19,18
572,436,19,17
570,436,19,18
569,436,19,18
568,436,19,18
567,437,19,18
565,437,19,18
563,438,19,17
561,438,19,17
559,438,19,17
557,438,19,17
554,438,19,17
551,439,19,17
548,439,19,17
545,439,19,17
542,439,19,18
538,440,19,17
534,439,20,18
531,440,19,17
527,440,19,17
523,440,19,17
519,440,20,18
515,440,19,18
510,440,20,18
506,440,19,18
502,441,19,17
497,441,19,17
492,441,19,17
488,441,19,18
483,442,19,17
479,442,19,17
474,442,19,17
470,442,19,17
464,443,19,17
460,443,19,18
456,443,19,17
450,443,19,17
445,444,19,17
441,444,19,17
436,443,19,18
432,443,19,18
427,444,19,18
423,445,19,17
419,445,19,17
414,445,20,17
410,445,19,18
405,446,19,17
401,446,19,17
396,446,20,19
392,446,21,19
388,446,21,19
384,446,21,19
381,447,20,18
376,447,20,18
371,447,21,18
368,448,20,18
363,448,21,18
359,448,21,18
355,448,21,18
353,448,20,18
348,449,21,18
344,449,21,19
341,449,21,18
337,449,20,18
334,449,20,18
330,450,20,18
326,449,20,18
323,449,21,18
319,449,21,18
316,449,20,19
312,449,20,18
309,450,21,18
305,449,20,19
301,449,21,19
298,449,21,19
294,450,21,18
291,450,21,16
288,450,21,18
284,449,21,19
281,450,20,18
278,449,20,18
274,450,21,18
271,450,20,18
266,449,21,18
265,448,21,19
261,449,21,18
257,450,20,18
254,450,21,18
250,451,21,18
247,451,21,18
244,451,20,19
241,452,21,18
237,450,20,18
234,451,21,18
230,451,20,19
228,451,20,19
224,451,20,18
221,451,20,19
218,452,21,18
213,452,21,18
212,451,20,18
207,451,21,18
204,452,21,18
201,452,20,19
197,452,20,18
194,453,20,18
191,453,21,18
187,453,21,18
184,453,20,19
181,453,20,19
177,453,20,18
173,453,21,18
170,453,20,18
166,453,21,19
162,453,21,18
160,454,20,18
156,454,20,19
153,454,20,19
148,454,21,18
146,454,20,18
142,454,20,19
139,454,20,18
135,454,20,18
131,455,21,18
127,455,21,18
124,455,20,18
121,455,20,18
117,455,21,18
113,455,20,18
108,455,21,18
105,456,21,18
102,455,20,19
99,456,20,18
95,456,21,18
92,456,20,18
88,456,20,19
85,456,20,18
81,456,21,18
77,457,21,18
74,458,21,18
70,458,20,18
68,458,20,18
64,458,20,18
61,457,20,19
56,457,21,18
53,457,21,18
51,458,21,18
48,458,21,18
44,461,21,12
39,462,22,12
36,463,21,12
33,464,21,12
29,462,23,15
27,461,23,15
23,462,23,16
21,461,23,17
16,462,23,17
14,463,24,16
12,463,24,16
11,463,23,17
8,464,24,16
7,463,23,17
5,464,23,17
5,463,24,18
5,463,24,18
3,463,23,17
3,463,23,18
4,463,24,18
4,463,24,18
4,463,24,18
4,463,24,18
4,463,24,18
4,463,24,18
6,463,24,18
6,463,24,18
6,463,24,18
8,464,23,18
8,466,23,17
9,467,23,19
10,469,23,17
10,470,23,18
10,472,23,18
10,476,23,18
10,479,23,18
10,480,23,18
10,485,24,16
10,487,24,18
10,491,23,17
10,492,23,18
10,496,23,16
10,500,23,12
10,501,23,11
10,505,23,7
0,0,0,0
0,0,0,0
0,0,0,0
0,0,0,0
0,0,0,0
0,0,0,0
0,0,0,0
0,0,0,0
0,0,0,0
0,0,0,0
0,0,0,0
0,0,0,0
0,0,0,0
0,0,0,0
0,0,0,0
0,0,0,0
0,0,0,0
0,0,0,0
0,0,0,0
0,0,0,0
0,0,0,0
0,0,0,0
0,0,0,0
0,0,0,0
0,0,0,0
0,0,0,0
0,0,0,0
0,0,0,0
0,0,0,0
0,0,0,0
0,0,0,0
0,0,0,0
0,0,0,0
0,0,0,0
0,0,0,0
0,0,0,0
0,0,0,0
0,0,0,0
0,0,0,0
0,0,0,0
0,0,0,0
0,0,0,0
0,0,0,0
0,0,0,0
0,0,0,0
0,0,0,0
0,0,0,0
0,0,0,0
0,0,0,0
0,0,0,0
0,0,0,0
0,0,0,0
0,0,0,0
0,0,0,0
0,0,0,0
0,0,0,0
0,0,0,0
0,0,0,0
0,0,0,0
0,0,0,0
0,0,0,0
0,0,0,0
0,0,0,0
0,0,0,0
0,0,0,0
0,0,0,0
0,0,0,0
0,0,0,0
0,0,0,0
0,0,0,0
0,0,0,0
0,0,0,0
0,0,0,0
0,0,0,0
0,0,0,0
0,0,0,0
0,0,0,0
0,0,0,0
0,0,0,0
0,0,0,0
0,0,0,0
0,0,0,0
0,0,0,0
0,0,0,0
0,0,0,0
0,0,0,0
0,0,0,0
0,0,0,0
0,0,0,0
0,0,0,0
0,0,0,0
0,0,0,0
0,0,0,0
0,0,0,0
0,0,0,0
0,0,0,0
0,0,0,0
0,0,0,0
0,0,0,0
0,0,0,0
0,0,0,0
0,0,0,0
0,0,0,0
0,0,0,0
0,0,0,0
0,0,0,0
0,0,0,0
0,0,0,0
0,0,0,0
0,0,0,0
0,0,0,0
0,0,0,0
0,0,0,0
0,0,0,0
0,0,0,0
0,0,0,0
0,0,0,0
0,0,0,0
0,0,0,0
0,0,0,0
0,0,0,0
0,0,0,0
0,0,0,0
0,0,0,0
0,0,0,0
0,0,0,0
0,0,0,0
0,0,0,0
0,0,0,0
0,0,0,0
0,0,0,0
0,0,0,0
0,0,0,0
0,0,0,0
0,0,0,0
0,0,0,0
0,0,0,0
0,0,0,0
0,0,0,0
0,0,0,0
0,0,0,0
0,0,0,0
0,0,0,0
0,0,0,0
0,0,0,0
0,0,0,0
0,0,0,0
0,0,0,0
0,0,0,0
0,0,0,0
0,0,0,0
0,0,0,0
0,0,0,0
0,0,0,0
0,0,0,0
0,0,0,0
0,0,0,0
0,0,0,0
0,0,0,0
0,0,0,0
0,0,0,0
0,0,0,0
0,0,0,0
0,0,0,0
0,0,0,0
0,0,0,0
0,0,0,0
0,0,0,0
0,0,0,0
0,0,0,0
0,0,0,0
0,0,0,0
0,0,0,0
0,0,0,0
0,0,0,0
0,0,0,0
0,0,0,0
0,0,0,0
0,0,0,0
0,0,0,0
0,0,0,0
0,0,0,0
0,0,0,0
0,0,0,0
0,0,0,0
0,0,0,0
0,0,0,0
0,0,0,0
0,0,0,0
0,0,0,0
0,0,0,0
0,0,0,0
0,0,0,0
0,0,0,0
0,0,0,0
0,0,0,0
0,0,0,0
0,0,0,0
0,0,0,0
0,0,0,0
0,0,0,0
0,0,0,0
0,0,0,0
0,0,0,0
0,0,0,0
0,0,0,0
0,0,0,0
0,0,0,0
0,0,0,0
0,0,0,0
0,0,0,0
0,0,0,0
0,0,0,0
0,0,0,0
0,0,0,0
0,0,0,0
0,0,0,0
0,0,0,0
0,0,0,0
0,0,0,0
0,0,0,0
0,0,0,0
0,0,0,0
0,0,0,0
0,0,0,0
0,0,0,0
0,0,0,0
0,0,0,0
0,0,0,0
0,0,0,0
0,0,0,0
0,0,0,0
0,0,0,0
0,0,0,0
0,0,0,0
0,0,0,0
0,0,0,0
0,0,0,0
0,0,0,0
0,0,0,0
0,0,0,0
0,0,0,0
0,0,0,0
0,0,0,0
0,0,0,0
0,0,0,0
0,0,0,0
0,0,0,0
0,0,0,0
0,0,0,0
0,0,0,0
0,0,0,0
0,0,0,0
0,0,0,0
0,0,0,0
0,0,0,0
0,0,0,0
0,0,0,0
0,0,0,0
0,0,0,0
0,0,0,0
0,0,0,0
0,0,0,0
0,0,0,0
0,0,0,0
0,0,0,0
0,0,0,0
0,0,0,0
0,0,0,0
0,0,0,0
0,0,0,0
0,0,0,0
0,0,0,0
0,0,0,0
0,0,0,0
0,0,0,0
0,0,0,0
0,0,0,0
0,0,0,0
0,0,0,0
0,0,0,0
0,0,0,0
0,0,0,0
0,0,0,0
0,0,0,0
0,0,0,0
0,0,0,0
0,0,0,0
0,0,0,0
0,0,0,0
0,0,0,0
0,0,0,0
0,0,0,0
0,0,0,0
0,0,0,0
0,0,0,0
0,0,0,0
0,0,0,0
0,0,0,0
0,0,0,0
0,0,0,0
0,0,0,0
0,0,0,0
0,0,0,0
0,0,0,0
0,0,0,0
0,0,0,0
0,0,0,0
0,0,0,0
0,0,0,0
0,0,0,0
0,0,0,0
0,0,0,0
0,0,0,0
0,0,0,0
0,0,0,0
0,0,0,0
0,0,0,0
0,0,0,0
0,0,0,0
0,0,0,0
0,0,0,0
0,0,0,0
0,0,0,0
0,0,0,0
0,0,0,0
0,0,0,0
0,0,0,0
0,0,0,0
0,0,0,0
0,0,0,0
0,0,0,0
0,0,0,0
0,0,0,0
0,0,0,0
0,0,0,0
0,0,0,0
0,0,0,0
0,0,0,0
0,0,0,0
0,0,0,0
0,0,0,0
0,0,0,0
0,0,0,0
0,0,0,0
0,0,0,0
0,0,0,0
0,0,0,0
0,0,0,0
0,0,0,0
0,0,0,0
0,0,0,0
0,0,0,0
0,0,0,0
0,0,0,0
