278,289,7,7
280,289,8,7
279,288,8,7
282,289,7,6
281,289,7,6
282,290,8,6
282,289,6,6
281,289,7,6
281,289,8,6
281,289,7,5
280,287,7,6
283,290,7,6
282,290,7,6
283,291,7,5
281,290,8,6
281,290,9,7
281,291,9,6
281,291,9,6
281,291,8,6
282,292,7,5
281,292,8,6
281,292,8,7
282,292,8,7
283,293,8,7
283,293,7,7
282,294,7,5
282,293,8,7
282,293,8,6
282,294,8,6
282,293,8,6
283,293,8,7
282,294,9,7
283,294,9,7
283,294,9,7
283,293,8,7
283,294,9,6
284,294,8,6
283,294,9,7
284,294,8,6
284,294,8,6
284,294,8,6
284,294,8,6
285,294,7,6
285,294,9,7
285,295,9,6
285,295,9,6
286,295,10,8
285,296,11,7
286,295,11,8
286,295,11,8
287,296,10,7
286,296,11,7
286,296,11,8
287,297,11,7
286,296,11,8
285,296,12,9
287,297,10,7
287,296,10,7
286,296,11,8
286,296,11,7
287,296,10,7
287,295,10,8
286,296,11,8
286,296,10,7
287,296,10,7
287,296,10,6
287,296,10,7
285,296,11,7
285,297,10,7
286,296,10,8
286,297,9,6
286,297,9,7
286,297,9,7
287,297,9,7
286,297,10,7
286,297,9,7
286,297,9,6
286,296,9,7
286,296,10,7
287,296,9,7
286,296,9,7
285,296,10,8
287,296,8,6
286,295,9,7
286,295,9,6
287,294,9,7
288,294,9,6
287,294,9,6
288,294,8,7
289,293,9,7
291,294,8,6
290,293,9,7
290,294,10,6
289,294,11,7
291,294,10,7
293,294,10,7
293,295,8,6
292,295,9,7
293,295,9,7
294,295,8,6
296,296,8,6
295,295,9,7
295,295,7,6
296,295,8,6
296,295,8,6
297,296,7,5
296,294,8,6
296,294,8,6
298,294,7,6
297,293,8,6
301,293,8,6
302,291,8,6
303,290,7,6
303,289,8,7
306,291,8,6
304,292,8,6
305,291,9,6
309,291,8,6
309,291,8,6
311,292,9,6
312,292,8,6
314,291,8,6
316,291,8,6
317,291,8,6
319,293,7,6
320,293,8,6
321,293,9,7
323,293,8,6
325,295,9,7
325,294,9,7
327,295,9,7
328,295,8,6
329,295,8,7
330,295,9,7
331,295,8,6
332,295,8,6
333,295,8,6
332,295,9,6
333,295,9,7
334,295,9,7
335,295,8,7
335,295,8,7
336,295,7,6
336,295,8,6
337,295,8,7
337,295,8,6
338,294,8,6
338,295,8,6
338,295,9,7
338,295,9,7
341,295,8,6
342,295,9,6
342,294,7,6
343,295,9,7
344,295,7,6
345,295,8,7
346,296,8,6
348,300,7,5
350,298,7,6
353,296,9,7
356,296,8,7
356,298,8,6
357,297,8,6
362,294,6,6
363,297,8,6
364,296,8,6
367,297,9,6
370,296,8,6
373,296,9,7
375,296,9,7
379,297,9,6
381,297,10,7
385,296,11,9
381,296,13,6
355,296,13,7
327,295,15,8
305,296,12,7
280,297,12,7
255,297,12,8
229,297,14,7
202,298,18,8
182,299,13,7
176,299,12,8
187,299,11,6
202,298,10,7
204,299,10,7
200,299,11,6
203,298,11,8
211,298,12,8
213,298,12,8
216,297,11,7
221,297,11,8
225,297,11,8
229,297,11,8
234,296,12,8
239,296,11,9
243,296,12,8
247,296,11,8
252,295,11,9
257,295,12,9
262,296,10,8
266,295,11,8
271,295,11,7
276,295,11,7
281,295,12,7
287,295,10,7
291,295,11,7
296,295,12,8
303,295,10,7
308,295,11,7
312,295,12,7
318,294,11,7
323,293,12,8
328,293,11,7
330,293,11,7
302,292,16,7
278,291,14,7
258,292,14,7
233,292,16,7
212,293,12,6
188,293,14,6
168,293,13,6
161,293,11,7
173,293,14,6
192,294,12,7
194,293,11,8
193,294,12,7
200,294,11,8
207,293,11,8
211,293,9,7
216,295,10,7
223,295,10,7
227,295,10,6
231,295,9,6
237,295,8,7
244,295,9,6
250,295,10,6
256,295,9,6
261,294,9,7
269,294,8,6
275,294,8,6
283,293,8,6
283,292,12,5
252,294,14,5
230,293,16,5
207,293,15,5
184,293,14,5
177,293,11,7
184,293,13,7
201,293,12,7
208,292,11,7
209,291,12,9
215,291,14,8
222,292,10,6
228,292,12,8
235,292,11,8
241,292,11,7
247,291,9,7
253,291,10,7
259,292,10,6
267,293,10,6
274,292,10,8
280,293,10,7
288,292,10,7
295,292,11,7
303,292,11,7
310,292,11,8
317,292,12,7
325,292,11,7
331,292,9,6
309,290,14,7
285,290,20,7
263,290,16,8
233,290,24,8
223,290,11,7
200,291,13,7
178,291,15,8
153,290,15,7
137,292,14,5
116,291,14,7
96,291,13,7
80,291,10,5
81,292,10,6
95,292,14,6
114,288,8,7
113,292,8,6
118,293,8,6
123,291,9,7
135,292,7,5
142,292,7,6
149,292,7,6
155,292,7,5
161,290,7,7
167,292,9,6
179,290,7,6
184,291,7,6
192,291,7,5
199,291,8,5
206,291,9,5
213,287,7,8
218,289,8,6
227,289,7,6
232,293,7,5
240,286,7,7
249,289,7,5
258,289,8,6
265,289,8,6
272,288,11,8
280,289,10,7
288,289,11,6
295,289,10,6
303,289,9,6
310,289,7,5
299,287,16,6
277,287,14,7
256,289,13,5
236,288,13,6
215,289,12,6
199,290,10,5
197,288,11,6
213,289,12,5
232,288,9,6
235,289,8,5
235,288,10,6
243,288,8,6
254,288,8,6
263,287,8,6
267,287,9,6
273,287,8,6
280,288,10,5
289,286,8,6
297,286,8,5
305,286,7,5
312,286,8,5
319,285,8,6
330,288,8,5
302,281,12,8
282,283,12,6
264,285,9,5
241,285,9,6
222,285,8,6
201,285,11,7
181,286,11,7
160,286,11,7
153,286,10,7
160,286,11,7
183,286,8,5
193,285,10,7
192,285,11,6
196,284,10,7
206,284,10,6
217,284,10,6
223,283,9,6
228,282,11,7
236,282,11,7
245,281,8,6
252,281,9,6
259,281,9,5
268,280,9,5
274,280,9,5
284,280,9,5
292,280,9,5
298,277,11,7
276,276,13,7
255,277,12,6
238,276,12,7
218,276,13,7
197,278,12,5
178,277,11,5
154,277,14,6
135,276,11,6
130,278,9,6
140,277,11,5
159,277,11,5
168,277,11,6
168,276,10,6
174,277,10,4
187,276,10,5
194,273,10,6
202,275,10,6
208,275,10,5
215,274,9,5
224,272,11,6
232,273,11,5
239,271,10,6
247,268,10,7
255,270,10,6
256,270,9,4
258,267,13,8
238,268,11,7
219,267,12,7
199,267,13,8
176,267,14,7
156,267,13,7
137,269,14,5
117,269,13,5
96,269,14,7
77,269,13,8
70,269,12,8
79,269,11,7
102,270,11,6
111,268,12,8
109,269,10,7
119,271,9,6
129,270,9,6
138,268,8,5
142,268,10,6
149,267,10,7
165,268,9,6
171,268,9,6
175,267,9,6
183,266,9,6
190,266,8,5
194,265,8,5
196,263,9,6
208,262,11,7
215,262,10,7
231,265,9,6
239,265,10,6
249,264,10,7
256,264,9,6
263,263,10,7
260,262,13,7
236,264,13,6
218,265,13,6
200,265,13,5
185,264,11,6
168,264,13,6
136,265,11,5
118,263,11,7
111,262,11,7
122,265,10,6
145,263,9,6
151,263,9,8
151,264,10,9
158,265,11,6
171,265,10,6
176,264,11,6
184,265,10,5
192,264,9,5
199,264,13,7
209,264,8,5
216,264,10,6
223,263,10,6
231,263,9,6
238,262,8,6
247,262,7,4
259,262,7,4
265,262,7,4
272,261,10,5
263,259,19,8
239,260,12,7
220,260,11,6
201,261,13,5
175,262,18,6
153,260,17,8
142,265,15,6
122,262,13,7
107,265,12,7
106,265,9,6
120,269,9,5
140,267,10,6
144,265,8,6
144,265,10,6
151,265,10,6
163,264,9,6
172,265,10,6
177,265,10,6
185,265,11,5
192,264,10,5
201,264,9,6
209,264,9,6
218,264,9,6
226,263,10,6
233,264,11,5
240,263,11,5
249,263,10,5
259,263,10,6
267,263,10,6
275,262,10,7
283,262,10,6
292,263,9,6
299,263,12,6
292,262,13,6
266,263,13,5
248,264,12,5
230,264,11,5
207,264,13,5
187,264,13,5
171,265,12,5
154,266,11,5
144,266,11,4
151,266,10,4
165,266,8,4
178,266,7,5
175,265,10,7
177,264,11,8
188,264,10,7
199,263,9,7
204,262,10,6
212,261,10,6
221,261,9,5
228,260,8,5
236,260,9,7
242,259,9,6
252,259,9,5
261,260,9,5
268,259,9,6
277,259,9,6
284,258,9,6
295,259,7,6
295,258,11,5
267,260,12,5
247,260,13,5
231,261,11,5
209,261,16,5
189,262,14,5
170,263,14,5
151,264,11,4
143,263,11,7
159,264,9,6
179,265,9,6
183,263,9,6
188,265,8,5
192,263,9,6
203,263,9,5
209,262,9,5
217,261,9,5
225,260,9,5
233,260,8,5
241,260,8,5
250,260,7,4
263,261,7,5
267,260,7,5
276,258,9,5
285,258,9,6
293,257,8,7
299,258,9,6
307,257,7,5
288,258,11,5
263,256,10,7
247,257,12,6
232,259,11,4
209,260,11,5
182,259,11,5
169,257,11,6
149,258,12,6
132,259,13,7
137,263,9,7
155,264,8,5
170,262,9,6
170,262,8,5
176,262,9,5
186,262,10,5
195,261,10,6
201,260,9,6
210,260,10,6
216,258,9,6
225,257,8,6
234,257,8,5
243,256,7,5
250,255,10,7
258,255,11,7
267,253,10,8
276,253,10,7
284,253,9,8
293,253,10,7
301,253,10,6
296,253,15,5
283,252,12,4
267,253,11,4
241,255,13,4
212,255,11,4
195,256,11,4
170,257,11,4
154,257,10,4
133,255,12,7
118,258,8,5
128,256,8,6
145,258,7,4
158,254,8,6
157,256,8,6
159,256,8,5
167,255,8,6
175,255,7,5
180,254,9,6
190,254,8,5
197,253,8,5
215,254,7,4
215,253,7,5
224,252,7,5
231,252,7,5
243,252,8,5
248,251,7,6
256,252,8,5
264,252,9,5
274,253,8,4
280,253,9,5
290,253,7,5
298,254,8,6
305,254,9,7
284,255,14,6
263,256,13,5
245,257,12,5
223,258,15,5
204,259,13,5
183,259,14,6
165,260,12,5
146,261,12,5
126,261,11,6
105,261,13,7
96,261,11,8
107,261,9,7
127,259,9,7
133,261,11,8
136,261,9,7
144,261,10,6
156,260,9,6
160,260,9,6
168,261,10,5
175,260,10,6
185,260,8,6
192,260,10,7
202,260,9,6
210,261,8,6
220,261,8,6
228,261,7,6
235,263,8,6
245,263,7,6
240,262,9,7
221,264,11,7
204,266,8,5
180,267,9,6
161,267,9,7
144,268,7,6
130,271,7,5
104,270,8,5
97,270,9,6
111,270,8,6
129,270,8,6
135,271,7,6
138,270,8,7
145,269,11,7
156,270,11,6
162,271,11,6
169,270,11,7
179,270,9,6
187,270,8,5
196,269,9,6
205,271,7,5
211,271,10,6
219,271,10,6
229,271,9,6
238,270,8,7
246,271,7,6
256,272,9,7
263,273,10,6
271,274,10,7
280,274,11,7
280,274,10,7
255,273,12,7
231,273,13,7
212,275,10,5
193,275,12,7
176,276,11,6
160,279,11,4
140,278,11,6
138,279,8,6
158,279,7,6
172,278,8,6
175,278,8,7
180,278,7,6
190,277,9,6
199,276,6,6
205,277,7,5
218,277,7,5
224,277,8,6
230,275,7,7
238,275,7,6
245,275,8,6
257,277,6,5
263,277,6,5
272,276,7,5
280,277,7,5
284,277,8,5
296,277,9,5
305,277,9,5
317,281,7,4
322,280,8,7
332,280,8,7
344,280,7,6
348,280,8,5
357,280,7,5
365,280,7,5
378,282,7,5
386,281,7,5
392,279,7,5
398,278,8,6
407,277,8,7
416,279,8,5
428,277,7,5
434,278,7,5
441,277,8,6
450,277,7,5
458,277,8,5
446,275,12,6
419,273,12,7
406,274,10,7
380,274,10,6
355,277,9,4
338,279,10,5
318,279,10,5
291,278,9,6
270,283,9,4
253,282,9,6
236,281,9,6
218,281,9,5
204,284,7,4
192,282,9,6
195,282,7,5
205,282,9,7
224,283,8,5
228,282,7,5
233,282,7,5
243,281,7,5
249,283,6,5
257,282,6,5
266,281,6,5
278,282,6,5
285,281,6,5
290,280,7,6
297,280,7,5
306,279,7,5
315,278,6,5
324,278,6,6
331,278,7,5
340,278,6,5
348,278,7,5
356,277,8,5
356,278,8,5
372,277,10,7
380,279,10,6
390,279,9,7
398,280,10,6
404,280,12,7
412,280,13,8
421,281,12,8
430,281,12,8
439,282,11,7
446,281,13,7
455,281,11,8
464,281,10,8
472,281,9,8
482,282,8,6
489,281,8,5
496,281,8,6
504,280,8,5
512,280,7,5
519,280,7,5
522,279,6,5
532,280,6,5
544,279,6,5
551,277,7,5
564,277,7,5
568,276,6,5
575,274,6,5
582,276,6,5
593,276,7,5
572,278,12,5
541,279,11,7
523,278,12,6
498,277,14,6
482,277,14,7
459,276,15,7
436,276,14,8
414,278,13,6
391,278,14,7
375,281,14,5
354,283,12,4
334,283,12,5
311,283,16,5
297,284,11,4
272,282,13,6
257,284,11,4
256,285,7,5
272,285,7,5
285,283,7,5
286,283,8,6
291,283,10,6
300,282,8,6
306,282,7,5
312,282,8,6
318,282,8,5
324,281,9,5
332,282,7,5
341,281,7,5
345,281,7,6
353,285,6,5
359,285,6,5
368,284,6,5
374,284,6,5
377,284,6,5
383,286,6,4
389,286,6,4
400,286,5,5
402,284,6,4
412,286,6,4
419,287,7,5
425,287,7,5
429,286,7,5
432,285,7,4
424,284,9,4
396,281,10,6
371,283,11,4
349,283,9,4
330,284,9,4
305,283,9,4
280,283,9,5
259,282,9,5
234,281,9,5
216,282,9,5
202,284,8,4
186,285,9,4
162,287,9,4
140,288,9,4
138,288,7,5
152,289,8,4
162,290,8,4
165,289,8,5
172,290,6,5
174,290,6,4
183,290,6,4
188,291,6,4
193,291,6,5
200,292,6,4
209,291,6,4
210,291,6,5
222,292,6,4
233,290,5,4
228,290,7,5
232,290,8,5
237,288,7,5
242,289,7,4
248,288,8,6
256,288,7,5
261,289,8,4
268,289,6,5
273,289,6,4
278,288,6,6
283,288,7,6
291,288,6,5
295,288,7,6
301,289,7,6
307,290,6,5
312,290,7,4
319,288,7,5
323,289,7,5
329,290,7,4
333,289,6,6
339,291,7,5
347,291,6,5
357,293,6,5
359,291,6,5
364,289,7,6
366,289,7,7
375,291,6,6
382,290,6,6
385,289,7,6
393,288,6,6
395,288,7,6
383,287,10,5
356,286,9,5
330,285,9,6
307,285,10,6
286,286,10,6
281,285,8,7
295,287,6,5
305,286,7,5
306,284,6,5
312,283,6,5
317,282,7,7
334,282,7,6
342,282,6,7
347,281,6,7
351,279,7,7
353,278,6,7
356,282,5,5
357,284,6,6
358,286,6,5
364,286,7,5
370,286,6,5
373,285,7,7
379,284,7,6
383,284,7,6
388,281,7,6
406,263,5,4
414,248,6,3
417,232,7,4
417,214,8,5
417,199,8,6
417,186,8,6
420,177,7,5
428,167,8,7
435,172,7,5
439,176,7,5
444,175,7,5
448,173,7,5
452,173,7,5
459,173,7,5
464,173,7,5
469,173,7,5
476,174,7,5
479,175,7,5
485,175,6,5
490,176,7,5
495,176,7,5
500,176,7,5
503,176,8,6
508,176,7,5
489,175,11,6
464,174,10,6
440,176,11,5
417,175,11,5
390,174,15,7
364,172,13,8
352,171,12,8
327,169,12,7
300,171,13,6
278,173,11,7
276,175,7,6
295,175,6,5
300,175,7,5
299,174,7,5
302,173,7,6
307,172,7,6
310,172,8,6
314,171,8,7
318,172,8,6
321,171,7,7
325,172,7,6
331,172,7,5
336,172,6,5
339,173,7,6
344,173,8,7
347,173,9,7
351,173,13,8
357,174,8,7
361,174,9,7
367,175,8,7
372,175,7,6
377,175,7,7
381,175,8,7
383,175,8,6
389,174,7,7
392,173,8,7
397,173,7,6
402,172,7,7
406,172,8,6
410,171,7,6
415,171,7,6
417,170,7,6
423,169,6,5
428,168,6,5
431,168,7,6
436,168,6,5
441,168,6,5
444,167,7,7
448,167,7,6
451,167,7,7
457,168,8,6
462,168,8,7
466,168,7,6
470,170,7,6
474,170,7,7
478,170,8,7
482,171,8,6
487,172,8,6
492,172,7,5
495,172,7,5
500,171,7,5
486,167,13,6
458,167,12,6
432,164,12,7
406,163,14,7
385,165,13,7
368,165,13,8
347,169,11,7
323,165,9,6
299,165,9,6
274,169,8,6
247,170,9,6
221,170,9,5
197,166,9,5
177,168,8,6
168,169,9,7
180,169,9,6
194,168,9,7
193,168,8,8
193,169,8,7
200,170,9,7
204,172,9,7
208,172,9,7
213,173,9,6
216,175,9,6
221,175,9,7
226,176,9,6
231,176,9,7
235,176,8,7
240,177,7,6
244,177,9,6
250,177,10,6
254,176,8,6
259,176,7,5
263,175,8,5
268,175,8,5
272,174,8,5
277,173,7,5
283,171,7,6
288,170,6,6
291,170,7,6
297,170,7,5
303,170,7,6
314,172,7,6
313,169,7,7
313,172,6,6
323,170,8,7
327,170,6,5
332,171,7,5
340,173,7,5
343,173,7,5
343,174,7,5
353,176,8,5
360,176,8,7
367,189,7,5
378,207,6,6
382,220,7,7
386,232,7,5
388,247,6,6
393,260,8,7
400,277,7,6
404,292,6,5
408,303,7,5
415,314,7,6
419,323,8,6
427,318,8,6
431,312,7,7
434,313,8,7
442,313,8,7
447,312,7,8
451,313,9,6
457,312,12,7
462,313,9,5
468,312,8,6
475,311,8,7
479,312,11,6
485,313,9,6
492,313,7,8
495,313,9,8
503,314,8,7
508,314,8,7
496,315,13,6
474,316,14,5
447,318,14,4
431,318,13,4
422,318,12,4
393,316,14,7
363,317,15,7
335,317,15,7
315,315,14,8
285,318,15,8
264,314,17,8
245,314,14,9
256,317,8,6
275,314,8,7
283,315,8,6
283,314,7,6
278,314,8,7
283,313,8,6
296,312,9,8
302,311,8,7
307,311,10,6
313,311,9,8
319,311,9,9
325,322,9,9
330,336,8,8
336,351,9,9
343,364,9,8
348,365,8,8
353,362,9,7
360,363,8,7
367,364,8,7
373,365,8,6
379,365,9,6
390,365,7,7
393,365,7,7
398,366,8,7
403,365,7,8
410,365,8,8
415,365,9,7
422,365,8,6
428,364,8,7
432,367,9,8
440,380,9,8
444,393,10,8
451,406,10,9
456,408,11,9
463,401,9,10
469,402,9,9
473,404,9,7
480,403,10,7
488,403,10,8
476,403,13,7
449,404,14,5
427,404,15,5
405,405,15,5
383,406,16,5
362,407,14,6
338,408,15,5
314,409,17,6
294,410,13,5
273,411,15,6
252,412,14,5
229,413,15,5
207,413,15,5
185,413,14,6
166,413,11,8
166,413,10,7
181,412,10,7
191,410,10,8
192,409,8,9
197,409,9,9
204,409,9,8
208,408,10,8
214,407,9,8
218,408,9,7
222,405,10,7
231,405,9,7
237,404,9,8
243,405,8,7
248,404,9,7
255,404,8,7
261,404,9,8
268,404,9,8
272,403,11,8
277,404,11,8
283,405,13,8
289,406,12,8
296,405,14,9
302,407,12,8
309,407,11,9
315,407,8,7
320,407,11,7
326,407,10,8
333,407,11,8
339,407,10,8
344,407,11,9
351,407,10,9
356,407,10,7
363,406,9,7
368,405,9,8
373,404,10,10
379,404,9,8
385,404,11,8
392,404,12,8
397,403,11,8
400,401,13,9
408,400,10,9
415,399,10,11
421,401,10,9
427,402,11,9
432,401,10,9
439,402,9,8
448,403,9,8
451,403,9,9
454,404,9,7
463,402,8,9
468,404,10,7
474,403,8,9
479,403,10,10
484,404,11,8
490,403,12,9
494,403,11,8
501,403,9,9
501,404,11,7
477,403,12,7
455,404,13,5
426,404,17,4
407,403,13,5
383,402,16,5
361,402,16,5
337,402,16,5
313,402,15,5
288,402,17,5
275,401,14,8
275,400,14,9
291,401,13,7
299,399,12,9
299,400,11,8
306,400,9,8
312,400,9,8
315,400,9,8
321,400,8,8
325,400,9,8
331,400,7,8
335,399,10,9
340,400,9,6
346,400,8,7
351,400,7,8
356,399,6,7
363,399,8,7
368,399,9,7
372,398,9,7
377,396,9,7
382,395,8,9
388,395,8,8
394,394,7,9
397,393,9,8
400,393,10,8
408,393,11,7
410,392,10,7
416,392,9,6
424,390,6,7
426,390,8,7
431,389,10,8
437,389,10,8
444,391,10,7
448,390,10,8
452,392,10,6
456,391,9,7
460,392,13,7
466,393,10,5
474,394,8,5
480,393,8,8
483,394,8,7
486,396,11,6
493,396,9,7
500,395,8,8
503,396,10,6
507,396,9,7
512,396,9,6
517,396,9,5
504,396,15,5
476,397,12,4
456,396,11,4
430,394,14,7
408,395,12,4
382,394,15,5
357,395,14,5
350,394,8,7
357,394,10,7
372,393,9,6
375,392,6,7
375,392,8,7
383,392,7,7
387,391,7,8
392,392,7,7
397,392,8,8
401,392,7,8
405,391,9,8
408,392,9,8
415,393,8,6
421,393,9,6
427,393,7,6
431,393,7,7
434,394,8,7
441,393,8,7
447,393,9,7
452,393,7,7
452,394,9,7
424,394,14,4
403,394,12,4
381,393,12,5
355,393,13,5
332,392,13,5
305,392,14,5
286,391,12,6
266,391,13,6
262,392,7,7
277,389,8,8
286,390,8,8
284,390,8,7
285,390,8,8
295,391,8,7
299,392,9,6
303,392,10,6
309,392,7,6
314,391,7,6
320,392,6,5
325,392,7,5
330,392,7,5
338,393,6,5
342,391,8,6
350,392,7,6
359,392,8,6
364,392,7,6
369,392,7,6
375,393,7,5
381,392,7,6
388,393,7,5
396,393,8,6
404,392,8,7
411,392,7,6
416,392,9,7
424,392,8,6
432,391,9,7
441,391,7,5
445,394,8,6
453,391,8,6
460,388,7,6
469,388,8,6
478,387,7,5
470,384,13,8
444,386,13,7
425,385,14,8
402,384,15,8
371,386,14,9
341,385,15,8
316,385,13,7
302,383,16,10
288,386,15,8
275,387,15,8
254,388,16,8
231,387,18,9
210,388,17,8
191,388,15,8
173,387,13,9
169,392,8,7
179,392,9,6
199,392,8,5
202,392,10,6
206,392,10,5
213,392,9,5
219,390,9,7
224,389,9,8
232,389,6,6
239,389,7,6
245,389,8,6
251,388,8,6
257,388,8,6
264,388,8,6
271,388,7,5
279,389,7,5
286,388,7,6
290,387,9,7
298,389,7,6
304,389,7,6
311,389,7,6
319,390,7,6
326,389,7,6
332,390,7,6
338,390,7,6
345,391,8,6
337,385,13,7
313,389,11,7
293,389,14,7
267,389,14,7
241,388,14,8
226,389,13,7
202,388,13,8
188,388,13,9
197,390,12,7
215,390,9,6
221,389,9,7
222,390,8,6
229,390,8,5
235,390,7,6
238,389,9,7
245,390,6,6
247,391,7,6
257,390,6,6
259,389,6,5
259,389,6,5
265,381,6,5
272,368,6,5
282,357,6,5
292,346,6,5
301,334,6,5
310,319,6,6
320,306,5,5
318,294,6,5
317,278,6,5
321,262,7,5
324,246,6,5
330,230,7,5
333,222,9,6
339,226,9,7
345,235,6,6
350,233,7,6
355,231,6,6
362,229,7,6
366,228,8,6
368,227,9,7
374,228,8,6
384,230,7,5
391,230,6,5
394,229,6,5
373,229,9,5
348,230,8,5
325,230,10,5
298,229,11,6
271,230,10,5
247,230,9,5
216,227,11,6
188,226,12,9
163,227,14,7
143,227,14,8
145,231,7,6
157,232,7,5
168,232,7,6
167,232,8,6
171,232,8,6
175,233,7,5
179,232,8,5
182,232,9,5
186,232,7,5
193,231,7,6
195,232,6,5
201,232,7,5
205,232,7,5
209,232,7,5
212,232,7,4
224,231,6,5
226,229,6,6
233,229,7,6
233,228,7,6
233,228,7,6
243,227,8,7
243,228,7,6
249,229,8,7
257,231,6,5
261,230,6,6
263,230,7,6
267,231,6,6
272,232,7,6
277,231,8,6
282,232,7,6
288,233,8,6
290,233,9,7
296,234,8,6
305,233,9,7
311,232,8,7
317,231,8,7
318,231,11,8
325,232,7,6
335,231,7,6
344,231,6,6
344,229,7,6
352,230,6,5
353,230,8,6
359,227,8,6
365,228,9,6
352,227,14,4
327,225,13,4
305,225,15,4
281,225,13,4
267,220,18,7
255,218,15,8
234,219,15,8
209,221,14,6
180,221,14,7
169,221,14,7
167,223,10,7
178,224,8,6
187,225,8,6
181,225,11,7
185,226,8,7
193,226,10,7
197,226,10,7
202,226,10,7
208,225,10,7
215,226,10,7
221,226,9,7
224,225,9,8
231,225,8,8
236,225,9,6
241,225,9,6
249,225,8,5
254,225,8,5
259,224,10,6
267,224,9,5
273,223,8,6
279,223,8,5
287,224,8,5
290,224,8,5
297,222,9,7
303,223,7,5
309,223,8,6
317,223,8,6
322,224,9,6
328,224,9,6
333,223,11,8
339,224,9,8
346,225,8,7
352,226,8,5
357,226,8,5
363,226,7,5
370,225,8,7
376,225,9,6
384,225,6,4
387,224,6,5
