0.10099912
0.09699559
0.09199953
0.08899856
0.09199977
0.08799982
0.10299969
0.08800006
0.08999991
0.08800387
0.09699917
0.09399962
0.09200001
0.10000324
0.08799481
0.08800006
0.09099674
0.09599876
0.08699965
0.08799958
0.09599996
0.09199619
0.09899521
0.09300041
0.08900309
0.08900547
0.08900023
0.08799887
0.09300423
0.10499620
0.11299968
0.09100389
0.09500027
0.08899570
0.09800363
0.08900404
0.08899879
0.08799887
0.10999990
0.08699989
0.08799982
0.09399986
0.09100389
0.09200096
0.08700061
0.09300351
0.09399986
0.08899570
0.08799887
0.09299970
0.08900356
0.09299994
0.08799934
0.08599639
0.09399986
0.09699917
0.09499431
0.10199738
0.10400486
0.09299970
0.09200168
0.10799623
0.08799958
0.09000373
0.09499979
0.10200024
0.08899927
0.09199572
0.09599566
0.09300375
0.10500026
0.08799934
0.10099959
0.09399867
0.10099936
0.08900023
0.09099913
0.08800006
0.09699941
0.09500027
0.08899975
0.09099960
0.11600447
0.08599973
0.09699988
0.08999920
0.08800411
0.08900046
0.09199572
0.09194231
0.09100032
0.09900045
0.09499955
0.09599972
0.08899593
0.09299803
0.08799958
0.09399915
0.13100338
0.08800340
0.10299563
0.08699989
0.08700347
0.09799981
0.09100080
0.09405160
0.09699655
0.09200025
0.10199976
0.09800005
0.08900023
0.09800005
0.08899546
0.08799958
0.08899999
0.09099555
0.09899998
0.09399986
0.09599948
0.08899975
0.09199858
0.09199619
0.09299636
0.09200025
0.08900213
0.08999991
0.09000373
0.09199977
0.10000038
0.09699988
0.09599996
0.09000015
0.08900309
0.09099674
0.09000015
0.08799982
0.09199977
0.09300041
0.09399986
0.09399986
0.09799981
0.08899927
0.09799623
0.09900045
0.08999991
0.09500027
0.08999944
0.09799671
0.08899903
0.08999586
0.08800411
0.09199691
0.09199619
0.09899974
0.09500027
0.08799624
0.09399700
0.09000015
0.08899951
0.09599948
0.10399628
0.08800411
0.09200335
0.10099983
0.08900428
0.09499979
0.09300017
0.09100056
0.10099959
0.08900023
0.09599590
0.09799600
0.08999991
0.09199619
0.08799958
0.09899974
0.09199619
0.08899641
0.09499621
0.08999991
0.08900356
0.09200001
0.08800030
0.08899903
0.09499979
0.10099959
0.09800076
0.09000015
0.08800054
0.09600091
0.09299994
0.09800315
0.09999990
0.10000086
0.09200001
0.09999967
0.08800006
0.08799863
0.09399962
0.08600354
0.08899951
0.09300017
0.09500313
0.09100103
0.09700131
0.08900023
0.11499596
0.08800006
0.09099627
0.10100007
0.10200381
0.08800006
0.09599876
0.10100389
0.08899975
0.11199999
0.09399819
0.09200406
0.08800554
0.08900356
0.08799958
0.08900523
0.09700012
0.09200311
0.09699655
0.08800030
0.08899665
0.09300494
0.10399842
0.09899759
0.08899903
0.08800006
0.08799887
0.09800005
0.09200001
0.09799600
0.09500337
0.09500146
0.08899832
0.09099984
0.08899784
0.11299992
0.09499574
0.10600019
0.08999991
0.09399676
0.09099984
0.09400320
0.08999753
0.08899784
0.09200072
0.08800364
0.10400081
0.08999991
0.09599948
0.09900117
0.09199476
0.10399890
0.08900356
0.08799958
0.09300089
0.08699989
0.08899736
0.09799576
0.09599900
0.09599996
0.09499955
0.09899950
0.09199929
0.09200335
0.09199882
0.08800030
0.08899641
0.10095477
0.08700013
0.09099913
0.09200001
0.09099531
0.09600163
0.09599614
0.09100032
0.08800101
0.10399675
0.09099936
0.10100031
0.10200381
0.09599972
0.08800006
0.08799887
0.09199786
0.11099911
0.08900023
0.09500313
0.09499979
0.08999991
0.09699965
0.09299636
0.10299635
0.08799982
0.09399962
0.10499620
0.10099602
0.09500003
0.09500051
0.08999634
0.09500027
0.08999825
0.09400105
0.09499598
0.09299994
0.10099554
0.08699989
0.09799600
0.09599924
0.08899999
0.12499642
0.09400010
0.08799958
0.09398603
0.08699965
0.09899998
0.09300423
0.08799887
0.10799575
0.09900427
0.08899474
0.09799623
0.11099982
0.09899807
0.08799934
0.09000158
0.08799958
0.08799863
0.08900023
0.10300016
0.08800030
0.08800006
0.08799911
0.08899999
0.10399961
0.09599996
0.10999942
0.08999991
0.09100008
0.10299587
0.09300041
0.08800340
0.08800340
0.09499955
0.09200096
0.09500027
0.08895230
0.09299994
0.08800244
0.08700013
0.08900070
0.09099579
0.08900142
0.08899570
0.08799505
0.09199977
0.09799838
0.09799862
0.08900332
0.09100127
0.09600234
0.08899951
0.12499619
0.10200310
0.08999968
0.09800315
0.10899997
0.08800054
0.10100222
0.08900023
0.08800435
0.09100032
0.08899951
0.08799601
0.09699917
0.08799958
0.08900070
0.09399986
0.08799934
0.09000254
0.09000421
0.10600019
0.09499955
0.09099936
0.09100032
0.08899999
0.09000039
0.08900356
0.09200025
0.09500027
0.08999872
0.08900404
0.08799553
0.08900023
0.08999968
0.08899593
0.09300017
0.08899999
0.08599997
0.09999609
0.08800006
0.08900356
0.09699965
0.09399962
0.09700298
0.09399867
0.08799911
0.08800364
0.08900309
0.09300327
0.09200001
0.08900285
0.09499955
0.08899999
0.08800030
0.09400082
0.09600115
0.09500003
0.09800339
0.08899570
0.08899975
0.09099984
0.08799863
0.08899832
0.09700036
0.08799624
0.09799933
0.09600067
0.10200000
0.08900452
0.09899974
0.08900070
0.08799863
0.08699942
0.09800005
0.08900023
0.09199786
0.09900093
0.09400129
0.09599972
0.08899903
0.08999872
0.09800386
0.09499431
0.10399985
0.08800364
0.08799887
0.09199977
0.08899951
0.10099530
0.09499979
0.09800410
0.08900046
0.08800101
0.08699918
0.10299635
0.10299921
0.09299970
0.09399962
0.09200358
0.09099650
0.09500074
0.09099507
0.08899903
0.10399938
0.10299969
0.09199977
0.08899903
0.08799624
0.09499931
0.09599996
0.09299636
0.08899593
0.08800030
0.09199619
0.09400368
0.10700011
0.08899999
0.08800006
0.09899998
0.09200096
0.09700012
0.09308529
0.09599972
0.09100413
0.08800006
0.08800030
0.08899498
0.08899951
0.08899617
0.08800030
0.08799934
0.09099984
0.10199618
0.09199190
0.09100318
0.08899736
0.09000063
0.10800004
0.09200335
0.09700012
0.08800006
0.08800387
0.10300112
0.08899975
0.09799814
0.09900355
0.08899927
0.08899927
0.10599637
0.08899951
0.08899975
0.09699965
0.08799958
0.08800006
0.08999968
0.09299517
0.09299994
0.09400010
0.09399986
0.09300041
0.08900023
0.09899950
0.08899593
0.09900045
0.08899999
0.08799911
0.09599614
0.09400439
0.08999991
0.08900166
0.09799957
0.09800005
0.09899640
0.09099984
0.09599972
0.09899974
0.08800364
0.08999872
0.09599996
0.09600210
0.09499979
0.08899951
0.09100413
0.08899999
0.10299611
0.09199882
0.09600019
0.09200358
0.09199548
0.09099841
0.08899665
0.08800292
0.08999658
0.09199977
0.08905172
0.09194636
0.09099960
0.09899449
0.08900023
0.11299992
0.09599566
0.09800005
0.09499979
0.09100008
0.08900118
0.08899927
0.09499979
0.09500265
0.10500050
0.09999967
0.09699941
0.10499930
0.09799623
0.09699893
0.10199976
0.08899999
0.09799981
0.08900070
0.08899999
0.09299612
0.08799958
0.09299994
0.09598851
0.09599471
0.09300351
0.08799624
0.11300039
0.08899999
0.09399652
0.08800364
0.08899975
0.08800292
0.09499621
0.09606719
0.08899498
0.08900046
0.08999681
0.08693624
0.09399962
0.08799982
0.09200096
0.11000013
0.08999944
0.08899999
0.08799982
0.09499669
0.08799577
0.09199977
0.08799601
0.09200025
0.08700013
0.08899999
0.09593725
0.09899950
0.08800006
0.09500456
0.09099627
0.08799911
0.10200310
0.08899975
0.08799958
0.08800411
0.08899927
0.09700418
0.09000421
0.11399984
0.08800316
0.09400153
0.08999968
0.08900356
0.10100222
0.09200072
0.08800411
0.08800364
0.09200001
0.09800005
0.09400010
0.08899999
0.10099983
0.10299969
0.09100509
0.08800101
0.08900356
0.09000039
0.08899951
0.08800125
0.08799982
0.10199952
0.08799934
0.08899879
0.09299660
0.09700036
0.09000421
0.09900022
0.09299898
0.09399986
0.10699916
0.08899975
0.11100006
0.11800027
0.08900094
0.09099531
0.08900499
0.09900331
0.09300089
0.08899832
0.09599710
0.08799982
0.08899999
0.08905864
0.11899900
0.08899999
0.09800076
0.09100389
0.08900356
0.09599805
0.10399556
0.08800006
0.08799601
0.08900309
0.09900355
0.10099983
0.09199977
0.09800982
0.09199643
0.10400295
0.09399962
0.08800030
0.10200000
0.10000348
0.09099984
0.09299994
0.09700012
0.08799720
0.09800005
0.09499979
0.09000301
0.08899999
0.08899546
0.09500003
0.08899689
0.08699965
0.11799979
0.08899999
0.09499955
0.09198236
0.09500003
0.08799624
0.09299994
0.09599972
0.12999654
0.08699989
0.10505390
0.09899879
0.08900213
0.08900046
0.10899663
0.08899975
0.08799958
0.08799887
0.09499860
0.09199977
0.09199929
0.10100245
0.10699964
0.08900046
0.10000014
0.09599662
0.09199929
0.09200335
0.09200001
0.10800028
0.10099959
0.08799577
0.09199953
0.09199977
0.10199904
0.10099983
0.09599519
0.09199905
0.09900117
0.09299898
0.08799648
0.10500383
0.08899617
0.08899188
0.09499550
0.08799934
0.08899927
0.10099316
0.09099984
0.09700418
0.08800101
0.08999562
0.09499979
0.08799601
0.09800291
0.09600282
0.09099841
0.09199905
0.08999634
0.08999968
0.09000349
0.08800340
0.09600019
0.09499979
0.10900354
0.08799696
0.09500098
0.09699965
0.08899760
0.08799982
0.09799886
0.09000421
0.11699963
0.09499955
0.08599639
0.08699965
0.09199643
0.10800004
0.08799982
0.08900356
0.09200191
0.09199572
0.08800411
0.10800004
0.08900356
0.10899973
0.09699965
0.09399629
0.09400034
0.09099650
0.09900475
0.08900094
0.09700036
0.08899999
0.08799982
0.08800030
0.10099649
0.09200001
0.09299612
0.10500026
0.09299994
0.08899999
0.09099960
0.09199953
0.09299922
0.10099959
0.08799839
0.09499931
0.09701419
0.08900404
0.09100008
0.08800316
0.09499979
0.09600043
0.09499645
0.08900023
0.08800387
0.09900427
0.08999968
0.08900332
0.09299827
0.09200001
0.09299970
0.09299612
0.11699963
0.09199595
0.08900738
0.09700441
0.08907175
0.08799887
0.08799982
0.08899999
0.09900355
0.10299897
0.08999968
0.09400201
0.09499645
0.11999416
0.10100365
0.10000038
0.08899927
0.08805704
0.08899498
0.09594560
0.08900332
0.08899617
0.08899999
0.09399986
0.10200024
0.08700061
0.09200001
0.08900023
0.08800268
0.09799933
0.08900213
0.09999824
0.09299994
0.09100008
0.08699989
0.10699606
0.08900070
0.09100008
0.08999586
0.09799552
0.09100366
0.08899999
0.09399581
0.09799600
0.09000015
0.09199643
0.10199904
0.11499977
0.08899951
0.08899975
0.10499978
0.08899498
0.09499907
0.08900070
0.08700013
0.08999634
0.08799863
0.10100412
0.09000134
0.09900379
0.08800125
0.08799958
0.09599996
0.08900023
0.08799982
0.09699988
0.09600377
