0.09985185
0.09967136
0.10993862
0.11001420
0.09498286
0.09453607
0.09523726
0.09049726
0.09392405
0.09496379
0.08744168
0.09970927
0.10017228
0.10020947
0.09505010
0.09983683
0.13160372
0.10663843
0.08972526
0.08978486
0.09208488
0.08977962
0.09572339
0.10018969
0.11029482
0.08997703
0.11000562
0.08476877
0.09019947
0.10001063
0.09365034
0.09991503
0.09450126
0.09983969
0.09034562
0.15980363
0.08701801
0.09045291
0.09017277
0.08651996
0.09002638
0.11017585
0.08402586
0.09004807
0.08997202
0.09002972
0.08521461
0.09225249
0.09064555
0.08881021
0.08987999
0.08988380
0.08482313
0.08508730
0.09007263
0.08535028
0.10026383
0.09010959
0.08491373
0.08019638
0.09000158
0.09013891
0.07959509
0.08999634
0.08982205
0.08964753
0.09006166
0.09445763
0.09031343
0.08953857
0.09022713
0.09968710
0.08961558
0.09977412
0.08495426
0.09997678
0.07986188
0.10001397
0.09487867
0.09988022
0.08976531
0.08990145
0.09998274
0.10010338
0.08969498
0.09211946
0.09192514
0.10011125
0.11006641
0.09010148
0.09000397
0.09999466
0.09513283
0.08471656
0.08976460
0.10032153
0.09014750
0.09507751
0.07976604
0.09326911
0.08069062
0.09605336
0.08792353
0.08984685
0.08959746
0.08508897
0.09406853
0.09052134
0.08467388
0.08522296
0.10013890
0.09487510
0.09005070
0.08985376
0.09507895
0.09385705
0.08996344
0.08991933
0.08992457
0.08993626
0.08188081
0.08970571
0.08545566
0.09513855
0.08909416
0.10026360
0.09006357
0.08983111
0.09008765
0.08400035
0.08988237
0.09022689
0.08379984
0.10019135
0.10388112
0.09986973
0.09013915
0.09033751
0.08994246
0.09010935
0.08987713
0.09006190
0.09982681
0.09041119
0.08994198
0.09560370
0.09409118
0.08995008
0.11396408
0.09038019
0.08400607
0.08974648
0.08994389
0.09047031
0.08140993
0.08995605
0.08474493
0.08964300
0.09463477
0.12406874
0.08966541
0.08975244
0.09026766
0.09988308
0.08395410
0.09031630
0.09001184
0.10172296
0.09028721
0.09018159
0.08996773
0.09970450
0.08495927
0.08981276
0.09002376
0.08983445
0.09488416
0.08978581
0.08970284
0.08994985
0.09002423
0.09017301
0.10017228
0.09971094
0.09504056
0.10713530
0.09039593
0.10015750
0.08398104
0.11455154
0.08977461
0.08994222
0.08611512
0.10018730
0.08983231
0.09077811
0.08482170
0.09004927
0.09014702
0.09095907
0.09825969
0.09992647
0.09007072
0.12004447
0.11017966
0.08738327
0.08001733
0.08808422
0.08787060
0.09004760
0.09004736
0.10017180
0.09037232
0.09020638
0.08963799
0.07998323
0.09196019
0.08214593
0.10020614
0.10002708
0.08971524
0.08983755
0.09002805
0.09038734
0.10014486
0.08482027
0.09002376
0.10017729
0.08967853
0.08990383
0.09037566
0.09403443
0.08954287
0.09026623
0.11011386
0.09000611
0.10010910
0.09012103
0.08998036
0.08963680
0.08008862
0.09011793
0.09030962
0.09027863
0.09711909
0.10994816
0.09479761
0.08477354
0.09017539
0.08498454
0.08541989
0.08089662
0.09961677
0.10984516
0.10003304
0.08983541
0.09028602
0.08392167
0.08984017
0.11021543
0.08974552
0.08489847
0.09025359
0.08155584
0.08979154
0.09024286
0.10985994
0.09792185
0.10001540
0.08533382
0.13008547
0.09491062
0.08967304
0.09144616
0.10059237
0.08984375
0.09017205
0.10034418
0.29951096
0.09997869
0.08490348
0.08973813
0.09502339
0.09030247
0.08393931
0.09007931
0.09024668
0.09408236
0.09529471
0.09023118
0.08833766
0.09022665
0.07982230
0.08967376
0.10044336
0.09029794
0.08407879
0.09023809
0.09379053
0.08999419
0.08980489
0.08971000
0.10009456
0.08981133
0.09815621
0.09016967
0.08996940
0.09009767
0.08983326
0.09191418
0.11012578
0.09023452
0.09012604
0.16502118
0.10615039
0.08775783
0.08831143
0.08988357
0.09965992
0.08972478
0.08969593
0.09005380
0.08386135
0.09497285
0.08529711
0.09015298
0.11000657
0.10002470
0.09959650
0.08505130
0.09002781
0.09985065
0.09012198
0.10503721
0.08986497
0.08305955
0.10018277
0.10987234
0.09003019
0.10996890
0.09995747
0.10000324
0.08996916
0.09496665
0.10005307
0.08999538
0.09010291
0.09037232
0.09020567
0.09024525
0.08972859
0.09532762
0.08947730
0.08499789
0.10997748
0.08855510
0.08953524
0.09967542
0.08989000
0.09974957
0.09985042
0.10495853
0.09987521
0.08393455
0.09043384
0.08975029
0.08982730
0.09979296
0.08996797
0.08985186
0.08971167
0.08952546
0.09107685
0.08978605
0.08823395
0.08977747
0.09048223
0.09489250
0.09979367
0.08976293
0.09002614
0.10023642
0.09159923
0.09014130
0.09005070
0.09030199
0.08045244
0.09002972
0.08971643
0.09961247
0.09015608
0.10008550
0.10694981
0.08961225
0.08202815
0.09017038
0.09007072
0.09017491
0.09021449
0.08959150
0.09014559
0.08374381
0.09004593
0.09025502
0.09417725
0.09826446
0.09990478
0.09021735
0.09426546
0.09026790
0.09474182
0.09014487
0.08982372
0.08478904
0.09574556
0.08975649
0.08965468
0.08966374
0.09180951
0.09018350
0.10003281
0.08949614
0.10023832
0.09991503
0.08984756
0.09410310
0.09515381
0.08993721
0.10495687
0.09005356
0.09045362
0.08398008
0.10072947
0.08992529
0.11023664
0.09414577
0.09995055
0.09487081
0.09047461
0.09017563
0.08993459
0.08958650
0.09964657
0.10981464
0.08421850
0.09001136
0.09973359
0.17995524
0.10005021
0.09002686
0.08981395
0.09000564
0.10020614
0.08976197
0.10969663
0.08998561
0.09017372
0.08459067
0.09006047
0.09012723
0.10003662
0.08974910
0.09991550
0.09986711
0.08385992
0.08890343
0.09113479
0.15968084
0.11142755
0.09007335
0.08857608
0.15977764
0.09006453
0.10025358
0.10511541
0.08535981
0.09001970
0.15206480
0.08982897
0.10980034
0.08502579
0.08974981
0.16027546
0.10586452
0.10004091
0.10006833
0.09995842
0.09040570
0.09694791
0.09393930
0.09608388
0.09005928
0.08899450
0.08900094
0.08899665
0.08900404
0.09700012
0.09399724
0.09699988
0.08900332
0.09399986
0.09199905
0.10000372
0.09200335
0.10100055
0.08998799
0.08999968
0.09200001
0.10399556
0.09299970
0.09199905
0.09299946
0.08999968
0.08799911
0.09600067
0.09400034
0.10000038
0.09199762
0.09899759
0.12199473
0.09299970
0.09000516
0.09100032
0.09600115
0.09099627
0.08900309
0.09000063
0.14399838
0.09599972
0.09806204
0.09599924
0.09700155
0.09899974
0.08899951
0.10999584
0.09294462
0.10100460
0.10100174
0.08999610
0.08799911
0.13900113
0.10299659
0.08899951
0.09099936
0.09099984
0.09499931
0.11799645
0.10999656
0.11500311
0.08899951
0.09999871
0.09599853
0.09700346
0.09600067
0.08899951
0.09199977
0.09300065
0.11600518
0.10199881
0.09899998
0.10199976
0.09000444
0.09000015
0.09000015
0.09100580
0.08900070
0.08999991
0.09300065
0.11200070
0.09300065
0.09499669
0.09700012
0.08900309
0.09299994
0.09099960
0.09500074
0.09200001
0.08999920
0.08899951
0.10399985
0.08899570
0.11299944
0.09600091
0.09600377
0.09000015
0.08999538
0.08999586
0.09000373
0.09599614
0.09000063
0.09100413
0.09500098
0.09399652
0.08900166
0.09199643
0.10399914
0.08900118
0.08999991
0.09299684
0.09599972
0.09300017
0.09000063
0.09600329
0.09199572
0.10000420
0.08799744
0.08900356
0.09699869
0.09599710
0.09000015
0.08899927
0.09599495
0.09099603
0.08899999
0.09199500
0.08900023
0.09499979
0.09699559
0.08899903
0.08900452
0.08999658
0.09099984
0.08999681
0.08899927
0.09099984
0.10500097
0.11500287
0.11200237
0.09099984
0.09099650
0.10599947
0.09599996
0.09900379
0.09099984
0.09299970
0.09100008
0.10399842
0.10300136
0.09099913
0.09500265
0.09200001
0.08899879
0.09100032
0.09100008
0.09900069
0.09100175
0.11099648
0.10599947
0.10599923
0.09599972
0.09199977
0.09199572
0.11200118
0.10799956
0.10200000
0.09900236
0.09399819
0.10399532
0.09699559
0.09201598
0.09400058
0.09199929
0.11499858
0.09506464
0.09200096
0.09800005
0.09100366
0.09199762
0.09499645
0.10099983
0.09899998
0.09000397
0.09199691
0.09799981
0.09799910
0.09099984
0.10699940
0.09799957
0.10800505
0.10099602
0.10599566
0.09900022
0.10500145
0.09799933
0.09399796
0.09299874
0.09399986
0.10299706
0.12899709
0.10599875
0.09899974
0.10800123
0.11899614
0.10199952
0.10299683
0.10499954
0.12200379
0.10400033
0.11100006
0.11499882
0.10099530
0.10600209
0.11500239
0.11400032
0.10100341
0.10800004
0.11200023
0.11000228
0.10399604
0.10499835
0.11299849
0.11300230
0.10899878
0.10312414
0.13000941
0.11980247
0.11076832
0.10465479
0.10051203
0.10201859
0.12023044
0.10218620
0.09985328
0.09500766
0.10023212
0.11747575
0.11992288
0.10987854
0.10601521
0.09995699
0.12969398
0.11202979
0.09977198
0.10998225
0.10526371
0.11002445
0.09842563
0.10979080
0.12018299
0.11152840
0.09490156
0.11001277
0.11002517
0.11766601
0.11984015
0.11036444
0.13056660
0.10386133
0.11200190
0.09999919
0.11695552
0.11994791
0.11983109
0.10515618
0.12583303
0.11972356
0.11008120
0.12012219
0.11412048
0.10027242
0.10028005
0.14452791
0.10481858
0.10003114
0.11010575
0.11026382
0.11963153
0.10523081
0.10013723
0.10994005
0.09964442
0.10014462
0.11008286
0.11365747
0.11053419
0.10507250
0.10881567
0.09996700
0.09791875
0.11034751
0.10992050
0.10010695
0.10973668
0.10961938
0.10030913
0.09981847
0.10490179
0.09987164
0.10994148
0.10689354
0.11030054
0.09985495
0.09993052
0.11975384
0.10974956
0.11508512
0.11175585
0.10027790
0.10029864
0.10633349
0.10009575
0.10680628
0.10446477
0.12151384
0.11511064
0.10477567
0.10992002
0.10993600
0.10744643
0.10015059
0.10041380
0.11342096
0.13029933
0.11800742
0.10975051
0.11123061
0.10001135
0.10998917
0.11507893
0.12370634
0.11488223
0.10000587
0.10868859
0.10902047
0.09435081
0.09008813
0.12009835
0.11998701
0.11999774
0.09996462
0.11006927
0.10007620
0.14516377
0.10981631
0.15040112
0.10986018
0.10835361
0.11007667
0.09985089
0.10009837
0.10004902
0.10505843
0.12980342
0.10853577
0.10393381
0.09974337
0.09601092
0.10984826
0.11216760
0.09978771
0.12400818
0.10499072
0.11028790
0.08964539
0.12010050
0.12002969
0.12034440
0.12007380
0.10993838
0.11019588
0.11003065
0.10031867
0.11042404
0.10689306
0.11034918
0.12519836
0.12987256
0.11515641
0.12349439
0.13380837
0.09531069
0.10988379
0.12959051
0.12981653
0.10457945
0.09987926
0.11007714
0.09984708
0.13020396
0.09998941
0.10983109
0.10524058
0.13502192
0.10362887
0.12518930
0.10982108
0.10012650
0.10045004
0.13025045
0.11013365
0.10500693
0.09717488
0.10010552
0.11982822
0.10990787
0.11998010
0.11008668
0.10999131
0.10723042
0.10993099
0.11104679
0.09789872
0.09993625
0.11493659
0.10503840
0.09981155
0.13002181
0.10479593
0.09675980
0.09978867
0.11976719
0.11032462
0.11487007
0.10001063
0.11981177
0.11983132
0.10502434
0.10974622
0.11502624
0.12175560
0.12971830
0.13010025
0.09983253
0.10496449
0.10506701
0.12893963
0.12980843
0.10975170
0.13495350
0.12074637
0.12216926
0.13005519
0.13195157
0.11019182
0.11432505
0.12571430
0.12041688
0.14000249
0.10970092
0.11487341
0.10608006
0.10978174
0.11040354
0.10521460
0.10433316
0.13040709
0.12019324
0.66997838
0.12987924
0.13181448
0.10964203
0.11096907
0.14015627
0.10399127
0.11024404
0.11007428
0.14990544
0.12993598
0.10415959
0.10510659
0.11034131
0.11010909
0.11521816
0.11248398
0.10235763
0.12003827
0.13009524
0.13012552
0.12996793
0.13495874
0.13989377
0.12241483
0.11465788
0.12837362
0.12820053
0.12995291
0.13586593
0.12983394
0.13138556
0.12513804
0.13498807
0.14472175
0.13034749
0.13030195
0.12787628
0.12188077
0.11891532
0.12024522
0.13487148
0.13624024
0.12809658
0.13995934
0.12582660
0.12314367
0.13534689
0.13012552
0.12011433
0.13616133
0.12983775
0.12509704
