0.09017944
0.09012151
0.09963679
0.10014772
0.09015036
0.08556342
0.09012151
0.08870125
0.08992958
0.09003043
0.08965230
0.08972359
0.09021664
0.08876061
0.09997487
0.08999968
0.09010267
0.09006524
0.08994031
0.09031677
0.09021282
0.09983158
0.09526038
0.09018064
0.08536601
0.09021878
0.09047508
0.10982513
0.09501290
0.08765006
0.10492826
0.09991884
0.10008287
0.07972884
0.09977603
0.08842015
0.08821130
0.08956718
0.09862542
0.08499384
0.08955026
0.08996177
0.13988471
0.10017204
0.10516238
0.13030815
0.08977699
0.09983587
0.11346340
0.09294295
0.08627105
0.09973788
0.09991813
0.09974694
0.09990478
0.14035106
0.11044168
0.08998084
0.10005116
0.09379625
0.08985949
0.11014700
0.10412216
0.10040665
0.08994102
0.09506345
0.09329700
0.10843849
0.09980893
0.09029317
0.09986806
0.10023618
0.08949709
0.09984827
0.09980369
0.08685994
0.08724213
0.08540940
0.09370852
0.08970666
0.09035850
0.08508015
0.08001804
0.09519792
0.10986185
0.09987307
0.09554958
0.09972954
0.08633113
0.07983923
0.10023570
0.09009147
0.09994173
0.10010052
0.11229205
0.10002828
0.09014797
0.08377099
0.09023237
0.08999634
0.10000014
0.10140657
0.10012603
0.10448480
0.09854937
0.08995056
0.11011314
0.09007597
0.09004188
0.09051442
0.09366798
0.09005976
0.09036684
0.09972191
0.12014103
0.09506774
0.09874892
0.08358479
0.09515166
0.09182835
0.10008860
0.08978987
0.10025430
0.09888768
0.10024190
0.09711504
0.08703208
0.09517074
0.10008550
0.10979581
0.19116044
0.09531021
0.09497046
0.08960247
0.10053802
0.08437324
0.11033916
0.10024190
0.09993744
0.08893323
0.09000158
0.09035730
0.08417034
0.07986403
0.09035850
0.09385538
0.09059548
0.08994722
0.12176776
0.09002566
0.09695530
0.09015250
0.09995508
0.07998228
0.09095502
0.09984684
0.09511113
0.09033442
0.10511780
0.10964632
0.09024549
0.09038186
0.08748817
0.10105777
0.08965206
0.08992839
0.08995533
0.10001922
0.08990169
0.09014082
0.08969188
0.09972644
0.09013581
0.09506488
0.10953093
0.10823393
0.08992243
0.09239054
0.09033513
0.10266447
0.09461331
0.09036422
0.08042645
0.09018159
0.09996200
0.10984635
0.09013820
0.09032440
0.10038137
0.09003568
0.09204602
0.09193444
0.08991432
0.08986282
0.10012341
0.08979535
0.09978890
0.11020660
0.08986807
0.09036016
0.10426664
0.08417487
0.09494019
0.09014583
0.08714318
0.09010649
0.08973384
0.09023619
0.08324647
0.08981180
0.09240913
0.09008503
0.09409380
0.08972359
0.08980894
0.09997177
0.09993958
0.09003615
0.10010409
0.10020709
0.10376453
0.13549399
0.08829570
0.09497380
0.10019374
0.08490920
0.10986567
0.08972073
0.09987259
0.08484650
0.10000443
0.09028983
0.08990550
0.11009192
0.10022688
0.10027242
0.08995557
0.09044170
0.09028673
0.10018897
0.09546590
0.10888505
0.08951306
0.08813596
0.09026146
0.09055305
0.09437776
0.10027504
0.08985329
0.08971405
0.09120727
0.09484148
0.10006356
0.13028359
0.09423041
0.11189318
0.08995843
0.09971833
0.11017251
0.09030843
0.08997583
0.09985852
0.08526778
0.09008145
0.10530257
0.09712481
0.09123778
0.10115004
0.08973098
0.09096050
0.08294702
0.09047842
0.09001112
0.09006405
0.07981086
0.09996605
0.09254289
0.09951687
0.09998417
0.08509994
0.09028792
0.08572173
0.09540057
0.10051203
0.09005809
0.09652662
0.12607646
0.08987665
0.07998800
0.10034013
0.08356881
0.07968140
0.08965302
0.09808183
0.08991599
0.09992671
0.11073279
0.09001780
0.09506512
0.09400678
0.07961297
0.09991956
0.08427787
0.10031390
0.09020948
0.09008431
0.07997322
0.09006119
0.10077143
0.08962560
0.09988689
0.08674955
0.08507013
0.08990431
0.09363651
0.08987641
0.09057570
0.08377814
0.08967900
0.09002161
0.09012699
0.08984995
0.14515352
0.11299682
0.09021997
0.08989978
0.09978366
0.09770846
0.08708644
0.08836460
0.09959841
0.09494615
0.08967948
0.11598134
0.08803153
0.09855342
0.08617139
0.11009789
0.10039568
0.09517217
0.09970260
0.10994172
0.11999607
0.08960056
0.09518552
0.10381842
0.08997107
0.10018229
0.10029483
0.09022713
0.10132456
0.09987807
0.10524225
0.11005354
0.10407519
0.09994102
0.09974194
0.10003257
0.10131240
0.09861183
0.08814669
0.10001922
0.10001564
0.10016704
0.09486985
0.10889554
0.09036207
0.09771824
0.09066319
0.09710908
0.09970784
0.10043859
0.08974314
0.11017632
0.09023714
0.08986521
0.09826088
0.09500909
0.08681560
0.08969426
0.09993124
0.09038329
0.08969879
0.08977437
0.10417271
0.10266137
0.11208415
0.08497643
0.09983587
0.08463764
0.09020615
0.09753323
0.09030318
0.08977962
0.08711743
0.09374237
0.09013605
0.09967756
0.09013796
0.12023640
0.08987093
0.10905576
0.08998036
0.09012890
0.08169985
0.08503079
0.09000707
0.08484960
0.09013271
0.10007596
0.10970569
0.08520341
0.09490252
0.08502102
0.08493924
0.09248304
0.11148739
0.09994793
0.10993981
0.10481811
0.09025002
0.09052515
0.09030080
0.11031103
0.09507704
0.10021901
0.09895682
0.08804917
0.11011934
0.10998940
0.08504152
0.11033654
0.09510422
0.08989429
0.08354664
0.09003139
0.09639311
0.09002256
0.09963417
0.09772587
0.09028935
0.07960868
0.08979273
0.08501458
0.10009718
0.11006522
0.09720063
0.09242916
0.10008264
0.09505796
0.08792901
0.08987951
0.08990836
0.09962320
0.09550691
0.10047936
0.11014342
0.08959365
0.08973980
0.08997345
0.10004163
0.08992648
0.09021497
0.08478045
0.09032226
0.08983278
0.09029341
0.08958745
0.08980203
0.08996034
0.08472061
0.07995653
0.08998394
0.10462236
0.08997154
0.08514476
0.08974624
0.09978604
0.10374737
0.08993196
0.10168719
0.08008504
0.09162474
0.09021449
0.09034491
0.11962152
0.10469174
0.09009433
0.10038376
0.08899188
0.08976769
0.09420133
0.09049511
0.08001208
0.08975959
0.08611894
0.09028530
0.08990121
0.09543896
0.09015679
0.11034989
0.09157991
0.10040951
0.09005713
0.09042144
0.11989570
0.08993220
0.09086227
0.10023189
0.09015918
0.09024310
0.11044168
0.09990549
0.09502697
0.08955908
0.09032297
0.08573604
0.10550165
0.09996939
0.09009671
0.09239554
0.08989024
0.10472059
0.08974934
0.09980273
0.09983039
0.11581707
0.09387875
0.09170747
0.08993173
0.15510607
0.10543966
0.09017444
0.11008573
0.10951471
0.09014773
0.10892320
0.09980083
0.08951473
0.09488273
0.08994484
0.08989549
0.09290910
0.09724283
0.10008359
0.08999324
0.09037423
0.10670471
0.08993006
0.08977127
0.08020139
0.09395814
0.09222221
0.08392525
0.09016871
0.09969115
0.09026623
0.09025526
0.08806562
0.09007788
0.10003233
0.11430883
0.11555719
0.09504175
0.08959198
0.09026790
0.08999705
0.09540439
0.10021448
0.08471537
0.08980560
0.08487988
0.09029222
0.08830881
0.10498190
0.08902931
0.10003233
0.08999801
0.08986950
0.09018517
0.09022737
0.09056401
0.09015632
0.08977795
0.09498739
0.09998941
0.08945942
0.09511232
0.09991884
0.08760428
0.10019732
0.08412671
0.09213901
0.09136057
0.08935452
0.11992335
0.15415025
0.22009468
0.31034756
0.30534649
0.30957103
0.30896378
0.30979156
0.31051946
0.29975820
0.31860662
0.31890368
0.30951381
0.30831814
0.30738115
0.31016135
0.31020522
0.29962730
0.30002451
0.30468655
0.32017541
0.31017113
0.30208302
0.30493784
0.30955672
0.30483317
0.31042910
0.31029224
0.30000901
0.30005026
0.30976057
0.31976223
0.30217767
0.30479956
0.30994248
0.31028843
0.31004500
0.29969501
0.30987501
0.30038500
0.30005836
0.31016040
0.32004023
0.31597757
0.29796505
0.31984925
0.30029798
0.30878186
0.30979609
0.32003880
0.30971813
0.29963374
0.29993892
0.31009459
0.30430841
0.31786489
0.31698179
0.31025505
0.30011153
0.31002092
0.30023003
0.30385661
0.31981730
0.30022120
0.31044841
0.30039001
0.32005310
0.31203151
0.31008744
0.31515265
0.30491900
0.31496024
0.30027390
0.29989958
0.31985140
0.30504727
0.30502558
0.30028987
0.29978108
0.29989552
0.31035805
0.30027413
0.30985117
0.31573677
0.30031085
0.30958033
0.30499196
0.31003022
0.30021977
0.31489444
0.31005836
0.30963874
0.30486393
0.29976225
0.30004716
0.30386162
0.31029630
0.32486153
0.31003928
0.33317375
0.30008340
0.31956697
0.29987240
0.31181526
0.31993771
0.31989956
0.29645896
0.31638885
0.31041765
0.30095983
0.30154657
0.32025671
0.31482267
0.30728555
0.30211353
0.29491210
0.30994844
0.31496286
0.32005811
0.32486725
0.30535793
0.29870009
0.30014682
0.31000400
0.30001450
0.30010414
0.31015992
0.30687594
0.30010009
0.30025625
0.30972266
0.31022501
0.30052614
0.30547190
0.31041002
0.30998659
0.31295204
0.29965210
0.30017924
0.29972672
0.32540631
0.32026100
0.31507993
0.29990935
0.30188680
0.31988025
0.29508543
0.30039215
0.29948807
0.32028747
0.30172133
0.30971265
0.29819250
0.30025196
0.30020976
0.30010009
0.31985974
0.30185652
0.30995560
0.31979680
0.30974936
0.30997014
0.29977632
0.33008337
0.29983282
0.29966855
0.29987097
0.32000184
0.30011249
0.32192159
0.31961799
0.31012845
0.29513144
0.30010533
0.31008816
0.31435490
0.30033040
0.31000328
0.30972457
0.30756092
0.31538200
0.30519819
0.31031990
0.33966756
0.31020761
0.30402899
0.31017494
0.30008435
0.31027961
0.30766606
0.30381322
0.31002307
0.31814456
0.30036211
0.30017018
0.31005716
0.30107832
0.31008959
0.30962753
0.30523658
0.31729341
0.30019426
0.30468678
0.30516338
0.30016375
0.29980302
0.30974388
0.31510592
0.30006337
0.31541133
0.29984021
0.30098200
0.30472541
0.30975986
0.31230450
0.31241226
0.30133200
0.29994464
0.30968618
0.32036114
0.30969834
0.30974102
0.30005383
0.32004881
0.31977248
0.31801987
0.29997873
0.30179024
0.30212045
0.33980966
0.30935431
0.29979396
0.31016660
0.30668998
0.29987812
0.30979395
0.30030942
0.29968381
0.31038165
0.29993033
0.30006170
0.30975437
0.31004286
0.29470754
0.30149841
0.30237889
0.31028605
0.30506015
0.30621409
0.30839729
0.31006193
0.30012298
0.30766177
0.30999565
0.30998182
0.31223154
0.30171299
0.30214953
0.30412197
0.32011700
0.30468464
0.30010486
0.31967235
0.31484532
0.30666351
0.30639911
0.30992937
0.29996300
0.30597281
0.30985403
0.30017328
0.31011391
0.30628443
0.30467629
0.33009410
0.30535984
0.30485129
0.30150557
0.32521343
0.30020189
0.31985641
0.31941152
0.29997516
0.30982566
0.31407499
0.31011915
0.30509138
0.30423927
0.30460882
0.30000949
0.30952621
0.30961013
0.32988930
0.30130029
0.29954410
0.31995392
0.30982947
0.32092142
0.30457211
0.29470181
0.29994702
0.30051708
0.30024552
0.30953526
0.30995154
0.30489922
0.30528259
0.29978824
0.30028415
0.31013727
0.29985595
0.30509973
0.31049728
0.31006718
0.31102490
0.29756784
0.30023575
0.31008053
0.30415273
0.31510115
0.29982805
0.30961561
0.30970740
0.30487227
0.31990194
0.31653404
0.30981779
0.31027555
0.32952595
0.31105781
0.32083774
0.31457639
0.30509257
0.31786633
0.31030965
0.31026840
0.31006432
0.31105328
0.30131245
0.32015014
0.30033565
0.30005908
0.32000113
0.30813265
0.30998611
0.31697512
0.31962442
0.30775881
0.30045676
0.30990028
0.31974483
0.30037546
0.31011724
0.31420684
0.30051684
0.30800414
0.30991316
0.30966663
0.30650043
0.30010557
0.30714631
0.29977083
0.29995513
0.30006433
0.31028295
0.30274940
0.29978800
0.31990123
0.31490731
0.29976606
0.30023360
0.31023550
0.30970263
0.31005383
0.30973411
0.31032920
0.30389595
0.29503870
0.30968595
0.32355118
0.31011653
0.31002855
0.31002402
0.30986953
0.29507470
0.31025052
0.30993366
0.30618310
0.31006026
0.32029748
0.30997229
0.31999779
0.30991483
0.31021953
0.31684494
0.29993081
0.30476642
0.31984782
0.31046176
0.33022356
0.29954648
0.32009530
0.31007338
0.30833745
0.32002020
