0.09998798
0.09498572
0.09191942
0.09228778
0.09513974
0.08751607
0.09197569
0.08990312
0.09014058
0.09030700
0.08962655
0.09026599
0.10036850
0.08420944
0.08367682
0.09021378
0.09216142
0.08528590
0.10961676
0.10971165
0.09995937
0.08021569
0.08961082
0.08995557
0.10026646
0.08991647
0.09003139
0.09036303
0.08187556
0.09027839
0.08503079
0.08502913
0.09044218
0.08960867
0.08966756
0.09851360
0.09016800
0.09521389
0.09361792
0.08984733
0.09489036
0.10012650
0.09004831
0.09004116
0.09997272
0.07966805
0.10019922
0.10025215
0.09972501
0.10018873
0.09678054
0.08991742
0.09996700
0.08480906
0.08524632
0.10499549
0.09021139
0.08892107
0.10028720
0.09478998
0.08995986
0.08816171
0.09477210
0.08965468
0.10000515
0.09013534
0.08950901
0.08974791
0.10029173
0.09106326
0.08261228
0.08086658
0.09034252
0.09973383
0.11745310
0.09974742
0.09982204
0.08995914
0.08987522
0.08979201
0.09589124
0.08818221
0.10515976
0.09667468
0.08757758
0.10001516
0.09017825
0.10003376
0.08492208
0.09985614
0.08474517
0.09560513
0.08811235
0.09032750
0.08456278
0.10041451
0.09332132
0.09618044
0.08999419
0.09302688
0.08195949
0.09014750
0.08992791
0.08466935
0.08976793
0.08967185
0.09005404
0.08816695
0.08817983
0.08034515
0.08983850
0.08470845
0.08993983
0.09012699
0.09007502
0.08498263
0.09282422
0.09977174
0.08516812
0.08046961
0.08123350
0.09977126
0.09029055
0.09002113
0.09195161
0.11167431
0.09245348
0.09032011
0.09377670
0.07955122
0.09008384
0.11026382
0.08955598
0.09014726
0.09520602
0.11981392
0.09377575
0.09022975
0.08941841
0.08025646
0.09072781
0.09078312
0.11099648
0.09292364
0.08796310
0.09510779
0.08473539
0.08025455
0.09050632
0.10053968
0.07993722
0.09023547
0.10426307
0.08796644
0.09986520
0.09365773
0.09635901
0.10816717
0.08991003
0.08990121
0.09998679
0.09041858
0.10516095
0.09982538
0.08408260
0.10004663
0.12055349
0.08996820
0.08968687
0.08404756
0.09008813
0.10221171
0.10045552
0.08719873
0.08871222
0.09018159
0.09373116
0.09402418
0.09001803
0.09832525
0.08876562
0.09468341
0.08511758
0.08205724
0.08995008
0.08980107
0.08996224
0.09048152
0.09005427
0.08999753
0.09997821
0.08596373
0.09015822
0.07981038
0.07958984
0.08984995
0.08531308
0.09225941
0.08969760
0.08999300
0.09969306
0.09004498
0.10011649
0.09001565
0.08493805
0.08006597
0.09015703
0.09970737
0.08987570
0.09010911
0.08013153
0.08986425
0.11018252
0.09534311
0.09014010
0.08996701
0.08992076
0.08982444
0.08680725
0.09183455
0.09012985
0.09007525
0.10008597
0.09243464
0.09379888
0.09016800
0.08444571
0.10017610
0.09978747
0.09994435
0.08520126
0.09997296
0.11431932
0.08978868
0.08996987
0.08957362
0.09516549
0.08961797
0.10040641
0.09013009
0.09015369
0.08412242
0.09023762
0.09987330
0.09375787
0.09514022
0.08974838
0.09026408
0.09514332
0.09371853
0.08477569
0.08997226
0.08989191
0.08539367
0.08996654
0.10014772
0.09042215
0.09645629
0.10011101
0.10017848
0.09013081
0.09878635
0.09978127
0.09985971
0.10235143
0.11988115
0.08524227
0.08982706
0.09012771
0.09001088
0.09016228
0.08398056
0.08971381
0.09993720
0.09000349
0.09026241
0.09622383
0.09142303
0.09018087
0.09004307
0.08991885
0.08504152
0.08958197
0.08506465
0.09011078
0.11039972
0.09032059
0.08414745
0.09020042
0.08002949
0.08765817
0.10018897
0.09987259
0.07968116
0.08965278
0.08578777
0.08850861
0.08412194
0.10000682
0.09020853
0.09040236
0.08520770
0.08987236
0.10036349
0.09479618
0.09237647
0.10497022
0.09998941
0.09985948
0.09808898
0.08989763
0.08025861
0.09001517
0.09026623
0.09972262
0.10001063
0.08987665
0.08410525
0.10020685
0.09591317
0.08804131
0.08780336
0.09481502
0.08030057
0.09015393
0.09984756
0.09984803
0.09472299
0.09016657
0.08595872
0.08796191
0.08823538
0.09967208
0.08523178
0.08805060
0.08981109
0.09505892
0.09493780
0.09521008
0.09196424
0.10510373
0.07990336
0.09031773
0.09655476
0.09006977
0.08958125
0.09027576
0.09951687
0.09014845
0.09022689
0.09416008
0.09010816
0.08737969
0.09036183
0.09414387
0.09978628
0.09599590
0.08998966
0.11000991
0.09503388
0.09489036
0.09282184
0.09027910
0.10001993
0.09367013
0.09016681
0.09995604
0.08528829
0.10019922
0.07959580
0.08018470
0.08997035
0.09993196
0.10010767
0.10967255
0.08468914
0.10025835
0.08362889
0.09007144
0.08985877
0.10020113
0.08981562
0.08993602
0.08442092
0.08381963
0.09022665
0.09487629
0.08998775
0.08987594
0.11045790
0.08988166
0.09001613
0.08967018
0.10021567
0.08892965
0.08396363
0.09166288
0.09215522
0.08993006
0.09004092
0.09532356
0.10010362
0.08958411
0.07989550
0.09992909
0.09030390
0.09041023
0.11027598
0.10273695
0.08996797
0.09021568
0.09503317
0.09023809
0.09964442
0.08791494
0.08991718
0.08960104
0.10515022
0.09828544
0.09980989
0.08996820
0.09024405
0.08536935
0.08001781
0.09992480
0.10023761
0.09545374
0.08619022
0.10523295
0.09008241
0.08801293
0.08989668
0.09043097
0.08550215
0.09987664
0.08993125
0.08031297
0.09017396
0.10006714
0.09004951
0.08988905
0.08975101
0.10837936
0.09006643
0.09490395
0.08022189
0.08967400
0.08971381
0.08935547
0.08389926
0.10989523
0.09034085
0.09490514
0.08975005
0.10972381
0.09022617
0.08005476
0.09017324
0.10484290
0.11017442
0.08820081
0.09017062
0.08356762
0.08971238
0.10029078
0.09485435
0.09983325
0.09984756
0.08495355
0.09970260
0.10178757
0.09018469
0.11988091
0.08994317
0.09029293
0.09026742
0.09957218
0.09023142
0.07962275
0.08164310
0.08961082
0.10022688
0.08460236
0.09013820
0.09992361
0.08516359
0.08877373
0.09954405
0.09486675
0.09024692
0.08389616
0.09001994
0.09039545
0.09011340
0.08979011
0.09990668
0.08408356
0.07996321
0.08855295
0.09020257
0.09477949
0.09519911
0.08999395
0.08968019
0.09351373
0.08996439
0.08497739
0.11030984
0.09001446
0.08992767
0.09494781
0.08992887
0.09670377
0.10027337
0.09219623
0.08997226
0.08003139
0.09965229
0.12026763
0.10517502
0.08994937
0.09099746
0.08387160
0.08998990
0.08953762
0.09000182
0.09040022
0.09009504
0.08009815
0.09992480
0.08994555
0.08985305
0.08979964
0.08209872
0.10007644
0.09039879
0.09510112
0.09180188
0.12031364
0.07990813
0.08005452
0.09094906
0.08186412
0.10010004
0.08372211
0.10011268
0.08999944
0.10034442
0.09474540
0.10006809
0.08818030
0.08224368
0.08977318
0.09991860
0.08997798
0.10608935
0.10022283
0.09014630
0.09006572
0.08026195
0.07992077
0.10525894
0.08495617
0.08038950
0.09007072
0.08994555
0.09963322
0.08989334
0.08999681
0.08483982
0.09008479
0.10022354
0.08936071
0.09026170
0.09029245
0.08488083
0.08980727
0.09014654
0.10009933
0.08970380
0.09012222
0.09486270
0.09518790
0.10952854
0.09981203
0.09074855
0.11019802
0.09016562
0.09508276
0.09044909
0.09029055
0.09001470
0.08962631
0.08088422
0.09002519
0.08447313
0.10969090
0.08617043
0.09008002
0.09991407
0.08495593
0.07997990
0.09025812
0.10473609
0.08876872
0.08990288
0.09008837
0.09013915
0.08974838
0.08987522
0.11005712
0.08956671
0.09129286
0.09237194
0.10010052
0.08983040
0.08515263
0.09004855
0.08937860
0.08505273
0.09032917
0.09004235
0.11055565
0.10407567
0.10041857
0.10003591
0.09281921
0.09965634
0.08853412
0.08403683
0.08006501
0.09570479
0.08800077
0.07981682
0.08998513
0.08965325
0.09486389
0.08019304
0.08965611
0.08489442
0.11026955
0.09001112
0.08994460
0.10545921
0.08888173
0.08993721
0.10016751
0.09017658
0.08979106
0.10174704
0.08235097
0.08998680
0.10021091
0.09444356
0.08980346
0.08763623
0.09810734
0.08707309
0.10337830
0.10008574
0.09987640
0.10025549
0.09009099
0.10023260
0.08978367
0.08996415
0.08496833
0.08505964
0.08980966
0.10984778
0.11000156
0.08477879
0.10662198
0.08961391
0.08984327
0.09485245
0.08991265
0.08995652
0.08439875
0.09000683
0.10022640
0.08993793
0.08373451
0.07996798
0.09617424
0.08974648
0.08853650
0.08988619
0.08711648
0.08955646
0.10001183
0.08952761
0.09034061
0.08960080
0.09010839
0.09006357
0.09009361
0.09969330
0.09334683
0.09152555
0.08787084
0.09967375
0.12006140
0.08014369
0.09182382
0.07988310
0.10024047
0.09971046
0.09186316
0.08985376
0.09823656
0.10710192
0.10026956
0.09505391
0.08982635
0.10015988
0.09953976
0.08984661
0.11982918
0.08830261
0.08433867
0.08986831
0.08968568
0.09432793
0.09995270
0.11030793
0.08855700
0.10381031
0.08403945
0.08989835
0.08990026
0.08983803
0.08411169
0.09404159
0.09028101
0.08466482
0.08032942
0.08995557
0.08989739
0.09838700
0.08982873
0.10988116
0.08995724
0.09990597
0.09017515
0.08011937
0.08968711
0.10018992
0.09008145
0.10208082
0.09224629
0.10083532
0.08851385
0.10054684
0.09006906
0.10005474
0.08484507
0.10165477
0.09009361
0.07999349
0.09136820
0.09283590
0.08535480
0.10017347
0.08433056
0.10035443
0.08379006
0.08456230
0.09482098
0.09794116
0.09617996
0.10226130
0.11941719
0.08996081
0.09993196
0.09484172
0.08985925
0.09036541
0.09017920
0.09966612
0.11182952
0.08999825
0.09013081
0.12994313
0.08497071
0.08963656
0.10016799
0.08987761
0.10517192
0.08893919
0.10913229
0.08560848
0.10084653
0.08999753
0.08979821
0.08984351
0.08961177
0.09026241
0.08897901
0.09898281
0.10003281
0.09030652
0.08964181
0.09481668
0.09963298
0.09974599
0.10014558
0.10272861
0.09260702
0.09004331
0.10006618
0.10026288
0.08603859
0.08995724
0.08501649
0.08964849
0.10029054
0.09906340
0.08971572
0.11024308
0.10475206
0.10008216
0.08410668
0.08490348
0.08991051
0.08978510
0.10160160
0.08003283
0.09032822
0.08989453
0.08581781
0.09479666
0.09145451
0.09010983
0.09005046
0.09403205
0.09026146
0.08502388
0.07974434
0.11971879
0.09004331
0.09088326
0.10010481
0.09222436
0.08321548
0.09998488
0.09421277
0.08782649
0.08020377
0.09542394
0.08964586
0.09000397
0.11739922
0.10000134
0.09025407
0.07986903
0.09016538
0.08911276
0.08210373
0.09006000
0.08881426
0.07953501
0.09000301
0.09030008
0.08972120
0.09431028
0.10959625
0.10490918
0.08984661
0.11001635
0.07976246
0.09011316
0.08973908
0.09013867
0.09989691
0.08869433
0.09344101
0.09784722
0.10404611
0.08993411
0.08987451
0.09528756
0.09473443
0.09479356
0.09989119
0.08505583
0.09039927
0.09230876
0.09819460
0.09001803
0.08627796
0.09038448
0.08999991
0.08999968
0.09489560
0.08983707
0.09980035
0.09042978
0.08980274
0.09992838
0.08990312
0.10026073
0.08481121
0.13022947
0.10874081
0.08991122
0.10006642
0.09488058
0.09542489
0.11048627
0.09498048
0.09212065
0.09261465
0.08523417
0.08991933
0.09502220
0.10022044
0.08978438
0.09007406
0.09042811
0.10018396
0.08482313
0.07955670
0.09301448
0.09023356
0.09040999
0.09953928
0.11032724
0.08884192
0.10037470
0.09988403
0.09158564
0.07980061
0.08995891
0.08495355
0.09973860
0.09505987
0.10473061
0.09881139
0.09978986
0.09010363
0.08007741
0.10008121
0.09069014
0.09403944
0.08928323
0.09005237
0.10015821
0.10013914
0.10878944
0.09970093
0.09782505
0.08621216
0.09528565
0.08046031
0.08998656
0.10033441
0.08380771
0.09027243
0.09983206
0.08001852
0.09352803
0.08978772
0.09493685
0.09011340
0.10004330
0.09394050
0.09969187
0.09008121
0.09032965
0.09020662
0.10502410
0.09014940
0.08982825
0.08983541
0.09034228
0.08994198
0.08955073
0.10042620
0.09343624
0.09957314
0.10036063
0.08380151
0.09618974
0.09025192
0.09472275
0.10038638
0.09030986
0.09481573
0.12555623
0.08827043
0.07983255
0.08987856
0.09024692
0.09185076
0.11221552
0.08205390
0.09025884
0.09019351
0.10016346
