0.09985375
0.09684896
0.09066844
0.09004331
0.08818889
0.08965278
0.09000039
0.08792686
0.08153105
0.09006953
0.08507681
0.11003590
0.12008166
0.09482741
0.08974218
0.11019802
0.08399677
0.08123612
0.08983088
0.09096193
0.08991361
0.08997893
0.09988475
0.09988284
0.09024858
0.09993768
0.08977962
0.08986378
0.08467579
0.08499694
0.08407688
0.09003687
0.09004641
0.08989596
0.08998990
0.10988140
0.09013653
0.08989596
0.09019876
0.08967233
0.08988214
0.08474755
0.10022974
0.10005236
0.08844495
0.10001397
0.10000968
0.08998299
0.08520365
0.08007646
0.08958173
0.10979271
0.10511470
0.08443189
0.09027505
0.09031677
0.08641434
0.09993577
0.09483171
0.08999968
0.08986998
0.10977745
0.09021068
0.08698893
0.08977127
0.08464217
0.08504987
0.08990717
0.08975005
0.10959792
0.08977032
0.08960390
0.09991765
0.09003687
0.09976172
0.09241366
0.09402633
0.09033775
0.08993912
0.10016084
0.08382416
0.08000302
0.08967376
0.08998299
0.09048581
0.08412480
0.10015845
0.08985353
0.08022976
0.09972525
0.09018803
0.11965823
0.10041547
0.09059834
0.10001278
0.09010029
0.09020638
0.10001874
0.09993577
0.11033869
0.09988308
0.09986806
0.08965635
0.09178329
0.09515166
0.08989072
0.08845043
0.09881973
0.11050105
0.10041642
0.10017395
0.08932614
0.09952140
0.09015894
0.09998012
0.07975960
0.08726954
0.08372211
0.09004664
0.10010719
0.08972526
0.09003830
0.09034872
0.09374619
0.07995272
0.09485292
0.08507752
0.09677458
0.09343719
0.08999181
0.11287618
0.09592772
0.08994508
0.11175346
0.09002542
0.08608699
0.07948279
0.08583856
0.09379458
0.09993815
0.09016585
0.09474015
0.09978962
0.09034300
0.09017634
0.08518648
0.08001518
0.09018254
0.09992480
0.08971286
0.09229398
0.09444070
0.08984518
0.08986759
0.08489394
0.10123181
0.09496665
0.10259390
0.10001612
0.08498836
0.09018159
0.08962059
0.08964729
0.08965778
0.08005285
0.08992958
0.08502054
0.09962773
0.09964824
0.09226799
0.08982229
0.09479356
0.09609771
0.09008288
0.08963037
0.09019399
0.09006000
0.11012554
0.09078407
0.09032965
0.10023522
0.08815360
0.08172226
0.08988190
0.08997989
0.08993864
0.07987285
0.08988452
0.09997225
0.09976578
0.08792639
0.10998726
0.08993578
0.09008884
0.08507562
0.09023023
0.09033227
0.08809519
0.09016418
0.09023237
0.09003901
0.08975410
0.08034468
0.10985017
0.09473181
0.09008074
0.09982133
0.08980966
0.08981085
0.09405708
0.08450365
0.09104824
0.08587551
0.08787608
0.09037232
0.09999776
0.09010124
0.08485579
0.08674288
0.08980465
0.08502340
0.09982419
0.09485102
0.09015822
0.09160233
0.09029698
0.09052992
0.08837438
0.09790754
0.09507775
0.09035563
0.08992982
0.08954430
0.08966303
0.09492540
0.09035134
0.08729506
0.08993721
0.08799982
0.09002423
0.09002757
0.08998752
0.08177495
0.09014988
0.08978653
0.09015417
0.09404969
0.08966827
0.08982563
0.10002756
0.09979796
0.10009146
0.09507465
0.10027122
0.08535123
0.08976126
0.10009670
0.09000206
0.09498763
0.11029220
0.09017324
0.10022879
0.08989215
0.09026122
0.09518266
0.09075141
0.10524845
0.08989596
0.08983946
0.07992530
0.08979726
0.10985589
0.11006880
0.09023428
0.10941029
0.09015656
0.08995366
0.10696363
0.09001613
0.09962273
0.09013581
0.08982968
0.08975339
0.08022571
0.08966184
0.08005238
0.08968139
0.10011768
0.09000945
0.09239364
0.09028697
0.08438563
0.08988762
0.10155272
0.08775830
0.11005974
0.09130883
0.08966136
0.08828235
0.09014416
0.08994126
0.08002663
0.08512735
0.08956909
0.11514997
0.09121561
0.09007096
0.08969212
0.08988523
0.09026361
0.09030366
0.08991432
0.08967829
0.08038330
0.10015440
0.08377218
0.09986615
0.09311223
0.08962417
0.08972144
0.08506989
0.10001135
0.10017419
0.09197569
0.10012412
0.08032823
0.09013867
0.08979249
0.10015988
0.09997678
0.09993362
0.09988999
0.09501362
0.09002042
0.09023237
0.08476472
0.08990479
0.09028792
0.09006596
0.09967494
0.08988261
0.09991860
0.12019587
0.09986925
0.09012365
0.08801532
0.08999610
0.08002281
0.09989333
0.10011792
0.08966088
0.09008598
0.10010409
0.09152460
0.09977674
0.09156156
0.11327457
0.08990502
0.09977436
0.09003448
0.10221648
0.10547757
0.09222865
0.09042168
0.10008454
0.08023858
0.09004736
0.08960581
0.10032225
0.08778071
0.09991503
0.08826613
0.09041142
0.08987284
0.09817410
0.09596205
0.08986878
0.08965850
0.08991838
0.10046506
0.08959270
0.09876299
0.08559680
0.08977103
0.09523392
0.10337567
0.09982133
0.09031129
0.08997154
0.09006715
0.08992457
0.11381769
0.09992170
0.08140659
0.08999038
0.09029746
0.09395385
0.10044789
0.08921027
0.09812450
0.09986854
0.09525466
0.10040569
0.08468986
0.08400059
0.09467483
0.11045051
0.07971764
0.09014940
0.08013368
0.10039282
0.08976769
0.09035349
0.09020305
0.09020233
0.08967781
0.10036302
0.09028959
0.08995414
0.09041762
0.09001493
0.08408904
0.08968210
0.09988356
0.09016156
0.11984777
0.09521008
0.08780813
0.10015965
0.09978771
0.09485960
0.08996940
0.08016157
0.09194231
0.12037826
0.09024239
0.09568000
0.09037709
0.09028053
0.08985829
0.08007932
0.09521604
0.09036398
0.08401728
0.10980821
0.08990145
0.09988570
0.08961439
0.09020448
0.09278345
0.08979917
0.08957648
0.09993887
0.07991242
0.08945560
0.08021975
0.10998750
0.09028554
0.08991241
0.08540273
0.12014675
0.08828878
0.08972144
0.09004498
0.07985187
0.08986521
0.09879303
0.09491968
0.07983923
0.09029198
0.09028697
0.09012890
0.10989523
0.08955669
0.10490060
0.07978964
0.08986974
0.10014033
0.09959269
0.08959198
0.09973693
0.09017801
0.11972332
0.08984542
0.11999774
0.09978771
0.10981679
0.08979344
0.09973812
0.08992052
0.08946800
0.09044361
0.09070683
0.09007502
0.09333968
0.10990071
0.07987213
0.09040785
0.09116650
0.08969235
0.10001469
0.09136081
0.09472299
0.11590266
0.08474255
0.09002519
0.08977199
0.09000611
0.08978271
0.08813167
0.09029770
0.08401275
0.09727454
0.11219096
0.08996558
0.09527278
0.11214471
0.09504032
0.10118389
0.10004497
0.07986832
0.09191108
0.09202504
0.08993578
0.08990431
0.08025312
0.10027289
0.09387469
0.10492063
0.10602903
0.09022760
0.08997345
0.08470297
0.09014940
0.09994888
0.09021759
0.09005499
0.08976388
0.09401727
0.09990573
0.10006857
0.09529543
0.08457351
0.08895826
0.10024238
0.10014558
0.10506463
0.08855844
0.08999729
0.08948970
0.10220504
0.10186052
0.08362579
0.08992028
0.10021496
0.08537459
0.08970118
0.08983731
0.09028149
0.09518313
0.10012722
0.08926439
0.09011936
0.09076762
0.09004831
0.09984398
0.08993936
0.08988070
0.10306382
0.09010100
0.08998179
0.09983087
0.08923912
0.09030962
0.09001255
0.10005140
0.09997010
0.10010505
0.08970523
0.09060264
0.09325361
0.08997560
0.09036088
0.09494948
0.10025573
0.09516621
0.08953524
0.08984804
0.09008813
0.08028364
0.08962035
0.08991027
0.10012674
0.09155512
0.07972050
0.09013057
0.08995700
0.08984566
0.10021305
0.09027791
0.09593940
0.09461188
0.08991981
0.10982609
0.09005332
0.09037089
0.09410501
0.08992219
0.09014893
0.08994007
0.07961106
0.09033370
0.08987045
0.09013963
0.08998060
0.08363557
0.09415674
0.09013104
0.08979177
0.08959150
0.09504032
0.08498216
0.08984923
0.10029984
0.09006500
0.08995223
0.10003257
0.09010315
0.09020448
0.10003138
0.08995748
0.11008310
0.09130931
0.09143019
0.08985996
0.09473729
0.09019852
0.08939409
0.08978081
0.09514284
0.08987045
0.09011316
0.09020615
0.08991742
0.09021282
0.08988500
0.10011649
0.09006333
0.09575272
0.09004259
0.08667135
0.09981060
0.08981633
0.09037638
0.09960985
0.08009434
0.09624720
0.09417272
0.09473276
0.11002493
0.08819127
0.08972716
0.10032201
0.07972336
0.09000587
0.08408022
0.08975720
0.10024285
0.08882689
0.08613729
0.09782743
0.09395099
0.10016203
0.08988094
0.09044909
0.08970571
0.09023881
0.08954811
0.10614991
0.08804798
0.08016324
0.09303522
0.09013724
0.08923888
0.09008050
0.08418345
0.09000659
0.08992648
0.09033155
0.09424567
0.09037018
0.09026933
0.09164762
0.08990049
0.08984542
0.09015608
0.09989047
0.09013748
0.08972597
0.09986115
0.07987571
0.09341788
0.10978198
0.11013532
0.08985209
0.08991170
0.09207916
0.08966160
0.09008265
0.08980656
0.09006023
0.07964659
0.08487844
0.08526254
0.09987450
0.09485817
0.09514880
0.08964491
0.09172583
0.08013940
0.10035801
0.08773375
0.09994650
0.09004760
0.10024762
0.09991002
0.09037495
0.11018801
0.08552980
0.09996462
0.09080315
0.10019159
0.08977723
0.09989643
0.08983254
0.10982871
0.09999585
0.08501673
0.09971833
0.09001684
0.09003854
0.09004664
0.09055161
0.08989954
0.10993648
0.09404612
0.09020281
0.09011173
0.09035468
0.08994532
0.08534455
0.08840299
0.09558344
0.08652449
0.09031796
0.10969377
0.09015679
0.08992696
0.08034396
0.09568071
0.10789061
0.08982348
0.08769536
0.08446956
0.09286857
0.08996654
0.08852386
0.09020066
0.08838749
0.10938311
0.08917809
0.08981133
0.10013700
0.09193969
0.09235287
0.10483861
0.09480906
0.09993935
0.10396004
0.08970666
0.09526920
0.07985735
0.10504556
0.11005974
0.08989096
0.08966017
0.10035610
0.08006454
0.08996248
0.08979845
0.08962011
0.09029007
0.08513117
0.08989477
0.09548402
0.08965802
0.08012152
0.10978603
0.11133623
0.08994508
0.10000968
0.11003947
0.09158134
0.09421873
0.10982466
0.10983229
0.09415770
0.09413671
0.11128998
0.09431195
0.09413886
0.09414506
0.07851124
0.09421492
0.09421682
0.07852888
0.09421015
0.09415364
0.09374833
0.09415770
0.09413791
0.09414649
0.09414816
0.09414911
0.07858181
0.09373927
0.10982513
0.08170390
0.09113693
0.09429908
0.09420729
0.09432030
0.09421325
0.07850695
0.09416461
0.09426641
0.09426975
0.07797432
0.09420490
0.07851481
0.09414601
0.08519030
0.10983682
0.09412980
0.09418964
0.09421110
0.07858253
0.10982180
0.09415960
0.09362745
0.10998178
0.09427452
0.07852149
0.07852125
0.10976291
0.09417653
0.09420681
0.07865834
0.09420276
0.10665369
0.07800913
0.09418035
0.10977936
0.10976601
0.07857919
0.09430623
0.09414220
0.07853007
0.09417605
0.08713579
0.09726143
0.09421682
0.09357166
0.07851839
0.10982752
0.09408855
0.09414983
0.09421372
0.09409332
0.09415388
0.09212661
0.09213543
0.09826255
0.09421253
0.09418893
0.09426069
0.09420681
0.09433246
0.09415317
0.10978270
0.09415936
0.09576273
0.10982633
0.07850337
0.09414577
0.09414554
0.10982656
0.07859802
0.09419441
0.11928725
0.10927129
0.09422731
0.09426999
0.09415722
0.09414959
0.10983825
0.10466123
0.09413862
0.10977483
0.07853508
0.09415269
0.07851100
0.11683679
0.09428120
0.09409118
0.10995674
0.09363532
0.09421849
0.09420872
0.09419990
0.09416080
0.09374261
0.08963084
0.10982013
0.12541747
0.09415293
0.09414339
0.09423018
0.09369946
0.09413385
0.10975528
0.10977697
0.09574533
0.11935043
0.09358382
0.12539053
0.10979795
0.15413666
0.20386887
0.25135040
0.29827809
0.29807901
0.31408143
0.31376386
0.29810715
0.29825592
0.31341362
0.29808927
0.31385612
0.29823065
0.29814148
0.32977128
0.31384873
0.29810381
0.29771781
0.30066800
0.32934785
0.31369209
0.29811168
0.32287621
0.29758167
0.31388903
0.29816556
0.32975173
0.29839277
0.31332707
0.29820156
0.32143259
0.31380033
0.29772997
0.29821181
0.30568600
0.32957625
0.31368399
0.30726337
0.31375027
0.29814148
0.31376505
0.29821587
0.31991076
0.29821515
0.31380033
0.31378698
0.29820013
0.31372285
0.31370497
0.31385827
0.30976677
0.29813528
0.32960606
0.29839230
0.29765463
0.31377697
0.29823804
0.29827404
0.31382656
0.31387615
0.29819965
0.30129170
0.31373072
