0.10017514
0.08522677
0.08993006
0.10008144
0.10715866
0.09394908
0.09951925
0.09505725
0.09002900
0.09025526
0.09002233
0.08478022
0.09031320
0.08404565
0.09762263
0.09575438
0.09017134
0.08982325
0.08502722
0.10035896
0.09618258
0.08984876
0.08395791
0.08975267
0.09013343
0.09054327
0.08966565
0.08681679
0.09766507
0.08994627
0.09802461
0.08997393
0.09004307
0.09475279
0.09010863
0.09996581
0.09476757
0.09995270
0.08002281
0.08527255
0.09605479
0.08819985
0.09985566
0.09093189
0.10033178
0.08764148
0.10019898
0.08995056
0.09008765
0.08959270
0.09995317
0.09029984
0.09986186
0.10002875
0.09048033
0.08398676
0.10051036
0.08989263
0.08454657
0.10021305
0.08292460
0.09032559
0.10009718
0.08998156
0.09665036
0.09001613
0.10028815
0.09019375
0.08424878
0.08030009
0.09973192
0.09014297
0.09007096
0.09293985
0.10000157
0.08991337
0.09502864
0.08966255
0.08489251
0.10989213
0.11091876
0.08979177
0.08770871
0.09005570
0.09965181
0.09451747
0.08981657
0.08968568
0.09015393
0.08972287
0.07990313
0.09635830
0.09959698
0.08025622
0.09041643
0.10882163
0.09966707
0.08993840
0.09037423
0.09336019
0.09964061
0.08007121
0.09494042
0.09969378
0.09488082
0.08933043
0.10013795
0.08866596
0.09192276
0.09039950
0.09972692
0.09020114
0.10030627
0.09017611
0.09038162
0.08020544
0.08995366
0.08948040
0.08998132
0.09997606
0.11015558
0.10490847
0.09513402
0.09989071
0.09977436
0.08996344
0.11023235
0.11282086
0.09002256
0.08882809
0.09024715
0.08962011
0.09531522
0.08970642
0.09496760
0.09025645
0.09010291
0.10012698
0.09021711
0.10386491
0.08897495
0.10005188
0.08499479
0.09977841
0.10011101
0.08976769
0.09011245
0.10007977
0.10452080
0.08506894
0.10030222
0.10006237
0.09986925
0.09007740
0.10188484
0.10430217
0.11982822
0.10031700
0.09919739
0.07935309
0.08989120
0.08512187
0.08985353
0.08595037
0.12119937
0.08343077
0.09023142
0.08397722
0.08977842
0.08504033
0.09478450
0.08030772
0.09189558
0.10040355
0.08926439
0.09005380
0.09218884
0.09043789
0.08384037
0.08981514
0.10618472
0.09561110
0.08372831
0.08991027
0.08024931
0.09035492
0.08471727
0.09370995
0.09972620
0.09479809
0.08981967
0.09039855
0.10683393
0.08828020
0.08519220
0.09009242
0.08952785
0.08003426
0.09526730
0.09133935
0.08248568
0.09012008
0.08998704
0.09488416
0.10018468
0.10399079
0.08328247
0.07982826
0.09999490
0.10004616
0.09009385
0.09487605
0.08996940
0.10401297
0.08996820
0.09508061
0.09817982
0.08645511
0.08968449
0.09028459
0.09399915
0.09029531
0.09959388
0.09038997
0.10015225
0.09039235
0.08895016
0.10019565
0.08195686
0.09967446
0.08982944
0.08524609
0.09989381
0.10003829
0.09993911
0.08979034
0.09036231
0.09976149
0.09027171
0.08128500
0.08992720
0.08041430
0.08989954
0.10505915
0.09418726
0.09999108
0.08490038
0.09011149
0.08987021
0.11024308
0.08871174
0.09060001
0.09057307
0.10029149
0.12002349
0.10042191
0.09009027
0.10425568
0.10823941
0.09969425
0.09041929
0.08991289
0.08026171
0.09035325
0.08973455
0.10015702
0.08413410
0.10973835
0.08934712
0.09015036
0.08958173
0.08997703
0.09007001
0.10000563
0.08483052
0.09982252
0.09955692
0.08889174
0.09026432
0.08954024
0.10519147
0.08972383
0.09134674
0.09356594
0.09033918
0.10030127
0.09010458
0.09441352
0.08978033
0.09016132
0.08998513
0.09090114
0.11033392
0.09805298
0.10016966
0.08479095
0.09019041
0.10991502
0.10030031
0.09993601
0.08982730
0.08477879
0.09985185
0.08501267
0.07998037
0.09009600
0.08943677
0.10031414
0.09974289
0.10238671
0.08996677
0.09513330
0.09035468
0.09010005
0.09014344
0.09993434
0.09478259
0.10184336
0.09798050
0.10011268
0.10015035
0.08999825
0.08975005
0.09030342
0.08780980
0.08996797
0.10010409
0.10005116
0.08371806
0.08982015
0.09377313
0.09006882
0.08924842
0.09033513
0.08772445
0.07984924
0.09009814
0.11000109
0.09976959
0.08959937
0.09043241
0.09026718
0.08998799
0.09162021
0.09000254
0.09464931
0.09010029
0.09015799
0.08520985
0.10021210
0.09495497
0.08498001
0.09971476
0.09513903
0.08990431
0.09406614
0.09260058
0.09523702
0.08532405
0.07997727
0.09034204
0.08776689
0.07953811
0.08959031
0.09047604
0.10033488
0.08985853
0.09510899
0.10537958
0.10014582
0.09003901
0.09980011
0.10015488
0.09004998
0.10057044
0.10030723
0.08186913
0.10149169
0.09249330
0.09153628
0.10011172
0.10045075
0.09960890
0.08824015
0.09021449
0.09004784
0.09007049
0.09992933
0.08979321
0.09998012
0.09028316
0.11032295
0.08990526
0.09095120
0.08297563
0.10485101
0.09014344
0.09009862
0.09004068
0.09991050
0.09373808
0.08967590
0.08984804
0.08972001
0.09010649
0.08896780
0.09967732
0.09050751
0.09997773
0.11019993
0.10027194
0.09985709
0.07960963
0.09482908
0.08982205
0.10619950
0.09411645
0.08534265
0.09999347
0.08971381
0.09994411
0.09009624
0.08376598
0.09006953
0.09996271
0.08994842
0.09863472
0.09988451
0.08515525
0.09985232
0.09509277
0.08840537
0.10522628
0.08993340
0.10726309
0.09721923
0.09196067
0.09238362
0.10471082
0.12260509
0.21038580
0.26006150
0.27024460
0.29020643
0.27496123
0.27606130
0.27017212
0.25966024
0.26987648
0.25974226
0.28987360
0.27990675
0.27002549
0.26001406
0.26020932
0.28237391
0.28158832
0.27039528
0.25983763
0.25993156
0.26234627
0.25473475
0.25953865
0.26524043
0.26902199
0.26939464
0.26013589
0.26995707
0.26486945
0.27106524
0.26266527
0.26994109
0.27002311
0.26624632
0.27482772
0.26495099
0.26975322
0.26702142
0.26471400
0.27072287
0.26014829
0.26642776
0.25997043
0.26953936
0.27001357
0.26963949
0.26586580
0.26978064
0.26500440
0.26114011
0.26603341
0.26792216
0.26606083
0.27142191
0.27043438
0.27351499
0.26501846
0.25999999
0.27984095
0.26996660
0.27005482
0.26001978
0.26997256
0.26999664
0.26027322
0.28528714
0.26417303
0.24973679
0.25209665
0.27002239
0.26528192
0.26009178
0.25980520
0.26002336
0.26032877
0.27010751
0.26020789
0.26979828
0.27195334
0.25997829
0.27990818
0.26200461
0.25983071
0.28746557
0.32021379
0.28089190
0.26984620
0.25998306
0.27003026
0.26996756
0.26015949
0.27503896
0.28003359
0.27978945
0.27997565
0.26452398
0.26969051
0.27531147
0.27004433
0.27973008
0.29475188
0.30954981
0.27700758
0.27995038
0.27499890
0.27033925
0.28037286
0.27990699
0.27042031
0.28951859
0.27858829
0.27970076
0.26033306
0.28290725
0.26999831
0.27507329
0.26914454
0.26975012
0.28993583
0.27001476
0.27482605
0.28033352
0.25043178
0.28005528
0.25498295
0.26594877
0.26027250
0.25980592
0.29483008
0.29886746
0.26991343
0.28408432
0.26181865
0.26409721
0.26011777
0.26961946
0.26537275
0.26600409
0.26947737
0.25998974
0.25430179
0.28018260
0.26422596
0.26993084
0.25998569
0.26193714
0.26997590
0.27045298
0.29050255
0.25967956
0.26999688
0.26975298
0.27000046
0.26045942
0.30016851
0.26032686
0.27002215
0.27012539
0.27115011
0.26821232
0.26983929
0.26482177
0.25498557
0.27045989
0.27012134
0.27151346
0.26975536
0.26592922
0.27045059
0.27327847
0.27007437
0.27425981
0.28460884
0.27803826
0.27028513
0.27016139
0.29589796
0.26972771
0.27006888
0.25991321
0.26524305
0.25986624
0.27016687
0.26833677
0.27389145
0.27018929
0.25970721
0.25973988
0.26503277
0.25891590
0.25961947
0.25971889
0.25978684
0.26015282
0.26001048
0.28101325
0.26446915
0.26960325
0.25994396
0.27515912
0.28471160
0.26759744
0.26995301
0.26681447
0.26946449
0.28001261
0.26975727
0.27011418
0.26950645
0.27911448
0.25994515
0.25992060
0.28200436
0.26162481
0.26495266
0.24964023
0.25980163
0.25987506
0.27376604
0.27016830
0.25608015
0.26028705
0.26126742
0.27500939
0.26027179
0.26013017
0.26991129
0.26511097
0.28002858
0.27089119
0.30988646
0.27986956
0.27577567
0.29204559
0.29510260
0.26603699
0.26397824
0.26022935
0.26045823
0.26959062
0.27017736
0.26298809
0.27012253
0.26171303
0.27402258
0.26806784
0.26978469
0.25980639
0.25966239
0.26024437
0.27991152
0.27420259
0.26592016
0.26177025
0.25995922
0.26998281
0.27005959
0.27002358
0.25502419
0.25967860
0.28970742
0.25993609
0.26015306
0.27442265
0.27513123
0.26955104
0.26006103
0.27044559
0.26012206
0.25963163
0.26209855
0.26235342
0.26158047
0.26976633
0.26004601
0.28035164
0.26856041
0.28025723
0.27034664
0.28028011
0.26027036
0.24943542
0.24991965
0.26022243
0.26470971
0.26983905
0.26032495
0.26150250
0.27143240
0.25594473
0.25985098
0.26486278
0.26531672
0.26112986
0.26345897
0.26996946
0.26000619
0.26028967
0.26008391
0.26979637
0.25792027
0.25986576
0.26990771
0.27014017
0.25414205
0.26981163
0.27506137
0.26558256
0.26038289
0.27039742
0.25019193
0.27018046
0.28213191
0.27194762
0.26948667
0.26986980
0.26028275
0.25971603
0.28897071
0.26890063
0.25024462
0.26228666
0.26197553
0.25024772
0.27062440
0.27034760
0.26628780
0.24541497
0.25956941
0.25984597
0.26429558
0.25488043
0.27624202
0.26984406
0.27408218
0.25023103
0.25175357
0.25222135
0.28972650
0.25523782
0.24999881
0.27409720
0.26115704
0.24993896
0.25995660
0.25000763
0.26495051
0.26009130
0.24967599
0.26025820
0.26015186
0.26009989
0.26045203
0.25160551
0.27025867
0.26036835
0.26908183
0.25191641
0.25998855
0.27220893
0.25007391
0.25991011
0.27021623
0.26025963
0.24496198
0.25001860
0.26040697
0.24988031
0.25993323
0.23983121
0.24959636
0.24957395
0.25435925
0.24996948
0.25012279
0.24728990
0.25993466
0.25565314
0.25061297
0.24958682
0.24017859
0.24434876
0.27124548
0.24983597
0.24411535
0.24971294
0.26496291
0.25045323
0.26005197
0.27029753
0.26034093
0.27983546
0.25035596
0.26052308
0.25387049
0.25015831
0.25467420
0.29032159
0.25979948
0.25994396
0.27991295
0.26022124
0.25403142
0.26025033
0.26016212
0.24974680
0.26178026
0.24506068
0.24971676
0.26008773
0.25412440
0.25999165
0.27020431
0.25006604
0.24467707
0.26140618
0.25495434
0.26161432
0.25004530
0.24966311
0.26011109
0.26497626
0.25992680
0.26695013
0.26001740
0.25991440
0.25986886
0.24974942
0.25965548
0.25015330
0.24996853
0.24990392
0.25006366
0.25512338
0.26951551
0.25017166
0.26001930
0.25966668
0.27695441
0.26767230
0.27003288
0.24981499
0.26314235
0.26992750
0.26869702
0.25254798
0.25489402
0.26959300
0.27003789
0.27005839
0.25020242
0.25480604
0.26001000
0.26956248
0.25823450
0.25424647
0.25987935
0.26003242
0.27520895
0.25385118
0.26275873
0.26895452
0.24497437
0.26156664
0.25524974
0.25043464
0.26247191
0.27418351
0.26679254
0.26169753
0.26001525
0.26021028
0.26330709
0.26436424
0.27004910
0.26369762
0.26193404
0.26215529
0.25046349
0.26021409
0.25436354
0.26498699
0.27992344
0.28001213
0.25963783
0.27658868
0.26597857
0.27963972
0.25994062
0.25498152
0.25998402
0.26016521
0.27003407
0.26487422
0.25962925
0.26982951
0.25948882
0.26992273
0.26390314
0.26012993
0.27014589
0.26987648
0.27009869
0.27026629
0.24391365
0.26030850
0.27065754
0.26004481
0.26010275
0.27020216
0.26484108
0.26419449
0.26818705
0.26580524
0.27027678
0.27003694
0.26493430
0.26544857
0.26008487
0.27183628
0.27967191
0.25979161
0.25414467
0.26990008
0.26963782
0.26424336
0.26014805
0.26030731
0.25496268
0.25963092
0.26009369
0.26007271
0.26967549
0.25991845
0.26465225
0.27033257
0.27016234
0.25993896
0.26970434
0.26817822
0.25638700
0.26025319
0.26012897
0.26000500
0.25988293
0.25008011
0.27018309
0.26036572
0.27615023
0.25030756
0.25034046
0.25878143
0.27252793
0.25988579
0.26482177
0.25225520
0.25987363
0.26404071
0.28012395
0.27418375
