5.93799996
0.13499570
0.09200048
0.09100246
0.08999586
0.09499907
0.10801125
0.10300016
0.09705424
0.08899450
0.09600067
0.09699607
0.09200096
0.12200022
0.09299922
0.09200358
0.09299970
0.08905530
0.09299970
0.09100127
0.09799933
0.08900332
0.10799575
0.08999991
0.09499645
0.09699559
0.09005809
0.08899927
0.09000039
0.08999610
0.09499598
0.10199881
0.08799601
0.11099553
0.09600377
0.09100080
0.10200024
0.08899474
0.08999944
0.09300065
0.08799934
0.09599876
0.08999991
0.08899951
0.08999634
0.08900356
0.08800006
0.09300041
0.09100389
0.09900093
0.09900022
0.09499979
0.09500527
0.10099649
0.09400392
0.09799600
0.09099984
0.09600067
0.09199977
0.08898950
0.09299898
0.08999610
0.09299994
0.09000182
0.09900331
0.08999538
0.10499978
0.09200406
0.09900022
0.08999872
0.09099936
0.09099650
0.10700011
0.10100007
0.09299994
0.09299755
0.09899521
0.08999968
0.10800409
0.09099698
0.09200001
0.09200001
0.09099960
0.09599996
0.09499955
0.10800147
0.10199881
0.10699654
0.11499953
0.09399939
0.09099674
0.08999634
0.09099603
0.08999538
0.10799932
0.08999968
0.08999658
0.09999895
0.09899998
0.09000039
0.09706497
0.09300327
0.08900023
0.11199570
0.09200048
0.09400392
0.09199595
0.09200382
0.09299922
0.10099649
0.10900044
0.09900022
0.09800434
0.08999896
0.08900380
0.09300017
0.09199667
0.08999991
0.09600091
0.10299969
0.09100080
0.09599614
0.09899950
0.08999991
0.08999968
0.09300303
0.08899641
0.09799957
0.09200072
0.10499763
0.09006000
0.08899498
0.09599566
0.09199905
0.09000397
0.09299588
0.09500408
0.09599614
0.09499621
0.10499644
0.08900285
0.09699750
0.09900022
0.09699631
0.08999634
0.08900332
0.08900023
0.10900092
0.08999777
0.09000015
0.09599948
0.09199929
0.08892512
0.09299970
0.09299588
0.08899951
0.09800458
0.09299946
0.09500289
0.09800053
0.09299636
0.09200406
0.08900428
0.10499525
0.08900189
0.09599566
0.09699917
0.09400296
0.09006238
0.08999896
0.08999920
0.09600067
0.09900022
0.09999943
0.10099936
0.09100389
0.09999561
0.09199953
0.08899975
0.09000015
0.09000397
0.09999943
0.08899665
0.09000039
0.08999920
0.08799982
0.08899903
0.08899856
0.10599923
0.08899999
0.09400129
0.09600186
0.09300065
0.09999967
0.09199953
0.09599948
0.08899927
0.08899999
0.09699988
0.12199354
0.09300113
0.09900498
0.10399985
0.11199927
0.09600329
0.09000230
0.08900261
0.08999586
0.09099960
0.09000039
0.10199642
0.09099984
0.08900428
0.09000063
0.09900069
0.10300040
0.09299564
0.09199953
0.09100056
0.09000039
0.09100389
0.09399509
0.09899926
0.09600401
0.09000301
0.10800099
0.09499979
0.09000349
0.09799671
0.08900023
0.09599566
0.08900046
0.09999657
0.09199977
0.09700370
0.09099555
0.09299922
0.09000349
0.08999991
0.08800149
0.10099959
0.09400082
0.08999944
0.09799862
0.09199834
0.08799958
0.09499907
0.09000397
0.09300017
0.09100628
0.09500003
0.09300017
0.09399986
0.09599996
0.09300113
0.09899545
0.09300089
0.08899975
0.09500003
0.08800030
0.08800077
0.10399866
0.09200191
0.10100031
0.10699654
0.10199976
0.09299731
0.08899975
0.10599494
0.09800482
0.12500095
0.09199643
0.09900045
0.09399605
0.08799505
0.09299994
0.09400034
0.09999442
0.09699941
0.08900070
0.09400105
0.09800363
0.09599996
0.09000182
0.08899975
0.09999633
0.08900094
0.08999610
0.09999537
0.08900309
0.09099984
0.09299994
0.10200024
0.09099627
0.09200001
0.08900094
0.08899951
0.08900046
0.08900523
0.09299612
0.10500073
0.09200335
0.09599686
0.09699941
0.08800364
0.09400392
0.08899617
0.08900070
0.08900023
0.08900023
0.09000039
0.09200048
0.09200454
0.08800030
0.09199619
0.09200382
0.09599972
0.09199643
0.11000395
0.10199928
0.08800435
0.09799957
0.09600019
0.11406636
0.08899832
0.10599446
0.08799911
0.09499979
0.09599972
0.08800101
0.09099674
0.08899975
0.08899856
0.09200048
0.08900046
0.08800006
0.08899999
0.08899879
0.09000039
0.10899544
0.08900046
0.10599613
0.08799577
0.09099984
0.10800028
0.09000039
0.08800554
0.08999491
0.09499955
0.10000324
0.08899999
0.08999658
0.09399891
0.08799648
0.08899593
0.09299994
0.09100008
0.10400343
0.08999968
0.08899665
0.11455154
0.10799932
0.09200430
0.09499598
0.09299970
0.10399604
0.09899950
0.10099959
0.09100056
0.09000349
0.10599947
0.08900380
0.10499954
0.10100341
0.10700369
0.09100008
0.08999991
0.11199927
0.09500027
0.09199953
0.09099960
0.09300113
0.10999990
0.09399939
0.09200144
0.10899925
0.09700036
0.09400034
0.10699630
0.09500098
0.09400368
0.09600043
0.10700107
0.09600425
0.10899997
0.09500241
0.10899639
0.09399891
0.08999491
0.09299970
0.09100008
0.09600329
0.08899546
0.09099936
0.09899926
0.09399915
0.08999586
0.08999968
0.09600329
0.08999586
0.08999968
0.09299493
0.11500311
0.08900046
0.08900332
0.09900260
0.10099983
0.09300447
0.09500027
0.08899999
0.09099579
0.09000039
0.10599899
0.09500360
0.09300089
0.08900380
0.09000015
0.10899639
0.13000369
0.09199643
0.09000468
0.09399939
0.09599638
0.09399438
0.09700394
0.08999848
0.13399649
0.11300206
0.09899664
0.08899570
0.09699965
0.09599614
0.08999920
0.09599638
0.09000111
0.09199953
0.09099984
0.08899856
0.21203876
0.09199977
0.09999681
0.09400010
0.09099936
0.11600018
0.08899975
0.08900023
0.09100342
0.09299970
0.09700012
0.09999609
0.24200559
0.08900452
0.10399795
0.09000039
0.09000468
0.09600091
0.08899975
0.08899951
0.09000230
0.09799957
0.10199976
0.10100389
0.08800340
0.08800316
0.09200001
0.08800149
0.08899975
0.08800411
0.08800340
0.09599662
0.08899999
0.08799982
0.11600089
0.08899951
0.08899951
0.09299660
0.10000014
0.08900142
0.08799958
0.08899593
0.09199619
0.09200025
0.09100294
0.08999968
0.09000349
0.09699631
0.09099889
0.08999586
0.09000134
0.09500027
0.08800006
0.08900428
0.09000349
0.09299707
0.09405661
0.09499669
0.09400392
0.09299946
0.09200048
0.09200406
0.08799958
0.08800340
0.08900070
0.10600233
0.08899999
0.09299994
0.09099984
0.08999968
0.09400344
0.09899592
0.09200001
0.09100389
0.16099715
0.09599900
0.08999991
0.08899641
0.08999968
0.08799982
0.08900023
0.08899593
0.09799695
0.08799934
0.09300256
0.08899999
0.08899927
0.09499955
0.09899664
0.09000540
0.09000015
0.09799910
0.08999634
0.09799576
0.09299970
0.09800196
0.08800030
0.08900404
0.09100032
0.09600019
0.08999944
0.08800006
0.09199548
0.09532213
0.08999157
0.09183383
0.08492851
0.08987951
0.08994150
0.08991766
0.08488679
0.09393907
0.08989739
0.08498287
0.09956908
0.08528209
0.09006524
0.09478951
0.10823965
0.08005714
0.09035277
0.08979034
0.09003830
0.08994675
0.08482337
0.08965135
0.08997726
0.10016322
0.10002446
0.09984922
0.09010720
0.08985233
0.08479071
0.09389424
0.09006310
0.09965587
0.09011555
0.09005928
0.10017610
0.12002802
0.08923984
0.09011197
0.08899999
0.08984733
0.09001279
0.09026194
0.08993864
0.08536839
0.08999634
0.09993196
0.09032416
0.08974528
0.09517741
0.08394623
0.09021544
0.08994794
0.09979343
0.08518839
0.10955310
0.10033226
0.08966446
0.09014440
0.09998512
0.08999681
0.08975029
0.07999086
0.09005308
0.09013867
0.11006331
0.08191109
0.09000802
0.09964538
0.10000491
0.08995700
0.10010695
0.09985971
0.10024810
0.09850931
0.09981108
0.08964896
0.10999560
0.09018016
0.09006262
0.10419989
0.09008694
0.11008525
0.25994849
0.09404850
0.08977008
0.08995962
0.08996606
0.09026742
0.08380461
0.10002375
0.08999467
0.10478806
0.09993458
0.09021258
0.09977031
0.09002376
0.09509158
0.08981037
0.08974552
0.09461451
0.08104181
0.09034538
0.08381820
0.08960247
0.09005475
0.09418511
0.09020972
0.09541655
0.08508825
0.09165978
0.09015679
0.09514332
0.09998918
0.09999824
0.08985209
0.09039974
0.09981656
0.09252071
0.08626056
0.08797765
0.08984923
0.09016514
0.08991551
0.08964777
0.08997107
0.09007955
0.09613776
0.09048939
0.09005046
0.08992648
0.09420872
0.08996725
0.08969760
0.09013271
0.08949232
0.08019900
0.09005070
0.08975148
0.10012197
0.08966208
0.09146833
0.09027052
0.08990121
0.09493136
0.10493994
0.09491658
0.09057832
0.08507085
0.09534216
0.09978509
0.08979225
0.10986328
0.09990454
0.09361959
0.09996223
0.08491421
0.10978532
0.10070753
0.09487820
0.08527160
0.09002662
0.09425688
0.10028338
0.08999705
0.09409428
0.08502030
0.08984208
0.08981156
0.09543800
0.10000181
0.08983159
0.09511781
0.08959842
0.09589744
0.09858608
0.08586073
0.10001493
0.09002733
0.08965826
0.08975506
0.09998775
0.09021950
0.09482288
0.09987259
0.07972717
0.09096289
0.09028816
0.10260463
0.09009886
0.09962630
0.09036088
0.08716297
0.09024620
0.09046054
0.09009409
0.10983419
0.09024477
0.10010910
0.09997153
0.08498454
0.08968115
0.10020447
0.09978366
0.09473419
0.09978890
0.10025668
0.09967756
0.08987427
0.09161139
0.09244776
0.08987355
0.08009911
0.09017324
0.09005928
0.11003876
0.09996200
0.09004211
0.09010863
0.09022498
0.08900928
0.09995461
0.09994626
0.08490086
0.08997035
0.09424543
0.09473395
0.09211779
0.10007882
0.10020256
0.10004330
0.08529258
0.08985281
0.08986497
0.09022188
0.10005212
0.08979583
0.10446215
0.08451653
0.09179115
0.10515475
0.10991192
0.08998704
0.09376860
0.09480119
0.09018850
0.09545541
0.08403230
0.08005881
0.10012817
0.09012461
0.08041120
0.09020305
0.08467364
0.09024286
0.09999275
0.08525848
0.09016299
0.08479047
0.09505701
0.09407449
0.09985352
0.08996344
0.08398652
0.07899499
0.08869791
0.08430600
0.09563756
0.09496331
0.09784436
0.09422064
0.08986020
0.09009838
0.09018159
0.08404303
0.08485746
0.09007239
0.12000775
0.08713436
0.09762883
0.10174394
0.09008765
0.09477901
0.09002447
0.09047222
0.16987038
0.08481669
0.08992195
0.08989501
0.08481431
0.08992100
0.09980726
0.08409595
0.08984780
0.08967638
0.11015391
0.07999587
0.09577918
0.08966208
0.08470869
0.08981872
0.07997966
0.10021186
0.09001780
0.09023142
0.09039450
0.08963251
0.08509660
0.09483576
0.08990908
0.08984804
0.07962012
0.09497094
0.09168911
0.11013699
0.10494924
0.08990312
0.09000540
0.08484721
0.17476010
0.09001994
0.08512807
0.09977698
0.09020925
0.09015203
0.10779953
0.08986950
0.08005595
0.10511208
0.08040023
0.09010458
0.08438706
0.08993554
0.09991074
0.09013319
0.08489513
0.08987856
0.10026121
0.09013844
0.10002756
0.10055494
0.08371878
0.08995080
0.09989214
0.08978248
0.08506680
0.11016393
0.09009027
0.09273767
0.09006429
0.10506845
0.10009170
0.10036564
0.09999490
0.10875225
0.09985805
0.08978486
0.10986781
0.09996080
0.08998179
0.09997034
0.08786130
0.08999062
0.09019899
0.08368540
0.09962368
0.10037351
0.11038232
0.10508442
0.12036872
0.10025597
0.09965754
0.09984422
0.10996652
0.09970260
0.10021687
0.10511184
0.09989095
0.08974528
0.07994390
0.08987999
0.08995461
0.09003186
0.10984778
0.10037374
0.09202528
0.08199310
0.09043026
0.08831954
0.08633733
0.09028530
0.08787227
0.10986686
0.10255837
0.09198833
0.08977795
0.08998442
0.08504272
0.08982491
0.10013390
0.08504009
0.08824396
0.10498548
0.09964156
0.10199618
0.08400559
0.09031653
0.09477234
0.09011602
0.09730172
0.09035850
0.08996701
0.09481764
0.10519934
0.08977270
0.09354353
0.08842134
0.09843302
0.08759165
0.08496881
0.11821866
0.08411193
0.10002446
0.08508682
0.09601688
0.09526134
0.16372967
0.24162126
0.10193086
0.08818483
0.08998251
0.09436965
0.07999539
0.09027386
0.09013104
0.09005117
0.08965921
0.09008765
0.08948207
0.09028244
0.08377695
0.08001518
0.10522270
0.09749532
0.09982753
0.10755992
0.09239173
0.09867477
0.09218097
