0.09667802
0.09667444
0.08770704
0.08770347
0.08870697
0.09966683
0.08870673
0.08870435
0.08870292
0.08770871
0.08870339
0.08869982
0.08871365
0.09069633
0.10265708
0.08858776
0.08772111
0.09220910
0.08671641
0.09469032
0.09368801
0.08870697
0.08870316
0.08970094
0.09468246
0.08870339
0.10564709
0.08970046
0.08942223
0.08871722
0.08970690
0.08870292
0.08870292
0.08723617
0.08921909
0.08771396
0.08870220
0.09169698
0.09867072
0.09269166
0.08969998
0.08771062
0.08770370
0.08870840
0.09967065
0.08770633
0.08771062
0.08922458
0.08770704
0.08971238
0.08833122
0.09524989
0.08969951
0.08870316
0.09668159
0.09319329
0.09829140
0.08970237
0.08872366
0.10687685
0.09120202
0.08921385
0.09021735
0.09967065
0.09069514
0.09069633
0.08870673
0.08870196
0.08970070
0.08869982
0.08765888
0.08870864
0.08870769
0.08870316
0.08836484
0.08870459
0.09667873
0.08870339
0.08920741
0.08822870
0.08822536
0.08670712
0.08770633
0.08870101
0.08870268
0.08975196
0.09169674
0.08770299
0.10265660
0.10764003
0.08970022
0.08969998
0.09468389
0.08770633
0.08936882
0.08870649
0.08732414
0.08870411
0.08970451
0.08770633
0.08870649
0.09766984
0.08770609
0.08870482
0.08770418
0.08571339
0.09069824
0.08969450
0.08870482
0.08969927
0.09069538
0.09221148
0.08571482
0.08970952
0.09667325
0.08922887
0.08934593
0.09071064
0.08642149
0.08822966
0.08822298
0.08970547
0.08969975
0.10065961
0.08870316
0.08969545
0.10365343
0.10464931
0.09169173
0.09767890
0.08970380
0.08870363
0.08870840
0.09420443
0.08870101
0.08969879
0.08776307
0.08770585
0.09069777
0.09667873
0.08920956
0.09120274
0.08772159
0.09221292
0.09519148
0.08921313
0.08822250
0.08870459
0.09568024
0.08870745
0.09368253
0.10265350
0.08969808
0.08970046
0.08870769
0.08770967
0.08772159
0.08870673
0.08770537
0.08727503
0.09025812
0.08970356
0.08721399
0.09069729
0.09766912
0.08869982
0.08870625
0.08770680
0.08969975
0.09568000
0.09269381
0.08870292
0.09169698
0.08969998
0.08871770
0.08871865
0.10066342
0.08871198
0.09070396
0.08715749
0.09567595
0.08969951
0.09368706
0.09268975
0.09567833
0.09368753
0.09368706
0.09867001
0.11262417
0.10465026
0.10863590
0.11661839
0.14451671
0.15848279
0.18812442
0.22348833
0.25714064
0.27402067
0.29003072
0.30502391
0.30684757
0.30597806
0.31295347
0.29302144
0.30349350
0.29346991
0.29403591
0.30498099
0.30896735
0.30996323
0.32588100
0.30598831
0.31295371
0.29999638
0.29800391
0.29006076
0.29649687
0.28955555
0.29102254
0.28505063
0.29600739
0.29104352
0.30018449
0.30897212
0.34783649
0.35082626
0.29955101
0.29422140
0.33388448
0.29102659
0.29302311
0.28855848
0.29701042
0.29999733
0.28754807
0.28405190
0.28903341
0.28969789
0.29024434
0.28863287
0.28859019
0.29102731
0.26810360
0.28207898
0.29762578
0.28498650
0.29800248
0.28504682
0.27707458
0.28409719
0.29156494
0.29502177
0.29103088
0.29103255
0.29651833
0.29223037
0.29403186
0.29354262
0.29202318
0.29999924
0.29030275
0.29303145
0.28309703
0.28903055
0.28106403
0.28803730
0.30399275
0.29560876
0.30498719
0.29401493
0.29402137
0.29203820
0.30392218
0.29020596
0.28803325
0.28006363
0.29899836
0.29099727
0.28358269
0.27710700
0.27408719
0.29401231
0.29202318
0.29107213
0.29303455
0.29455018
0.29003358
0.29009581
0.28106046
0.29601812
0.29953957
0.29528046
0.29501390
0.29800344
0.28404999
0.28615665
0.28357720
0.28156710
0.28105664
0.27308369
0.27209568
0.27609611
0.27869105
0.27310610
0.27508497
0.27607369
0.27957463
0.27758193
0.27510500
0.27523613
0.27862358
0.28856349
0.28504705
0.28604722
0.29102063
0.28461671
0.29914403
0.29401374
0.29301977
0.29103088
0.29801011
0.30897880
0.29102302
0.29202390
0.28703928
0.29202437
0.28260875
0.29602695
0.29375315
0.29851174
0.29408979
0.28704381
0.28904796
0.29253602
0.29056907
0.29003263
0.30098557
0.29501724
0.30200481
0.31164122
0.30301619
0.28902936
0.29302073
0.30398655
0.30399776
0.30799651
0.29800677
0.30098915
0.29601431
0.29402089
0.31626892
0.28455806
0.28106260
0.28603888
0.30298567
0.29021287
0.31595445
0.29893184
0.30697322
0.28804111
0.28405333
0.28211212
0.30950260
0.28156853
0.28803658
0.29800415
0.29800391
0.29602432
0.29601455
0.29700756
0.31694126
0.29401302
0.29800200
0.28309512
0.25018096
0.25917459
0.25366306
0.24218559
0.22823548
0.21926594
0.21528339
0.22126341
0.21293163
0.20231533
0.20232296
0.19734430
0.18239045
0.19734168
0.19329667
0.18638635
0.19532251
0.19763613
0.18573165
0.18740940
0.19036627
0.20032597
0.19035840
0.19833732
0.19336414
0.18938041
0.18600702
0.19188285
0.20035887
0.20431638
0.21229362
0.20829988
0.19634771
0.19685102
0.21131945
0.24121857
0.20383096
0.19528317
0.19335222
0.19634247
0.19434929
0.19235682
0.19136095
0.18638492
0.18782687
0.19787216
0.19217277
0.20432115
0.20033073
0.20232153
0.21328831
0.21030021
0.22724771
0.23217845
0.22625422
0.24119401
0.24625349
0.24817538
0.24270082
0.24281764
0.24218988
0.24580956
0.25216055
0.24119377
0.26511145
0.23621011
0.22973680
0.23721838
0.24171758
0.23321652
0.25414991
0.26810694
0.27308607
0.25867414
0.26668429
0.27509117
0.27909303
0.28604841
0.29102731
0.29003096
0.27708411
0.27012253
0.26824307
0.25314975
0.27403831
0.28305125
0.27709556
0.27093768
0.30320954
0.29500985
0.28505039
0.28205848
0.27759528
0.26811528
0.26966667
0.28504419
0.28703761
0.30298710
0.30101895
0.30374742
0.27961755
0.29355788
0.28604388
0.28703666
0.29800773
0.29604650
0.29303145
0.27710557
0.29755592
0.29999709
0.29800344
0.28006434
0.28306723
0.30052805
0.28708124
0.29208493
0.27608061
0.27607608
0.25815153
0.25713682
0.25168228
0.26012993
0.28106070
0.29202271
0.32092690
0.30198860
0.29402018
0.29401422
0.29620743
0.29152012
0.29601192
0.29453135
0.29401851
0.29794097
0.29102659
0.32490969
0.30138159
0.29601121
0.29501367
0.30498028
0.30524516
0.29699922
0.31033063
0.30099750
0.32186294
0.30798006
0.30576897
0.31209683
0.31195617
0.30497646
0.31096101
0.30300736
0.33090496
0.30697799
0.30896688
0.29907465
0.30025220
0.29801440
0.30549383
0.30298996
0.30099416
0.30051780
0.30497694
0.33287764
0.29952192
0.30996490
0.32989645
0.32193756
0.32930303
0.32293129
0.34384990
0.31494856
0.30702949
0.30872560
0.30299091
0.30000067
0.30198693
0.30551386
0.30381656
0.30445576
0.31102633
0.30996323
0.30249786
0.32844090
0.30399370
0.31047845
0.31445551
0.30398417
0.30897141
0.31066728
0.30672288
0.30549788
0.30996275
0.30398130
0.30849266
0.30949092
0.32342315
0.30299067
0.30298972
0.30298376
0.30399013
0.30051517
0.30298305
0.29800105
0.30896664
0.30000782
0.30154777
0.29502654
0.31594157
0.30099320
0.29999590
0.30158281
0.31793261
0.29900098
0.29999542
0.29501033
0.30269217
0.29156828
0.29663801
0.29755783
0.29999256
0.29401779
0.30099916
0.29058146
0.31649303
0.31440878
0.28304863
0.28803802
0.28706360
0.29283333
0.28605294
0.32680774
0.29293871
0.28305054
0.27608156
0.27808356
0.28113604
0.30666780
0.28704977
0.29301667
0.28505039
0.27709627
0.29064775
0.28405428
0.28405046
0.29102325
0.30241418
0.29440117
0.29304528
0.29498625
0.30995941
0.29501510
0.30199003
0.30699182
0.30597019
0.31050920
0.29054260
0.28006721
0.28106451
0.26511335
0.24420118
0.25367975
0.26015544
0.23824477
0.23421288
0.25514579
0.25719738
0.28955364
0.27109742
0.26402664
0.23521423
0.25720167
0.26910377
0.27065539
0.27211404
0.27510595
0.28205800
0.27707100
0.29401684
0.29304743
0.32344079
0.28943157
0.28903699
0.29202747
0.29301667
0.23023129
0.25514674
0.27560377
0.28819561
0.28106356
0.27612710
0.28205180
0.29504800
0.29767203
0.30000138
0.28804088
0.30398750
0.31195211
0.31296468
0.31259823
0.30402803
0.30696797
0.30099869
0.30350590
0.30100465
0.30498075
0.30319595
0.30199528
0.30198646
0.31494737
0.30138302
0.31098127
0.30099463
0.31893516
0.30398703
0.30233312
0.30474210
0.33341885
0.31495094
0.30298400
0.29999280
0.30496025
0.30729318
0.30104542
0.30198574
0.31096077
0.32790351
0.30001140
0.30200148
0.29999733
0.31195784
0.30000257
0.30073118
0.29960775
0.30534959
0.30099630
0.31494284
0.32092929
0.31296730
0.30419278
0.30315375
0.30697441
0.30896664
0.30251288
0.30204320
0.30053711
0.30401468
0.30099320
0.29900217
0.30099416
0.31164885
0.30198932
0.30199075
0.29800749
0.30597329
0.31482553
0.30426240
0.30298662
0.36577725
0.32093096
0.30416751
0.31564116
0.30051899
0.29800344
0.29900169
0.29851341
0.30915236
0.30249453
0.30298710
0.29900122
0.30996346
0.30901241
0.30199409
0.30417538
0.30298710
0.31195307
0.31295371
0.33230710
0.30339551
0.29900074
0.34185767
0.30597639
0.29702854
0.29963946
0.31098795
0.31081414
0.30199003
0.29899907
0.30348635
0.30405784
0.31459546
0.30449843
0.30497885
0.30298448
0.30199695
0.31048799
0.30362058
0.30055928
0.30003548
0.33288288
0.30598044
0.30299091
0.30200624
0.31745601
0.30996823
0.30099320
0.31196165
0.31662440
0.30199504
0.30534959
0.30041838
0.30996013
0.30398893
0.30199075
0.30100441
0.30202794
0.30398774
0.29999590
0.30098963
0.30399251
0.30597878
0.29905081
0.30199456
0.29102635
0.31303120
0.29853392
0.27958155
0.27758169
0.28604436
0.29102659
0.29804564
0.30997467
0.30450082
0.31095982
0.30897045
0.30498028
0.28608251
0.28903008
0.28486013
0.28108859
0.29401684
0.30199337
0.27507734
0.27663136
0.27208066
0.27661204
0.28905058
0.27906466
0.27308273
0.28211594
0.28512836
0.27708983
0.27451992
0.28405380
0.29003072
0.29999661
0.28205490
0.27959800
0.27958584
0.27906466
0.28006458
0.28158259
0.27855682
0.28062010
0.27744627
0.29257631
0.27857137
0.27607274
0.26411748
0.28457689
0.28007364
0.27359605
0.27359343
0.26411653
0.26411533
0.26312065
0.29507828
0.27409172
0.26364279
0.27408338
0.25913429
0.25267792
0.25911522
0.25976014
0.24718928
0.26715183
0.27807546
0.25415087
0.25714016
0.25704265
0.26611662
0.26415396
0.25912929
0.26312208
0.26810551
0.28007078
0.25966692
0.26113486
0.27559209
0.26511145
0.26312041
0.26910400
0.25414658
0.25756383
0.26912427
0.26610661
0.27607656
0.27108765
0.28504205
0.26961350
0.27351832
0.28457069
0.26710629
0.28604412
0.28392696
0.27410674
0.27632165
0.28803802
0.29302001
0.28604388
0.29102683
0.27011180
0.26763272
0.27460194
0.28105998
0.27109790
0.27160740
0.29389763
0.29561090
0.30350780
0.30398011
0.27807474
0.27906203
0.28388715
0.30100298
0.29700685
0.28704405
0.29202390
0.28805709
0.30737042
0.28903866
0.29103160
0.28656197
0.28885531
0.28420377
0.28803396
0.29302335
0.28903365
0.27308798
0.28107619
0.28505826
0.29401731
0.26611447
0.26312423
0.29900122
0.32761788
0.29313135
0.27906847
0.27806973
0.28804207
0.27462959
0.28095937
0.28007460
0.28056550
0.28405380
0.29899812
0.30000830
0.28903604
0.28006506
0.27707171
0.27906823
0.28954768
0.29304147
0.29551864
0.27458811
0.28106022
0.29600573
0.27907228
0.28307676
0.28755403
0.28699136
0.28006363
0.28112435
0.27309442
0.28404570
0.29069424
0.29501176
0.29700279
0.30398774
0.30200243
0.29900169
0.29356790
0.29851961
0.30298924
0.29700422
0.29758525
0.29602385
0.30514717
0.30099440
0.29700661
0.30198956
0.29202175
0.29326487
0.30796981
0.30298638
0.31645298
0.30369568
0.31794453
0.31730342
0.30697417
0.30098867
0.30202723
0.31651020
0.30698729
0.30199409
0.37176275
0.33089685
0.30371714
0.30498481
0.30896902
0.31494761
0.30009532
0.30505371
0.30200315
0.29800391
0.30298781
