0.09468365
0.08670831
0.08770657
0.08770561
0.08865714
0.09866619
0.08969951
0.09070015
0.08969998
0.08670998
0.08670616
0.09468412
0.09767890
0.08970332
0.08870149
0.08969998
0.08776093
0.09770942
0.09866643
0.08870339
0.09173274
0.08870673
0.08770657
0.08970022
0.08969593
0.08870363
0.08970380
0.08969975
0.08670950
0.08870292
0.10564709
0.08870387
0.08970404
0.08870363
0.08975291
0.08870435
0.09070015
0.08870387
0.08970165
0.09070086
0.08870316
0.08970022
0.09467936
0.08870411
0.08969951
0.09070039
0.09069610
0.08870244
0.09767270
0.08870220
0.09568334
0.08870125
0.09169292
0.09075093
0.09169769
0.09168887
0.09268951
0.08969760
0.08875608
0.08970094
0.08870435
0.08970141
0.08969641
0.09069276
0.08969808
0.08871078
0.08770633
0.09567642
0.08970404
0.09368324
0.08770823
0.08970022
0.08969975
0.09767318
0.08970308
0.08969975
0.08670902
0.08671284
0.08670950
0.10265326
0.08864212
0.08969903
0.09268618
0.09069562
0.08970404
0.08970070
0.09069705
0.08969975
0.08970022
0.08969665
0.08870006
0.09275460
0.09069562
0.09169745
0.09268904
0.08969808
0.08969998
0.08969903
0.08870697
0.08970070
0.08969975
0.08770704
0.08870292
0.09169197
0.09567523
0.09069705
0.10464621
0.09567952
0.08670902
0.08770990
0.08766389
0.08870053
0.08776689
0.08870697
0.09070063
0.09069800
0.10382223
0.08970428
0.08976078
0.08771014
0.08770323
0.08770823
0.08870077
0.08670974
0.08771014
0.08775139
0.08770847
0.08976746
0.09368682
0.08970070
0.08870387
0.08670902
0.08670664
0.08870268
0.09568954
0.08970022
0.08870769
0.09070039
0.09169722
0.09866714
0.09169698
0.08970046
0.09867144
0.08870673
0.08770776
0.09168959
0.08771014
0.08771062
0.08671069
0.08770657
0.08969712
0.09368682
0.08969951
0.08771014
0.08970404
0.09069657
0.08970308
0.08870721
0.08970380
0.08969665
0.08870316
0.09069681
0.09468150
0.09064841
0.08970428
0.09070063
0.09070063
0.08970451
0.08969998
0.08770657
0.08571410
0.08969927
0.08969665
0.09268498
0.09168839
0.09568405
0.08970404
0.08970046
0.08970737
0.08869958
0.08975911
0.09069681
0.08976388
0.08969831
0.09568119
0.08970451
0.08870268
0.08766150
0.08870745
0.08870387
0.08770704
0.08770609
0.08969903
0.09468293
0.08970141
0.09069419
0.09269142
0.09070086
0.08870339
0.08770680
0.08970475
0.08776379
0.09069371
0.08969593
0.08969855
0.08969998
0.08870363
0.09169364
0.08870316
0.08770585
0.08770156
0.09767056
0.08870554
0.08870649
0.09070039
0.08771014
0.08866239
0.08770609
0.08870173
0.09368253
0.08969998
0.08970332
0.08770776
0.09268975
0.08870339
0.08770776
0.08676386
0.08771038
0.08870602
0.09268999
0.09368753
0.08870244
0.08875489
0.09767389
0.08870268
0.08969212
0.08771229
0.08870316
0.08870482
0.08771086
0.08870769
0.09368658
0.08970380
0.08975673
0.09069490
0.09175491
0.09069777
0.09269404
0.09069991
0.09070086
0.09468102
0.08970237
0.09767199
0.09069610
0.09069419
0.09004188
0.08969975
0.08970380
0.09070039
0.08970404
0.08770680
0.08870697
0.09169555
0.09070063
0.09070063
0.08870721
0.08970046
0.08870363
0.08671141
0.09169340
0.09070110
0.08970189
0.09070039
0.09368420
0.09069991
0.09069419
0.09169340
0.09069347
0.09070158
0.09069800
0.08870244
0.08970332
0.08776665
0.08870554
0.09866667
0.09070158
0.09169483
0.08765006
0.09069252
0.08970213
0.08671188
0.08770609
0.08874893
0.08869982
0.09268999
0.09268856
0.08962393
0.09069872
0.08970380
0.08832812
0.10565066
0.08969998
0.08969951
0.08964562
0.09268737
0.09269428
0.08969998
0.09069753
0.08970022
0.09069896
0.08970022
0.08670521
0.08770680
0.09967041
0.10166049
0.08770585
0.09468222
0.09070086
0.08870649
0.08970046
0.08969688
0.08770657
0.09070015
0.08870339
0.09169316
0.09069681
0.09070110
0.09168983
0.09368944
0.08770704
0.08770394
0.08970404
0.09866691
0.09468699
0.08870363
0.08975744
0.09169126
0.09070110
0.09268975
0.09467173
0.09867048
0.08969975
0.08870339
0.08870244
0.08870101
0.09069920
0.08970261
0.08970308
0.09175062
0.09966707
0.08970022
0.08770919
0.08670759
0.08770251
0.08870745
0.09069681
0.09169316
0.08869982
0.08864641
0.09767723
0.09767365
0.08969688
0.09268808
0.08670640
0.08764982
0.08969998
0.08970022
0.08870435
0.09069967
0.08870769
0.08969784
0.10261869
0.09069705
0.08970308
0.09070063
0.08969879
0.08970380
0.08870220
0.08870411
0.08970356
0.08969975
0.08970380
0.09268641
0.08870387
0.08969998
0.08970022
0.09069753
0.08671379
0.08770657
0.09069681
0.09468317
0.09369063
0.08969784
0.10365415
0.09069633
0.08870673
0.09767675
0.08969998
0.08870268
0.08870769
0.08970404
0.08869982
0.08970451
0.09268975
0.09069681
0.09468722
0.08970404
0.08870745
0.08970404
0.09070063
0.09070039
0.08870316
0.08870125
0.08770370
0.08770609
0.08870578
0.09268832
0.09368634
0.08875561
0.09069777
0.09069467
0.08969736
0.08870697
0.08870745
0.08969998
0.08970380
0.08969641
0.09069538
0.09169269
0.09269238
0.09069824
0.08970118
0.08969641
0.08970356
0.08970332
0.08870363
0.08970094
0.08870697
0.09069681
0.09276271
0.08969998
0.09169531
0.08870721
0.08969975
0.08870053
0.09169364
0.08970404
0.08970332
0.08970404
0.08970380
0.08870292
0.09668016
0.09168911
0.08969975
0.08870697
0.08870292
0.12458634
0.08970141
0.08970022
0.08870316
0.09070039
0.08870363
0.09268904
0.09568071
0.08969903
0.08970165
0.08970356
0.09070063
0.09169340
0.09069633
0.08970380
0.08870339
0.09368205
0.09368801
0.09169745
0.09069490
0.09169793
0.08970189
0.09169412
0.08970261
0.09070039
0.09069991
0.09069681
0.09568429
0.08970356
0.09368801
0.08870268
0.08870649
0.08970332
0.09070039
0.08970356
0.08969879
0.08970141
0.08870745
0.09169626
0.08770680
0.08671045
0.10166049
0.08969998
0.09368992
0.08969617
0.08970428
0.08970332
0.08970261
0.08970356
0.08970022
0.08671427
0.09668040
0.09268475
0.09168601
0.08869982
0.08770990
0.09070039
0.08970428
0.08870697
0.08970189
0.08970022
0.08970070
0.08870625
0.08870649
0.09169173
0.10266066
0.08976245
0.08870554
0.08869910
0.08870363
0.10260916
0.08870721
0.08970070
0.09069681
0.08870459
0.08970022
0.09069610
0.09585214
0.08970213
0.08970404
0.08970094
0.09069681
0.09468603
0.10066843
0.12059641
0.17441344
0.27109361
0.28405356
0.28006697
0.28704023
0.28704023
0.28903747
0.28604674
0.28504395
0.28205156
0.29601049
0.28106403
0.27607679
0.28117085
0.28956175
0.28604412
0.28505111
0.28305364
0.29899883
0.29208875
0.28006530
0.28405023
0.28200221
0.29097891
0.29107690
0.28305721
0.28105927
0.28803301
0.29302597
0.27208996
0.28006744
0.29999447
0.28704047
0.28106189
0.27408409
0.27209449
0.29302263
0.28310680
0.27707362
0.27208900
0.28704023
0.28305292
0.28205228
0.28504539
0.29899645
0.27906823
0.28106332
0.28803754
0.28803277
0.28603959
0.28206015
0.28305340
0.28703690
0.28803897
0.28106213
0.28305411
0.29401851
0.28206015
0.28405237
0.28598833
0.28803802
0.27907085
0.28106380
0.27508044
0.29800749
0.27607727
0.27707338
0.27906728
0.28504968
0.30099344
0.28498507
0.29008341
0.29396081
0.28604364
0.28598666
0.29301929
0.28106380
0.28604412
0.28404927
0.28205657
0.28623533
0.28106093
0.28305125
0.27707314
0.28006005
0.28206086
0.27707314
0.28305316
0.28903389
0.28504944
0.27706885
0.28105664
0.28604341
0.28504729
0.28206038
0.28006482
0.28604007
0.28790188
0.28106308
0.27807498
0.27408767
0.28499365
0.28405023
0.27707243
0.28378916
0.27907038
0.28105998
0.29102564
0.27607298
0.27204609
0.28405070
0.28305364
0.28106332
0.28006744
0.27813339
0.28704000
0.27408361
0.27109313
0.27209091
0.27907133
0.27707696
0.28206086
0.28405356
0.29003072
0.28504753
0.28703547
0.28006768
0.27607727
0.29202271
0.28106403
0.28803325
0.27309060
0.29102778
0.28804064
0.28405404
0.28405404
0.28405070
0.28205943
0.28405452
0.28803658
0.28241611
0.28704190
0.29401374
0.27308655
0.27607727
0.29501700
0.28206110
0.26983690
0.28106356
0.28006005
0.28404903
0.28504109
0.28405380
0.27806711
0.28604722
0.28106427
0.28504705
0.28305030
0.28504729
0.28106380
0.28404617
0.28405380
0.28504705
0.28006721
0.27907109
0.28305721
0.29800725
0.28604698
0.27906919
0.28803158
0.28903437
0.29103041
0.28105855
0.28106403
0.28405404
0.28704023
0.28006530
0.30198765
0.28804088
0.28903079
0.28105736
0.28505015
0.28902960
0.28804040
0.28205729
0.28206038
0.29109192
0.30597138
0.28505015
0.29402041
0.28305721
0.29401731
0.28305316
0.28604341
0.28305435
0.28803921
0.29601431
0.29103112
0.29601097
0.29108381
0.27806807
0.28704357
0.29103160
0.30797362
0.29107356
0.27607679
0.28006387
0.28902936
0.28105998
0.30199027
0.28903961
0.28524637
0.28176665
0.28196454
0.28305411
0.28804064
0.27806950
0.28504682
0.28803658
0.28405023
0.28006721
0.28803658
0.28604770
0.29701090
0.28105998
0.27707624
0.27408457
0.29401684
0.28305292
0.28703737
0.27745128
0.28704000
0.28305721
0.28405356
0.28305030
0.29600549
0.28604341
0.28205729
0.27812672
0.27308679
0.28205705
0.28205895
0.27508378
0.27907038
0.28704095
0.28504586
0.28804088
0.29097867
0.29401779
0.28803682
0.28809214
0.28006434
0.28604507
0.28803730
0.28405094
0.29102993
0.28903389
0.28305459
0.28604698
0.28305125
0.28205585
0.28205585
0.28405404
0.27994490
0.29202390
0.29501414
0.28305769
0.27403092
0.27508020
0.29501462
0.28205967
0.27906299
0.28604293
0.28106332
0.28504777
0.27600670
0.28604746
0.28205681
0.29201961
0.27707505
0.30137157
0.28405046
0.29501367
0.28703547
0.29102707
0.28305769
0.29700351
0.28804111
0.28504324
0.27906632
0.28504682
0.28305745
0.28604341
0.28704214
0.30098987
0.28704476
0.28803611
0.27807140
0.29259729
0.28804064
0.29002643
0.28604317
0.28704119
0.29800367
0.28504562
0.27907062
0.27608085
0.29202390
0.30398750
0.28604770
0.28504729
0.29501367
0.28505039
0.27607656
0.27407956
0.27906752
0.30099583
0.28704333
0.28604341
0.28704381
0.29102397
0.28803992
0.28106022
0.27607751
0.28803682
0.28804064
0.29103041
0.28803682
0.29302549
0.28305411
0.28604722
0.28504252
0.29202414
0.28505015
0.27802682
0.28304935
0.28106070
0.29002666
0.28305387
0.28105783
0.28903341
0.29202342
0.28604031
0.29899931
0.27507591
0.29102683
0.28804040
0.28006434
0.28310800
0.28505063
0.28106022
0.28504682
0.30896711
0.28704095
0.27906752
0.28006339
0.28305006
0.28205633
0.28305674
0.28405046
0.28704047
0.28703570
0.28604794
0.28006482
0.27502823
0.29008722
0.28504682
0.27906394
0.28404689
0.29202724
0.28704476
0.28205824
0.28804183
0.29401493
0.28803778
0.28604841
0.28604341
0.28405213
0.28803921
0.27408385
0.28604555
0.28079724
0.29501343
0.28305387
0.28006458
0.28005910
0.29002666
0.30497622
0.28903365
0.28504896
0.29302025
0.27807021
0.27508187
0.27932453
0.28305745
0.28704000
0.28741288
0.27806687
0.28299356
0.28404880
0.27209377
0.28509426
0.29800797
0.28504705
0.28105998
0.28901458
0.29102802
0.28206062
0.28405094
0.28405285
0.28101301
0.29108262
0.28405523
0.28604412
0.28001642
0.27907062
0.28404665
0.28405499
0.29003024
0.28106260
0.29999280
0.27408695
0.28803706
0.27607679
0.28305078
0.27807069
0.28006625
0.28005981
0.27906084
0.27308583
0.28405404
0.28305745
0.28205347
0.27707720
0.27807069
0.28409815
0.27712917
0.26711106
0.28205729
0.29301643
0.27607679
0.27309060
0.27831531
0.29002595
0.28504658
0.29003024
0.28305650
0.28803301
0.28006268
0.30199385
0.28005981
0.29794097
0.28405118
0.28205705
0.28206086
0.29301643
0.28704381
0.28106070
0.27707553
