0.10764074
0.09269094
0.08970547
0.09069729
0.08870077
0.09069753
0.08870196
0.08970022
0.09620070
0.08869910
0.08923316
0.08875537
0.09169030
0.09269476
0.09021854
0.08870769
0.09368730
0.08970380
0.09368873
0.08970380
0.09867120
0.08771038
0.09069347
0.08970451
0.10764098
0.09169245
0.08920693
0.08970451
0.08871698
0.08970165
0.08870864
0.10104847
0.09866643
0.09319758
0.08870268
0.09069681
0.09766984
0.09069443
0.10066342
0.09269452
0.08771133
0.08869958
0.08770514
0.08870292
0.08870339
0.08822536
0.08971119
0.09070373
0.09468389
0.08869934
0.09121323
0.08870387
0.08969593
0.08970380
0.08870268
0.08870578
0.08970118
0.09069681
0.10465050
0.09268665
0.09468317
0.08870268
0.10360146
0.09169269
0.09462667
0.09102368
0.09071922
0.09069681
0.10066438
0.08949137
0.09071112
0.08922553
0.09185433
0.09169769
0.09368610
0.08870316
0.08870769
0.08870268
0.09867048
0.08870792
0.08969879
0.09573483
0.08861041
0.09022093
0.09021735
0.08923078
0.08770704
0.08770895
0.11362004
0.08969998
0.08770609
0.09368420
0.09368801
0.08969903
0.08870530
0.09268618
0.09468389
0.09767389
0.09667587
0.10066319
0.10517263
0.11513901
0.14745522
0.18039322
0.24023700
0.26965451
0.28404784
0.27408338
0.29153705
0.28458047
0.28007102
0.27270007
0.27113414
0.27706861
0.26113009
0.26312017
0.27324486
0.29555893
0.29852557
0.29600644
0.30199027
0.30598021
0.31247616
0.30055022
0.31129718
0.29655385
0.29886222
0.30298996
0.30305219
0.30198979
0.31139708
0.30063486
0.29857731
0.30304885
0.30498028
0.29900146
0.29899931
0.31171513
0.29418206
0.29705191
0.29601049
0.29501367
0.29201913
0.28955483
0.29004431
0.30725837
0.29153705
0.28704453
0.28304982
0.28798652
0.30681109
0.29910064
0.29301763
0.29302073
0.30198908
0.29255605
0.30207801
0.30400944
0.31141806
0.30797029
0.31195641
0.30050826
0.30445933
0.29459000
0.30152869
0.30403757
0.31295323
0.30398703
0.30449843
0.31718588
0.31637239
0.28806806
0.29601383
0.29705954
0.30397964
0.30152416
0.29754090
0.29295421
0.30198574
0.29401684
0.30497956
0.30649805
0.30895519
0.30051923
0.30298686
0.30099821
0.30597568
0.28903389
0.29947567
0.30203581
0.32192683
0.29401684
0.31295037
0.30997396
0.30545425
0.32385445
0.31893826
0.31759572
0.30584502
0.33140111
0.32292008
0.31593752
0.31694412
0.30250597
0.29658794
0.29935312
0.29950452
0.29202938
0.30099130
0.30950451
0.29663873
0.30663848
0.31047988
0.31195211
0.31095982
0.32044482
0.30880785
0.35832071
0.30697656
0.30797410
0.29500937
0.32989669
0.30251384
0.31198788
0.30398440
0.29899979
0.29900408
0.29954314
0.28922749
0.29999852
0.30697417
0.30251145
0.30600333
0.31500483
0.31247520
0.30198932
0.30199003
0.30054140
0.30678725
0.29501343
0.28305364
0.28405285
0.31845403
0.29243279
0.28612757
0.29401731
0.30099416
0.31694078
0.28107929
0.28373981
0.28704190
0.30896711
0.30996346
0.30470371
0.30200505
0.28106475
0.30996323
0.27308965
0.29554343
0.30499291
0.31236172
0.30697656
0.30497670
0.30598068
0.31059551
0.32591081
0.31295753
0.30298328
0.31865191
0.31924367
0.30699253
0.30298638
0.30398321
0.30199361
0.30203056
0.30299950
0.31466198
0.30349994
0.29800367
0.28903222
0.29536796
0.29204512
0.29156065
0.28394032
0.29501367
0.29900169
0.28505182
0.29603219
0.29454017
0.28041935
0.29501390
0.28205657
0.28854680
0.29457092
0.29573607
0.30397987
0.29700661
0.29600739
0.30250287
0.30200768
0.27560210
0.29105401
0.27408457
0.28106403
0.29103184
0.27861047
0.28605056
0.28656912
0.29804826
0.27308321
0.29895282
0.29253411
0.28804135
0.27362251
0.30497861
0.29401612
0.29601407
0.29196548
0.31508899
0.29202890
0.29501009
0.29401779
0.30099416
0.29016328
0.29512143
0.31944299
0.29302263
0.28903413
0.28609514
0.28109407
0.28510499
0.29704571
0.30697775
0.27607870
0.29403114
0.29302406
0.29413056
0.27547479
0.27913380
0.30391145
0.29800367
0.28656292
0.29003882
0.28257418
0.29202390
0.28903127
0.29451704
0.29696155
0.30052185
0.29601026
0.28405046
0.28504729
0.27913880
0.30368376
0.29234362
0.27906275
0.29102755
0.30099034
0.28608179
0.28675771
0.28535247
0.30398607
0.29103041
0.29871178
0.29058385
0.30000687
0.29656458
0.30298853
0.30099487
0.27507949
0.31495762
0.28605819
0.29608727
0.29103065
0.29601455
0.27624869
0.26814580
0.29601622
0.29212976
0.28854275
0.28106332
0.28305721
0.28106165
0.27509260
0.27596712
0.28638458
0.27707052
0.27308965
0.27707338
0.27305770
0.27609444
0.29652762
0.27109766
0.27009654
0.27707481
0.29103327
0.28662372
0.29159236
0.28656054
0.29501462
0.28903890
0.27907062
0.27915478
0.29800081
0.30150247
0.29501224
0.29301000
0.30050182
0.29456258
0.28675389
0.28703666
0.29800558
0.28305459
0.29601192
0.29599810
0.29601526
0.28704023
0.28704476
0.30299282
0.29369617
0.30450678
0.29202604
0.28703690
0.30099416
0.29753947
0.28405428
0.29347825
0.30896783
0.29900384
0.29652810
0.31179619
0.30832720
0.31150556
0.29178262
0.28704429
0.29102445
0.29850864
0.29999423
0.30342579
0.30299067
0.33188653
0.30497885
0.30456972
0.30200267
0.29844522
0.30199432
0.29899859
0.30105639
0.30933881
0.30199361
0.30252647
0.30101848
0.31893301
0.30199409
0.30151415
0.30062342
0.31747150
0.29253983
0.30099416
0.30099440
0.31297803
0.30361176
0.29903150
0.30199361
0.30597401
0.29981399
0.30474663
0.29501414
0.31095600
0.32889962
0.28815889
0.27608061
0.27163815
0.28306985
0.26511836
0.27607608
0.26810431
0.30697322
0.27253771
0.26772761
0.26511383
0.30099273
0.26611495
0.26909852
0.27906513
0.27452898
0.27608180
0.27707028
0.27308583
0.26912498
0.28841186
0.25864291
0.26511121
0.26411629
0.26511335
0.27858829
0.27064657
0.29255462
0.27507520
0.30199027
0.30098796
0.29171419
0.28206277
0.27945876
0.28405404
0.28305531
0.27659655
0.27569652
0.31827855
0.28209186
0.27009225
0.28405046
0.27408433
0.27906799
0.25012922
0.26961970
0.27508450
0.26810479
0.26762486
0.26935601
0.27645802
0.28505874
0.28756547
0.28604841
0.28704095
0.28797531
0.28027034
0.25514722
0.27906442
0.29800296
0.29003000
0.28357172
0.28292584
0.28505993
0.25514722
0.27713442
0.26910043
0.27758861
0.26489639
0.25567007
0.26212525
0.28903723
0.29800367
0.28271532
0.26212263
0.28741550
0.27208686
0.26810408
0.26612234
0.29197240
0.30497980
0.31095862
0.29601431
0.28754497
0.27011609
0.28305840
0.29800439
0.28106284
0.28305411
0.31450343
0.28904271
0.26613402
0.24617672
0.25514865
0.25215316
0.29502511
0.28257871
0.27762270
0.25813293
0.28504252
0.26910067
0.24020076
0.24416208
0.27363706
0.28205729
0.22325039
0.23122597
0.25015974
0.25811791
0.27118111
0.25167370
0.26910138
0.27508163
0.28705192
0.29078960
0.29621983
0.25215745
0.26013184
0.26013374
0.28205299
0.24967718
0.25614429
0.25115848
0.28305268
0.26810312
0.25216055
0.25702882
0.26023865
0.24270773
0.25115490
0.28106093
0.24916697
0.25415635
0.28077602
0.24469733
0.25215721
0.24716926
0.25614405
0.26311874
0.26220608
0.25373054
0.24221730
0.25614285
0.26311755
0.24817348
0.24866700
0.24718690
0.24121642
0.25854301
0.26562595
0.25215721
0.24418378
0.26232815
0.26364732
0.26015139
0.24720955
0.25466156
0.24617338
0.24916673
0.25515103
0.25866508
0.25714874
0.23624229
0.25566530
0.24916697
0.24916983
0.24967623
0.26870632
0.26910281
0.26511002
0.24518371
0.24319124
0.25415301
0.25616288
0.23704505
0.25016284
0.25116014
0.24717355
0.24591422
0.25465798
0.26213026
0.25667071
0.25382495
0.24170780
0.26511359
0.23621464
0.23322058
0.24218988
0.24819064
0.25437951
0.25470328
0.25415230
0.25209522
0.25116563
0.24922609
0.25116372
0.24651289
0.24120760
0.27806830
0.26412058
0.25613785
0.25315428
0.25813770
0.27106690
0.26574850
0.25713992
0.25116682
0.27207160
0.27974248
0.25270009
0.26810503
0.24917150
0.25315738
0.25666165
0.24554253
0.25635910
0.24688983
0.25415373
0.24817348
0.25016785
0.24418473
0.25270891
0.25414968
0.25770497
0.25557375
0.26610851
0.24717808
0.25714064
0.26412010
0.27174258
0.27522016
0.26212692
0.26810312
0.27941680
0.30009174
0.25715256
0.25297093
0.29401660
0.28803730
0.26511502
0.27239513
0.29264688
0.29564667
0.26163197
0.25913811
0.25613904
0.26312208
0.25769114
0.25538421
0.25818133
0.25315309
0.26910472
0.24717236
0.27063322
0.25164461
0.26462984
0.25315762
0.26511288
0.25514603
0.25912595
0.25910854
0.25884318
0.25915194
0.25415397
0.26411343
0.25515056
0.25929856
0.26212811
0.26175261
0.27208805
0.25714421
0.25016165
0.25659180
0.26180935
0.26013565
0.26063633
0.26312160
0.25315404
0.26012778
0.25473094
0.27111363
0.26613355
0.26363778
0.26411676
0.26312041
0.25316358
0.26465297
0.25909901
0.25814056
0.26909709
0.28704023
0.30561280
0.30304098
0.29194212
0.29999471
0.30697727
0.29976630
0.29502487
0.28806758
0.31893444
0.30598211
0.28804755
0.29856730
0.29675341
0.30250955
0.30198932
0.30298471
0.30796957
0.29801869
0.29156613
0.30400324
0.30098939
0.30498147
0.30100560
0.29701352
0.29800153
0.29103065
0.30198693
0.30398512
0.31196809
0.30199218
0.29201961
0.30018806
0.30797005
0.30904245
0.30402422
0.29701114
0.30199337
0.31195426
0.30499649
0.30427289
0.30697608
0.30896378
0.30548882
0.30500007
0.29315877
0.31811428
0.30398417
0.29302120
0.29700685
0.31558180
0.29706645
0.30316401
0.30298996
0.31594038
0.30597615
0.30687666
0.30494571
0.30597329
0.30697346
0.30099750
0.30061245
0.31434965
0.34385443
0.30198741
0.29899979
0.31348658
0.30148697
0.29800439
0.30298543
0.30995965
0.30398893
0.30402184
0.30498052
0.30497646
0.30805540
0.30536413
0.30103779
0.30597711
0.30398774
0.30702806
0.29403472
0.29801416
0.30298710
0.30398870
0.30299830
0.30974460
0.30203652
0.30298781
0.30498385
0.30896711
0.30499554
0.30551481
0.30801105
0.29999685
0.31096029
0.30353093
0.30455399
0.30199194
0.30398369
0.30597878
0.30099273
0.30636811
0.32095051
0.29950595
0.30498242
0.30398393
0.30398655
0.30300593
0.30247021
0.30731678
0.29202414
0.29501343
0.29256892
0.32454014
0.30177808
0.30102706
0.30697322
0.30099034
0.32143283
0.29159212
0.29992270
0.29202247
0.31793404
0.29952168
0.30567408
0.30272841
0.31795287
0.30198741
0.28504610
0.31595135
0.31718469
0.30486226
0.30798674
0.29999733
0.30397892
0.30797386
0.30360293
0.29702091
0.29453206
0.28205109
0.28405094
0.28357196
0.28794432
0.27704644
0.27806902
0.29302025
0.29003406
0.27479219
0.29302359
0.28357244
0.31594372
0.30799508
0.28205705
0.28704405
0.28604126
0.29414487
0.28180265
0.28457522
0.29103088
0.29301667
0.28106117
0.32094026
0.28456926
0.28754497
0.30398750
0.28405380
0.28206205
0.30898142
0.28882909
0.28408694
0.29652834
0.28504586
0.28703523
0.28903055
0.29087448
0.27708101
0.29102540
0.31794000
0.28604674
0.28608131
0.30054951
0.30052733
0.28906417
0.29601121
0.29302144
0.27907014
0.28468800
0.28094578
0.29007721
0.30298686
0.30099368
0.30947876
0.30001545
0.30203652
0.29901195
0.29003453
0.27009726
0.29202366
0.28754282
0.27509522
0.27807236
0.29104662
0.27907085
0.28504300
0.27308440
0.27507544
0.26587892
0.26999807
0.27607727
0.29202414
0.28305697
0.27062011
0.27608585
0.27110481
0.27460194
0.27411246
0.27559781
0.27608109
0.28305054
0.27359390
0.27502871
0.26313567
0.27408028
0.27408695
0.28106451
0.27758884
0.27891231
0.27831268
0.27460146
0.27807093
0.28005981
0.28257465
0.27509069
0.27262306
0.28006744
0.26710343
0.27009916
0.26411629
0.27960920
