0.09667349
0.09168983
0.09274125
0.09169674
0.09070039
0.09667659
0.10465026
0.09269428
0.09268975
0.09269238
0.09069610
0.09269047
0.09368753
0.09268999
0.09269094
0.09169030
0.09269023
0.10066104
0.09269047
0.09169507
0.09268975
0.08969641
0.09169674
0.09169292
0.09169245
0.09668088
0.09169722
0.09169340
0.09069681
0.10265303
0.10066342
0.09368610
0.09070182
0.09169269
0.08970022
0.09169292
0.09268785
0.09274936
0.09368682
0.09169292
0.09268641
0.09749627
0.09368753
0.09368634
0.09268999
0.09169364
0.09866810
0.09269023
0.09368682
0.09169340
0.09069252
0.09369040
0.09368300
0.09866977
0.09169340
0.09169722
0.09368706
0.09168911
0.09866643
0.09269357
0.09468699
0.09069896
0.09468079
0.09368706
0.09168935
0.10663986
0.09169388
0.09269357
0.09069586
0.09069633
0.09268999
0.09169316
0.09169316
0.09069562
0.08964705
0.08969975
0.09069610
0.09767318
0.09269094
0.09269166
0.09468675
0.08965564
0.09169698
0.08869910
0.09268618
0.09375477
0.09268951
0.09266067
0.07874036
0.10564280
0.09169292
0.09468651
0.09169483
0.09169745
0.09069610
0.09069657
0.09169340
0.09368682
0.09269357
0.09169745
0.09169364
0.09568119
0.09468317
0.09667754
0.09268570
0.09368253
0.09468341
0.09169817
0.09168887
0.09966922
0.09269023
0.09269476
0.09268951
0.09268928
0.10465050
0.09269094
0.09369040
0.09176183
0.09268594
0.09242058
0.09168959
0.09269428
0.09169364
0.09268761
0.09169149
0.09169126
0.09767175
0.09269190
0.09568095
0.09268761
0.09069705
0.09169316
0.09268641
0.09268570
0.09269381
0.09269404
0.09966302
0.09269357
0.09974289
0.09269047
0.09169722
0.10365343
0.09268975
0.09368658
0.09369063
0.09268999
0.09362960
0.09269381
0.10066247
0.09169292
0.09967113
0.09070039
0.09269404
0.09268522
0.09069395
0.08969998
0.09169078
0.09169340
0.09070086
0.10365248
0.09169221
0.09069681
0.10266066
0.09269428
0.09269357
0.09567976
0.09169722
0.09866667
0.09268999
0.09368372
0.09169698
0.09368634
0.09069419
0.09069777
0.10658646
0.09169436
0.09269357
0.09268951
0.09169364
0.09069943
0.09164166
0.09069586
0.09269357
0.10265851
0.09070063
0.08970428
0.09867358
0.09269023
0.09368253
0.09268975
0.09268975
0.09268975
0.09268594
0.09268975
0.09169340
0.09268999
0.09268570
0.09668064
0.10066342
0.09269047
0.09369040
0.09268999
0.10465384
0.09269047
0.09268665
0.09269047
0.09168911
0.09075379
0.09169340
0.09169626
0.09867048
0.09268975
0.09369135
0.09269071
0.09169340
0.09069848
0.09169340
0.09269357
0.09169316
0.09966302
0.09269118
0.09168577
0.09867358
0.09169698
0.09362793
0.08513260
0.09368658
0.09268713
0.09169364
0.09169722
0.09169722
0.09368777
0.09269023
0.09268618
0.09767818
0.09169722
0.09268999
0.09268975
0.09468365
0.09268999
0.09966707
0.09268928
0.09069633
0.09268498
0.09169340
0.09169436
0.11162663
0.09169292
0.09268570
0.09168983
0.09269023
0.09175849
0.09164548
0.08969975
0.08870196
0.09069967
0.08969712
0.09074783
0.10066342
0.09169316
0.09268975
0.08969617
0.09268713
0.08970356
0.08969998
0.09169054
0.09068775
0.09169674
0.08970404
0.09866953
0.09967113
0.08172297
0.09468341
0.09867024
0.09269238
0.09069586
0.09269047
0.09169245
0.09074831
0.09075212
0.09268975
0.09169316
0.09468961
0.09169030
0.09269357
0.09368801
0.09368730
0.09169722
0.09269023
0.09667349
0.09269309
0.09070086
0.09069371
0.09667683
0.10265636
0.09269047
0.09268999
0.09169769
0.09069681
0.09268975
0.09866714
0.09069633
0.09268713
0.09168959
0.09169316
0.09667659
0.09667301
0.09269047
0.09268999
0.09169602
0.09268928
0.09368253
0.09374833
0.09269381
0.09468389
0.09169126
0.09269190
0.09269166
0.10165954
0.09269404
0.09169483
0.09169626
0.09169364
0.09368682
0.09169340
0.09169412
0.09369063
0.09268999
0.09169698
0.09866858
0.09966755
0.09169340
0.09368658
0.09268999
0.09269214
0.09269381
0.09269023
0.09867024
0.08969998
0.09268594
0.09269381
0.09269333
0.09667611
0.09176183
0.09467912
0.09268689
0.08970404
0.09368300
0.09866619
0.09368634
0.09269404
0.09269023
0.09169698
0.09766936
0.09268856
0.09269285
0.09069586
0.08970428
0.09368324
0.09169674
0.09169698
0.09269357
0.09169340
0.09268522
0.09268975
0.09767413
0.09268951
0.09268880
0.09369087
0.09169006
0.09169316
0.09169745
0.08970046
0.09264064
0.09175754
0.08869910
0.09069443
0.09567952
0.09368443
0.09070015
0.08870721
0.09561777
0.08870339
0.09368682
0.09169006
0.09368658
0.09269047
0.09162998
0.09475636
0.09268808
0.09169388
0.09269166
0.09966660
0.09368920
0.09174204
0.09269071
0.09169698
0.09269023
0.09467793
0.09767342
0.10066032
0.09169698
0.09169340
0.09169364
0.09368658
0.09275031
0.09169102
0.09169698
0.10182762
0.09129429
0.09069657
0.09468317
0.09568048
0.10664463
0.09767699
0.09368682
0.09268618
0.09268999
0.09169698
0.09069324
0.09268713
0.09568429
0.09269381
0.10365343
0.09368801
0.09667659
0.09169340
0.08870554
0.09064245
0.09069943
0.10165834
0.09069562
0.09169388
0.09069657
0.09867501
0.09667659
0.09767222
0.09169674
0.09064484
0.09168983
0.09269381
0.09269023
0.09069395
0.09267926
0.09269094
0.08970094
0.10272264
0.09866977
0.09169412
0.09268928
0.09169340
0.09269023
0.09169412
0.09268951
0.09169269
0.09169364
0.09269023
0.09169364
0.09269047
0.09667683
0.09069943
0.09069729
0.09169102
0.09169316
0.09269309
0.09269190
0.09169340
0.09169340
0.09274268
0.09269357
0.09069729
0.09767032
0.09169412
0.09169388
0.09169316
0.09169316
0.09169436
0.09268737
0.09368682
0.09075761
0.09069729
0.09169722
0.09168983
0.10265255
0.09069586
0.09269023
0.09070086
0.09269381
0.09374404
0.09069633
0.09667659
0.09070063
0.09169650
0.08969951
0.09667540
0.10863709
0.09268832
0.09169340
0.09169722
0.09274507
0.08975315
0.09667659
0.08965158
0.08869982
0.09070039
0.09070015
0.09767461
0.09567666
0.09269381
0.09667659
0.09169340
0.08870292
0.08970022
0.08771062
0.09667659
0.08969927
0.09069705
0.08869934
0.09568024
0.10166216
0.09269428
0.09069633
0.09069705
0.09069943
0.09268618
0.09169316
0.09169197
0.09268618
0.12657881
0.09369016
0.09766889
0.09169436
0.09369135
0.09269142
0.09269023
0.09169412
0.09069824
0.09369087
0.09070039
0.09368873
0.09268999
0.09567595
0.10065842
0.09168911
0.09077644
0.09064341
0.09368324
0.09966683
0.09268999
0.09268928
0.09169316
0.09169054
0.09169054
0.10265684
0.10364962
0.09269309
0.09369063
0.09269071
0.09368682
0.09369063
0.09368587
0.09866953
0.09268999
0.09169722
0.09567785
0.09468246
0.09667706
0.09069705
0.09166455
0.09169340
0.09468269
0.09169340
0.09269023
0.09169412
0.09168935
0.09169674
0.09667277
0.09468317
0.09368992
0.09268951
0.09268999
0.08969617
0.09069633
0.09169292
0.10564709
0.09269047
0.09269428
0.09269047
0.09667659
0.09269023
0.09468365
0.10256267
0.09239364
0.09069395
0.09269381
0.09468341
0.09169388
0.09468722
0.09369040
0.10166454
0.09468317
0.09268999
0.09169745
0.09269047
0.09169674
0.09368682
0.09568000
0.09667826
0.09368300
0.09268951
0.08970523
0.10265350
0.09966636
0.09368634
0.09169340
0.09169698
0.09268999
0.09368396
0.09069681
0.08970404
0.09667397
0.08964396
0.09070086
0.10066414
0.09169316
0.09269500
0.09169745
0.09269404
0.09966660
0.09268975
0.09163737
0.09268951
0.09568071
0.09169245
0.09866619
0.10863614
0.09263611
0.09042335
0.09269381
0.09169269
0.09169364
0.09269214
0.09069753
0.09269404
0.09169745
0.09269166
0.09268665
0.09867072
0.09268641
0.09269047
0.09169459
0.09070015
0.08969998
0.08870363
0.08970404
0.08970094
0.08970022
0.08970404
0.08965445
0.09568024
0.09269047
0.09468770
0.09767699
0.09169340
0.09169388
0.08969975
0.09069610
0.09169197
0.09169340
0.09169102
0.09069371
0.09773493
0.09468389
0.09368682
0.10464716
0.09169364
0.09668064
0.09169102
0.09177256
0.09168816
0.09169340
0.08870721
0.08974934
0.09268975
0.09269428
0.09269404
0.09268975
0.09667683
0.09070015
0.09070086
0.09269357
0.09169340
0.10464787
0.09070039
0.09069705
0.09269166
0.09567881
0.09369087
0.09369159
0.09068918
0.08969569
0.08870411
0.08870721
0.08870697
0.08970022
0.09767866
0.09268570
0.09069490
0.09767365
0.09269047
0.09169388
0.08969951
0.09667516
0.09069943
0.09069657
0.09269404
0.09468317
0.09169722
0.09169722
0.09169316
0.10066032
0.09070086
0.09269357
0.09169316
0.09169388
0.09070015
0.09269309
0.09268975
0.09169292
0.08970022
0.10165572
0.09069467
0.10265636
0.09268999
0.09867048
0.09468675
0.09368658
0.08970118
0.08870459
0.08970404
0.09667325
0.09069538
0.08970356
0.08969641
0.09668064
0.09269023
0.09070063
0.08969975
0.09568000
0.08870363
0.09165478
0.08970380
0.08965468
0.09070063
0.08870697
0.09169340
0.10564685
0.09169006
0.09069204
0.09269214
0.09268618
0.09169078
0.09269381
0.09269142
0.09269404
0.08970356
0.09069705
0.09468699
0.10265708
0.09269023
0.09368706
0.09169722
0.09269404
0.08870339
0.09069681
0.09168887
0.09368658
0.09169698
0.09169316
0.09169078
0.09966326
0.09169221
0.09966636
0.09069705
0.09268594
0.09169316
0.09169483
0.09069943
0.09169340
0.09169364
0.09169292
0.09368253
0.09867239
0.09268975
0.09069681
0.09169626
0.09169340
0.09169698
0.09268975
0.08970165
0.09069729
0.09269023
0.09069800
0.09268951
0.09867454
0.10266042
0.08970022
0.09169292
0.09269381
0.08970046
0.09069610
0.10669971
0.09269404
0.09070086
0.09069443
0.09568381
0.09269404
0.09668040
0.09368944
0.09368300
0.09275484
0.09754634
0.09368658
0.09169364
0.09070086
0.08970118
0.09667826
0.09169745
0.09169698
0.09169579
0.09667659
0.09168959
0.09667325
0.09169269
0.09269023
0.09168935
0.09767365
0.09169364
0.09468746
0.09069705
0.09169722
0.09268999
0.09269381
0.09169722
0.10166407
0.09169149
0.09164310
0.09068918
0.09175634
0.09866643
0.09368706
0.09269381
0.09163785
0.09169745
0.09168983
0.09966707
0.09070086
0.08870482
0.09069633
0.08870363
0.09168959
0.09368396
0.09269071
0.09175110
0.09169364
0.09369087
0.09069633
0.09069991
0.09667683
0.08970070
0.09064722
0.09069347
0.09767294
0.09866619
0.09269452
0.09070063
0.09169722
0.09269214
0.09069824
0.09169340
0.09169245
0.09069753
0.08970046
0.09069633
0.10066605
0.09268975
0.09169340
0.09368944
0.09269404
0.09069681
0.09169459
0.09069324
0.09467530
0.08969688
0.09169650
0.09866691
0.09567976
0.09069610
0.09069633
0.09069514
0.09169340
0.09069610
0.09169340
0.09169364
0.09866714
0.09767747
0.09268665
0.09767747
0.09070086
0.09069324
0.09070086
0.09069657
0.08969975
0.09172821
0.10356545
0.09069657
0.09568024
0.09069633
0.09169507
0.09866691
0.09269428
0.09274721
0.09169340
0.09069610
0.09567976
0.09069729
0.09169364
0.09169459
0.09867597
0.09168983
0.10266328
0.09169364
0.09269381
0.09070039
0.08969998
0.08869934
0.09069657
0.09070086
0.08970404
0.08969975
0.09169221
0.09269047
0.09966731
0.09169292
0.09169769
0.09269047
0.09169316
0.09268928
0.09169841
0.09268975
0.09268975
0.09268641
0.09567666
0.09169388
0.09368801
0.09169292
0.09269118
0.09268975
0.09169340
0.09169507
0.09007311
0.09468341
0.09009624
0.09069705
0.09070039
0.09368443
0.09468627
0.09169698
0.09169364
0.09169292
0.09568000
0.09275198
0.09268951
0.08969975
0.08969522
0.09070039
0.09368658
0.10166025
0.09269023
0.09268618
0.09767628
0.09069657
0.09269190
0.08970261
0.09269142
0.09169674
0.09169292
0.09169340
0.09568024
0.09866333
0.09169769
0.09070039
0.09468651
0.09268713
0.09269190
0.09369612
0.09269261
0.09368849
0.09966755
0.08974695
