0.09867024
0.08970237
0.09069371
0.08969975
0.09069705
0.08870745
0.10365748
0.10065937
0.08870387
0.09069943
0.08870029
0.08870745
0.08969998
0.09069633
0.08977509
0.09568381
0.08970380
0.10165977
0.08870006
0.09766936
0.08970118
0.08870530
0.09268594
0.08770680
0.09767294
0.08870339
0.08870292
0.08870125
0.08969951
0.08870435
0.09069300
0.10763693
0.08870482
0.08969998
0.09069252
0.08870721
0.08970213
0.08969855
0.08970404
0.09667325
0.08970380
0.08970308
0.10066271
0.09070086
0.08969998
0.08870411
0.09062147
0.08770680
0.08970475
0.08870697
0.08970404
0.08771062
0.08970094
0.08670878
0.09468317
0.08970094
0.08870459
0.08771062
0.08970141
0.08969998
0.09169340
0.09169316
0.09069872
0.08770657
0.08870602
0.09470558
0.09168839
0.08969975
0.08970261
0.09070063
0.08875871
0.08869934
0.08870006
0.08770609
0.09069204
0.08869934
0.08870316
0.09468412
0.09966540
0.09070086
0.08970356
0.09163713
0.08970332
0.09069991
0.09069920
0.08970284
0.08970189
0.08863950
0.09070063
0.09568024
0.08970332
0.08969998
0.08970404
0.08970404
0.09069705
0.08870745
0.09069681
0.10266066
0.08970022
0.08970428
0.09169078
0.09767342
0.09368682
0.08970189
0.08969975
0.08970428
0.08970356
0.08864212
0.09070015
0.09074998
0.08969998
0.08870459
0.09467983
0.09775400
0.09069800
0.09069681
0.09070086
0.08870292
0.08970118
0.08870649
0.08970428
0.09069252
0.08970356
0.08970022
0.09866595
0.08970022
0.10307837
0.08770776
0.08970428
0.09169292
0.09667277
0.08961773
0.09069872
0.08870673
0.08964014
0.09069657
0.09767365
0.08970022
0.08970046
0.08964157
0.09069657
0.08870387
0.09069252
0.08969951
0.08968210
0.08870268
0.09070039
0.09667349
0.09069681
0.09070134
0.09169698
0.08970332
0.09468389
0.08969712
0.08970189
0.08970046
0.09169292
0.09169698
0.09169745
0.09867144
0.08969808
0.08970046
0.12458754
0.08970380
0.08970261
0.08969998
0.08969951
0.08969665
0.09268641
0.08969593
0.08970356
0.10006738
0.09069848
0.08970380
0.08970046
0.08970404
0.08970332
0.09069872
0.08970022
0.08970356
0.09069705
0.09369063
0.08770823
0.09567642
0.08970094
0.08870339
0.09368634
0.08870697
0.08969998
0.08970356
0.08969998
0.08969951
0.08969188
0.08870363
0.09069610
0.09866643
0.09069657
0.09069705
0.09069753
0.08770704
0.08870363
0.08771062
0.08671260
0.08670950
0.08870769
0.08770657
0.08770657
0.09667659
0.09268594
0.09568071
0.09568024
0.08969593
0.09767842
0.09069657
0.09070086
0.08970022
0.09069657
0.08970118
0.08969808
0.09767437
0.09069943
0.09176183
0.08670974
0.08770680
0.08870625
0.08770323
0.08963704
0.08775759
0.09169722
0.08771038
0.08969951
0.09667730
0.08970046
0.08870625
0.08770990
0.08671403
0.09069395
0.08969593
0.08870339
0.08670950
0.08870697
0.09069657
0.08870363
0.09562016
0.09069347
0.09069777
0.08970356
0.08970022
0.09572721
0.08770561
0.08870363
0.08870316
0.08969998
0.09069228
0.09069729
0.10165691
0.08970428
0.08870387
0.08970380
0.09069681
0.08970022
0.08970022
0.08870339
0.08931255
0.08978629
0.08969927
0.09069252
0.09568000
0.09069681
0.09269094
0.08970213
0.09069681
0.08969617
0.08870292
0.08870196
0.08970404
0.09069633
0.09468007
0.09568429
0.08969903
0.09668040
0.09568000
0.09069657
0.08968735
0.08969975
0.08970118
0.08877707
0.08969474
0.09070063
0.08869934
0.09766865
0.08970022
0.09070110
0.08969712
0.08770585
0.08970594
0.09069848
0.09774184
0.08870339
0.08870673
0.08970523
0.09070134
0.09268904
0.09468341
0.08870697
0.08670616
0.08970404
0.08870339
0.08970451
0.09059238
0.08969998
0.08970380
0.09767580
0.09966683
0.08969998
0.09468341
0.09069848
0.08970380
0.09069777
0.09069586
0.08969688
0.08870244
0.08870649
0.08870292
0.09169364
0.09368324
0.08870268
0.08970356
0.08870697
0.09069800
0.09269381
0.09368348
0.09070110
0.09069657
0.09169030
0.08969784
0.09767365
0.08970118
0.09070086
0.08770704
0.09069777
0.08770657
0.09069633
0.08970428
0.08870697
0.08969688
0.08865690
0.09468579
0.09169698
0.09070063
0.08970094
0.08969712
0.09069729
0.09069657
0.08870316
0.09213781
0.08870673
0.09070086
0.09076095
0.09368706
0.09667611
0.08870459
0.08969569
0.08875465
0.09068465
0.08870435
0.08970022
0.09269333
0.09069967
0.08870339
0.09268737
0.09169340
0.09069490
0.08875847
0.09169745
0.08869958
0.08870292
0.08770180
0.08670688
0.09175062
0.09069705
0.08870769
0.10165858
0.08969975
0.09169674
0.08870506
0.08964467
0.08770633
0.08970404
0.08969975
0.08970547
0.08970237
0.08970332
0.09667730
0.09069681
0.09169698
0.09070039
0.08869982
0.09169364
0.09070039
0.08969998
0.09069681
0.08969927
0.09069657
0.08870053
0.09567642
0.09667635
0.08969545
0.09069657
0.09169388
0.09269047
0.08969641
0.08970332
0.08870292
0.09667635
0.09767270
0.09767747
0.08969975
0.08970046
0.09767318
0.09069657
0.08870745
0.08869958
0.09069705
0.08675528
0.08771038
0.08764482
0.09069705
0.09169793
0.08970118
0.08970380
0.08670950
0.08970070
0.09265232
0.09468365
0.08770299
0.08969569
0.08970308
0.09069681
0.09375811
0.09368682
0.09867334
0.08770657
0.08970070
0.08969998
0.08970356
0.08870697
0.08963394
0.09070086
0.09468317
0.08970404
0.10265279
0.08970022
0.08969951
0.09069467
0.08870554
0.08969975
0.09069633
0.08970380
0.08870721
0.08770728
0.08770585
0.08870745
0.09866762
0.08870387
0.08970022
0.09069657
0.08969975
0.09468150
0.09070039
0.08770609
0.08870459
0.08771014
0.09069657
0.08870173
0.09468317
0.08969975
0.09069800
0.08970404
0.08870578
0.08970380
0.08970404
0.09069681
0.08970046
0.08969665
0.08671427
0.08870339
0.09268999
0.09568405
0.08870363
0.08969998
0.09070086
0.09269381
0.09542394
0.09269190
0.09867001
0.08970380
0.09567976
0.08970308
0.10065937
0.09069657
0.08970070
0.08969927
0.08870769
0.08970499
0.08870196
0.09668207
0.08970308
0.08870673
0.08970380
0.08970189
0.09369087
0.08970046
0.09069681
0.08964562
0.08982015
0.09070063
0.10917354
0.08970046
0.08970428
0.08862829
0.09069633
0.08970261
0.10066485
0.08870316
0.09069705
0.09070039
0.08970428
0.09069443
0.08870173
0.09269381
0.09867001
0.09063148
0.09069657
0.08969998
0.09269118
0.08870721
0.08969927
0.08976722
0.08870006
0.08870316
0.08970404
0.08970046
0.08970356
0.08970094
0.08870697
0.08670688
0.09069300
0.09368277
0.08970094
0.08970404
0.08675528
0.08770919
0.09268975
0.08771157
0.08671021
0.08870149
0.08767509
0.09467769
0.08671355
0.09269071
0.08969569
0.08969998
0.09667659
0.08771014
0.08770633
0.08776736
0.08870697
0.08870721
0.08969975
0.08870387
0.08969736
0.10166407
0.08970404
0.08970404
0.08970380
0.08869958
0.08969998
0.08970332
0.08970380
0.09667826
0.08870673
0.08969998
0.08970118
0.09667277
0.09368682
0.08870292
0.08870292
0.08670974
0.09069586
0.08770728
0.08670998
0.08970404
0.08970356
0.08670640
0.08671308
0.09867072
0.08969975
0.08969998
0.08770943
0.08869910
0.08771086
0.08870435
0.08975434
0.08970165
0.08970380
0.09070015
0.08870363
0.09567642
0.09268999
0.08970046
0.09070039
0.09368658
0.08870602
0.08970022
0.08970070
0.08870339
0.08870316
0.09070015
0.09568119
0.09767628
0.09069872
0.09567738
0.08870697
0.08970380
0.08969641
0.08969665
0.08770370
0.08770561
0.08671403
0.08969998
0.08739281
0.10465217
0.09169698
0.08970380
0.09069633
0.09069610
0.09069991
0.08969688
0.08969545
0.08870339
0.09070158
0.08870721
0.08969665
0.09368682
0.08870625
0.08870625
0.08870339
0.08870721
0.08870292
0.08969641
0.08770752
0.08770633
0.08770227
0.09069657
0.09662104
0.09268737
0.08970022
0.08870339
0.08771038
0.08969975
0.08875036
0.08771086
0.08970380
0.08970356
0.08960271
0.08969927
0.09169388
0.09268951
0.08970046
0.08970237
0.08870673
0.08970094
0.08770990
0.08870339
0.08970380
0.08969998
0.09069800
0.09667683
0.09169030
0.09866977
0.09667301
0.09468436
0.08770585
0.08870697
0.08770680
0.08870697
0.08870387
0.08770204
0.08671379
0.08666682
0.08764553
0.09269357
0.08969831
0.08870816
0.08870721
0.08870411
0.09269381
0.08870721
0.08869958
0.08970428
0.08970380
0.08771062
0.08870721
0.09568024
0.09070086
0.09866738
0.09767342
0.08771038
0.08570957
0.08770251
0.08571696
0.08870769
0.08770680
0.09069705
0.08970165
0.09468722
0.09069848
0.08870316
0.08576560
0.08970428
0.09069705
0.09368467
0.08970022
0.08870339
0.09867358
0.08671355
0.08969998
0.09468436
0.08870411
0.09269023
0.08571243
0.08970428
0.08765888
0.09069228
0.08770323
0.08970380
0.08870268
0.08970428
0.08970094
0.09568357
0.08969951
0.09169245
0.09070110
0.09069777
0.08970404
0.08870268
0.08969545
0.08771014
0.08870029
0.08771086
0.08970022
0.09568286
0.08870649
0.09767699
0.09070063
0.08865261
0.08771062
0.08771086
0.08770704
0.08770514
0.08769846
0.08969975
0.08870196
0.09568024
0.08970237
0.09767294
0.08870745
0.09070063
0.09667754
0.09070063
0.09667826
0.08770752
0.08671260
0.09064770
0.08671069
0.09767771
0.08969164
0.08970356
0.08870697
0.08870435
0.08870268
0.09269094
0.08770657
0.10564613
0.08969975
0.09069705
0.09069657
0.09567952
0.08970046
0.08969998
0.08870554
0.08970380
0.08969617
0.08970118
0.08970308
0.09667420
0.08969998
0.08870268
0.09070039
0.09368467
0.08870387
0.09069872
0.08770895
0.08970261
0.08770967
0.08969975
0.09069967
0.08870339
0.08671427
0.09468317
0.08770752
0.09368682
0.08870316
0.08970380
0.09368467
0.09070039
0.08770680
0.08870411
0.08870316
0.08771086
0.08670974
0.08770680
0.08771038
0.09767222
0.09069800
0.09070110
0.08870101
0.08771157
0.08670998
0.08671021
0.08869982
0.09069681
0.08870745
0.08970404
0.08870268
0.09667253
0.09867072
0.08870697
0.08670926
0.09368443
0.09468722
0.09169722
0.08969688
0.10066724
0.09169292
0.08870745
0.09169579
0.09169149
0.08970022
0.08870316
0.08970499
0.08977008
0.09369016
0.08870482
0.09347153
0.08765054
0.08770704
0.08770633
0.09568000
0.08870244
0.09000874
0.08970404
0.09369087
0.08870530
0.08770680
0.08964515
0.09169388
0.08970332
0.08775496
0.08771110
0.09169555
0.09069467
0.08970046
0.08970380
0.08770418
0.09069657
0.08970404
0.08970404
0.09070086
0.08970380
0.08970118
0.08969998
0.09368420
0.09268737
0.08969975
0.08870292
0.08870387
0.08970404
0.08970356
0.09070063
0.08969951
0.08970046
0.08969641
0.08969450
0.08969688
0.09867287
0.08969760
0.08970380
0.08770609
0.09867382
0.08970380
0.08970022
0.09268999
0.08970404
0.08870316
0.08970475
0.09064078
0.10066223
0.08870339
0.08969951
0.08970380
0.09169650
0.09069657
0.08970022
0.08671045
0.08870316
0.09069681
0.08969975
0.09169173
0.09268761
0.08870578
0.08970404
0.08970022
0.08969927
0.08969927
0.09069586
0.08969831
0.08970404
0.08970356
0.08870292
0.09069729
0.09468317
0.08970070
0.08870673
0.08870244
0.09069657
0.08969951
0.08970094
0.08770680
0.08670664
0.08670974
0.08870363
0.09468746
0.09069729
0.08970046
0.08969903
0.09169412
0.08870316
0.08870363
0.08970118
0.08970022
0.08869958
0.08870625
0.10085464
0.08969736
0.09269166
0.08869910
0.08870316
0.08970022
0.08671236
0.08965230
0.08970022
0.08869958
0.08969760
0.08969617
0.08671498
0.08771086
0.09269071
0.08969975
0.08870459
0.08670974
0.08870459
0.08870268
0.09069610
0.08970404
0.09069657
0.09567499
0.08869982
0.08870673
0.09767365
0.08870435
0.09070110
0.08776975
0.08771086
0.08770633
0.08970356
0.10066724
0.08671379
0.08670664
0.08670974
0.08870554
0.09368324
0.08870268
0.08970237
0.08671188
0.08969998
0.08770633
0.08969975
0.08969975
