0.09866595
0.09069824
0.09767342
0.08869958
0.09069657
0.08770657
0.08770704
0.08770847
0.08970356
0.09269071
0.10664272
0.09169340
0.09076118
0.08671069
0.08870292
0.08870435
0.08970380
0.08870745
0.08869839
0.08870482
0.09070015
0.08970642
0.09468317
0.08970380
0.09169316
0.08969975
0.08970022
0.08571815
0.08771038
0.08969831
0.08870101
0.09368181
0.08869982
0.09866619
0.09767294
0.08970404
0.08969617
0.08969831
0.08969975
0.09766960
0.08870745
0.09468699
0.08870721
0.08770251
0.08870053
0.09069395
0.10564423
0.08869982
0.08970380
0.08870673
0.08770657
0.08969998
0.08969998
0.08770323
0.09070086
0.08970284
0.09368920
0.09568262
0.09667683
0.09069300
0.08970332
0.09269023
0.09468341
0.08770967
0.08897066
0.08770370
0.08671093
0.08770514
0.09369063
0.08970022
0.09468293
0.08870339
0.08870363
0.08969688
0.08870387
0.09867024
0.09667706
0.08870077
0.08870769
0.09767342
0.09268308
0.09069753
0.10764456
0.08970404
0.08870149
0.08969593
0.09766960
0.08770800
0.08671021
0.09169292
0.08671117
0.08975959
0.08970022
0.08970404
0.09967065
0.09568405
0.08870125
0.08975840
0.07474852
0.08771038
0.08770609
0.08770704
0.09069657
0.08771086
0.08771038
0.08775973
0.09169722
0.08970428
0.08970356
0.09767818
0.08870435
0.08870339
0.09269094
0.09070086
0.08969831
0.08870697
0.08970022
0.08869982
0.09269381
0.08969951
0.08970141
0.08965421
0.08870697
0.08970046
0.08869958
0.09169388
0.08969784
0.08870625
0.08870387
0.09169769
0.08970284
0.08870292
0.08969998
0.09169030
0.08870196
0.08870292
0.08969975
0.08970404
0.08969998
0.08970428
0.08970308
0.09568429
0.09069681
0.08870316
0.09355640
0.09565973
0.08970356
0.08969998
0.08870387
0.08970428
0.08870316
0.08870268
0.09164691
0.09169149
0.09069705
0.09667706
0.08969879
0.08770370
0.08770657
0.08870292
0.08970404
0.08969879
0.09069729
0.08670950
0.09867120
0.09867001
0.08970547
0.08870721
0.08770609
0.08770680
0.09069633
0.08870363
0.08870101
0.08969641
0.08970356
0.09368849
0.08969545
0.09169364
0.08969998
0.09070110
0.08969998
0.08870459
0.08870697
0.08670926
0.08870363
0.08970380
0.08970356
0.08970380
0.09069419
0.09268737
0.08870244
0.08870363
0.08970189
0.08970380
0.08969951
0.08771014
0.08870006
0.08671021
0.08770490
0.08770537
0.08969665
0.08970261
0.09767032
0.08969736
0.09568024
0.09268641
0.08771086
0.08970356
0.08671045
0.08771062
0.08770943
0.09368634
0.08870387
0.08870316
0.09468341
0.08870387
0.09866595
0.08870816
0.08671355
0.08969975
0.09368372
0.08771038
0.08770275
0.08571339
0.08869910
0.08670664
0.13056087
0.08870339
0.08869958
0.08969617
0.08970022
0.08770132
0.08969688
0.09268999
0.08870339
0.08969831
0.08870387
0.08970165
0.08870029
0.09268999
0.08969975
0.08970308
0.08970380
0.08870649
0.09069800
0.08970404
0.08970022
0.08969998
0.08970070
0.08970213
0.08870339
0.09866643
0.09069633
0.08771086
0.09070039
0.08870721
0.08970356
0.08970380
0.08869958
0.08975410
0.08970165
0.09269023
0.08870292
0.09368706
0.09369135
0.08870697
0.08969975
0.08770680
0.08969975
0.08870482
0.08869958
0.08870339
0.08970380
0.10956287
0.08870673
0.09468293
0.09568071
0.08970046
0.08970356
0.08969975
0.08870530
0.08770347
0.08870292
0.08970022
0.08856392
0.08938146
0.08969951
0.08869886
0.10465074
0.08870363
0.08970046
0.08970070
0.08970308
0.08970022
0.08969975
0.08970046
0.08969641
0.10464644
0.08870792
0.08870006
0.09158516
0.09169221
0.09069300
0.08869958
0.09467936
0.08870268
0.08870173
0.08770561
0.08870792
0.08770633
0.08870673
0.08870673
0.08870649
0.09368587
0.09368634
0.08969641
0.08869958
0.08870697
0.08969998
0.08870649
0.08870649
0.08771062
0.08770633
0.08670640
0.08864880
0.09567714
0.08870697
0.08969688
0.08770323
0.08765340
0.08775473
0.08970284
0.08866048
0.08970308
0.08970118
0.08970404
0.08969998
0.09268689
0.08970046
0.09069395
0.08969474
0.08870292
0.09069371
0.08969975
0.08969879
0.08775878
0.08870697
0.08870292
0.09067082
0.09269071
0.09468246
0.08870125
0.08969975
0.08970475
0.08963680
0.08870244
0.08969951
0.08969975
0.08870625
0.08870149
0.09667683
0.09169340
0.09467936
0.08969951
0.08870339
0.08969975
0.08869982
0.08970284
0.08970165
0.08865047
0.08969641
0.08870697
0.08770394
0.09069943
0.09168959
0.09866953
0.08969617
0.08870435
0.08571315
0.08776188
0.09268737
0.08876061
0.09867287
0.08869958
0.08870673
0.09070063
0.09269047
0.09368682
0.08969975
0.08970141
0.08969975
0.08870292
0.08870316
0.08876181
0.08870339
0.08969760
0.09075165
0.08869982
0.09468317
0.09866977
0.10066295
0.08771038
0.08770895
0.08969927
0.08970356
0.08970404
0.09268999
0.09070039
0.08970261
0.08969951
0.08969998
0.09169388
0.08969593
0.08870697
0.09567857
0.08671165
0.08770514
0.09667921
0.08969975
0.08770800
0.08870101
0.08770943
0.09667325
0.08953381
0.08831811
0.08870363
0.09069848
0.09269428
0.08970356
0.08770704
0.08870387
0.08870363
0.08770251
0.08770990
0.09966350
0.08969665
0.08970380
0.08770895
0.09070158
0.08870363
0.08970380
0.09070063
0.08875966
0.08870363
0.08969975
0.08970499
0.09169245
0.10166025
0.09070039
0.08771014
0.08770776
0.08766270
0.08770657
0.08969975
0.09069705
0.09368658
0.08976364
0.09069705
0.10165644
0.08870220
0.08969736
0.09468699
0.09069586
0.09069943
0.09069657
0.09070039
0.09069562
0.09069705
0.09174514
0.09035516
0.10403991
0.09169102
0.09867024
0.09070063
0.09169078
0.09169745
0.09668016
0.09169507
0.09169698
0.09269404
0.09368634
0.09867167
0.11262345
0.09268689
0.09269023
0.09169364
0.09268880
0.09268999
0.09070086
0.09169459
0.09268880
0.09169698
0.09169340
0.09070063
0.09667969
0.09169745
0.09169221
0.08969641
0.08970189
0.08968830
0.09069657
0.09567809
0.08664322
0.08969998
0.09070206
0.09069633
0.09468770
0.08969951
0.09767962
0.08770633
0.08870721
0.08776665
0.09169817
0.08770633
0.08765268
0.08770657
0.08875442
0.08970213
0.09469795
0.09069586
0.09070086
0.08870721
0.08970070
0.09070110
0.08970022
0.09263396
0.08870101
0.08870578
0.08965039
0.08870697
0.09369063
0.09767270
0.08969998
0.08970356
0.09069490
0.08969569
0.09070015
0.09069824
0.08970404
0.09070086
0.08969617
0.08869934
0.08969998
0.09468055
0.09966683
0.08870363
0.08969903
0.08969736
0.08970428
0.08970380
0.08870697
0.08969998
0.08770299
0.08870292
0.08671451
0.09169865
0.08870173
0.10365319
0.08970380
0.08770609
0.09069777
0.08770204
0.08870578
0.08870268
0.09468293
0.08869982
0.08870363
0.09275556
0.09369063
0.09069133
0.08970356
0.09174991
0.08970118
0.09069777
0.08770275
0.08870006
0.08770585
0.08969617
0.08870292
0.08770657
0.09568048
0.08970451
0.08970451
0.10664630
0.09075570
0.08671379
0.08869863
0.08507371
0.09867382
0.08970404
0.08770323
0.08870459
0.09568048
0.08969975
0.08970022
0.09867001
0.08970308
0.08869982
0.08975577
0.09767342
0.08969998
0.08970428
0.08969998
0.08975387
0.10464978
0.08870387
0.10963273
0.09222817
0.09521699
0.08970022
0.09568357
0.08876133
0.08770633
0.09767365
0.08969688
0.08970308
0.09867001
0.09467983
0.09468412
0.09070063
0.08969998
0.08870673
0.08870363
0.08970332
0.09212160
0.08970356
0.08870459
0.08770776
0.09468794
0.08970404
0.08770370
0.08770967
0.08970380
0.09269428
0.08970308
0.08876657
0.08870363
0.08965302
0.08970380
0.08870292
0.09966636
0.09069705
0.08870697
0.08870316
0.08870697
0.08970428
0.08870411
0.09269047
0.08970332
0.08870387
0.08770299
0.08870292
0.09069371
0.09509706
0.09286737
0.08870149
0.08770633
0.08970404
0.08870363
0.08870125
0.08870697
0.08770323
0.08777666
0.08671379
0.08870220
0.09867024
0.08970022
0.08870316
0.09069443
0.08970380
0.08970404
0.08870316
0.09966707
0.09562087
0.08970380
0.08870697
0.08970594
0.09966302
0.08870411
0.08870125
0.08970165
0.09268951
0.08970022
0.08771038
0.08770275
0.09767723
0.09867048
0.09468365
0.08870721
0.10370779
0.08870316
0.08870459
0.08771062
0.08776307
0.10066748
0.09169316
0.08770776
0.08970046
0.08870244
0.08870292
0.08970332
0.09169316
0.09169388
0.09568000
0.10066628
0.08970380
0.08969998
0.08870292
0.09069657
0.08969665
0.08970046
0.08869958
0.08870363
0.08870721
0.09467959
0.08969975
0.08969712
0.08870244
0.08770752
0.09568334
0.08969665
0.08970094
0.08969903
0.08870339
0.08870769
0.08870339
0.09867024
0.08969569
0.08870459
0.08970332
0.08970404
0.08870721
0.09169316
0.08969617
0.08870673
0.08970404
0.08970022
0.08970022
0.09368277
0.09767342
0.08970404
0.08970022
0.08969998
0.08970022
0.08970666
0.09069252
0.08870721
0.10265613
0.08969569
0.08870101
0.11162686
0.08870339
0.08870816
0.08970141
0.08970356
0.08870363
0.08970165
0.08969712
0.08970046
0.08870673
0.08864999
0.09070063
0.09568048
0.08870411
0.08870435
0.08970380
0.09468341
0.08870387
0.08969617
0.10465455
0.09168983
0.09667253
0.08969641
0.09069800
0.09568357
0.08970189
0.08970284
0.08969855
0.08969808
0.08969975
0.09567547
0.09070039
0.08969617
0.08970428
0.08670616
0.09069228
0.09368324
0.08870435
0.08775520
0.09568000
0.08770990
0.09069824
0.09069633
0.07979941
0.08870649
0.08969688
0.08870125
0.09468246
0.09168983
0.09070015
0.08870435
0.08868551
0.08970404
0.08870316
0.09069633
0.08969760
0.08969951
0.08870268
0.08970380
0.09069324
0.09069633
0.08870006
0.09169722
0.08770633
0.08969331
0.08869982
0.08970380
0.08970308
0.09075665
0.09269190
0.08970404
0.09169388
0.09069252
0.08870316
0.08969927
0.08975267
0.08770633
0.08870721
0.09069610
0.08869910
0.08670902
0.08870459
0.08969617
0.08869910
0.10465336
0.08969998
0.09069252
0.08870316
0.08870292
0.09867382
0.08869934
0.09069777
0.08870244
0.08870339
0.08969688
0.08869958
0.09462810
0.08970118
0.08970428
0.08970428
0.08870387
0.08970022
0.08870077
0.08969903
0.08970022
0.08970118
0.08870292
0.08969998
0.09568024
0.09268570
0.08970404
0.08970451
0.08870006
0.08969927
0.08870316
0.09069347
0.08870697
0.08771014
0.08865786
0.08671474
0.08671498
0.09667611
0.08969975
0.08970451
0.09069991
0.08970332
0.08976364
0.08969593
0.08870602
0.08970404
0.08870387
0.08870339
0.08970046
0.09568095
0.08969712
0.08770370
0.08870077
0.08970022
0.08969593
0.08870649
0.08970070
0.08969951
0.08870006
0.08870816
0.08870411
0.08770347
0.10764027
0.08869910
0.08679295
0.08970118
0.08969569
0.08870721
0.09269142
0.08870745
0.08870745
0.08869839
0.08969617
0.08969998
0.09567857
0.08969927
0.08870006
0.08927894
0.09070039
0.08969760
0.08969998
0.08969712
0.08869863
0.09458399
0.08771038
0.09369159
0.10066390
0.09069729
0.08969998
0.08970332
0.09169316
0.09069657
0.08970356
0.08970404
0.09762740
0.08969998
0.08970356
0.08870745
0.09069824
0.09069777
0.09109545
0.08970380
0.08969998
0.09069681
0.08870792
0.08970547
0.09169006
0.09667301
0.09673357
0.08975768
0.08970380
0.09275413
0.08969975
0.08969998
0.08874941
0.08869934
0.08770585
0.08771563
0.08770728
0.08770657
0.08970022
0.09169006
0.08970070
0.09268594
0.08970404
0.09069681
0.08970046
0.08770919
0.08870721
0.08671021
0.08870769
0.08771038
0.08870292
0.09069800
0.08870053
0.08969784
0.09568167
0.09069705
0.08970284
0.08970380
0.08869910
0.08770394
0.08869910
0.08870387
0.08870864
0.08945918
0.09024072
0.08969665
0.09468365
0.09269381
0.08970451
0.09069610
0.08969975
0.08969641
0.08869886
0.08670974
0.08870006
0.08870649
0.08970022
0.09473443
0.09269452
0.09069991
0.08970356
0.08970380
0.09069252
0.08969998
