0.09667301
0.09069276
0.08870244
0.09069991
0.09268999
0.08970189
0.08970022
0.08969641
0.09568024
0.08870316
0.08870745
0.08969593
0.08870387
0.08970237
0.08870220
0.08864594
0.08870745
0.09268999
0.08870292
0.09368229
0.08770323
0.09078312
0.09069657
0.10066271
0.08870387
0.08870578
0.08870316
0.09174895
0.08670592
0.08671045
0.08570981
0.09169054
0.08870244
0.08870387
0.09268546
0.08670974
0.08770633
0.08670831
0.09069991
0.09368300
0.08770347
0.09069848
0.08870316
0.09368658
0.08969975
0.08870769
0.08870268
0.08969617
0.08974981
0.08870363
0.08970022
0.08970261
0.09667373
0.08864641
0.08671045
0.09368825
0.08969665
0.08870745
0.09069324
0.09269023
0.09069300
0.08870769
0.08870673
0.08870339
0.09069681
0.08869934
0.08870721
0.10066104
0.08969998
0.09169245
0.08870339
0.08870316
0.08869982
0.08970404
0.08870673
0.08870769
0.09268880
0.08770704
0.08969808
0.09468341
0.09069633
0.09867382
0.08870697
0.08970356
0.08969998
0.08969688
0.08813286
0.08652282
0.08970022
0.08969808
0.09168959
0.09767747
0.09069896
0.08870292
0.08970022
0.09667706
0.10166001
0.08970141
0.09069300
0.08969712
0.08970332
0.08870697
0.09768009
0.08770752
0.08970070
0.09070086
0.09070086
0.09169722
0.08963156
0.08969688
0.09070086
0.08970380
0.09468365
0.09069324
0.10564709
0.09867096
0.09070039
0.08870316
0.08970213
0.09069824
0.08870673
0.08869934
0.09268975
0.08970022
0.08970094
0.10165977
0.09069777
0.08969998
0.08970094
0.08870721
0.08970332
0.08970022
0.09119630
0.08870721
0.08827209
0.09568000
0.09268975
0.09069967
0.09568095
0.08975124
0.09568620
0.08870316
0.09069657
0.09169340
0.08970308
0.09169436
0.08970141
0.09568024
0.09070086
0.08969975
0.08771062
0.08970022
0.08770943
0.09168959
0.08969760
0.08870006
0.10172200
0.09069324
0.09467959
0.08970356
0.09368682
0.08771062
0.09069705
0.09070086
0.08870721
0.08671284
0.09075165
0.08870435
0.09070063
0.09667683
0.08770680
0.08770943
0.09062529
0.08671141
0.09169674
0.08969927
0.09269047
0.08970022
0.08870411
0.09169364
0.09169364
0.08870673
0.08870697
0.09268951
0.09667349
0.09069562
0.09069943
0.08970189
0.08870316
0.09468436
0.09269190
0.08870745
0.08869934
0.08970380
0.08969665
0.08870029
0.08970022
0.09468317
0.08970284
0.08969545
0.09069777
0.09169793
0.08970380
0.08870339
0.09069657
0.09169436
0.08970356
0.09168959
0.08970284
0.08970022
0.09069324
0.09169054
0.08770657
0.08671045
0.09368706
0.09169626
0.09269381
0.09568429
0.09169412
0.09069896
0.09169650
0.09069872
0.09169364
0.09069920
0.08870721
0.09169340
0.08970141
0.09069896
0.09369087
0.08970022
0.09173632
0.09069419
0.09368682
0.08970070
0.08975315
0.09169245
0.09867334
0.09069443
0.09174776
0.08970881
0.08975744
0.09070039
0.08970404
0.09268737
0.09069991
0.08876348
0.09069753
0.08870363
0.09169388
0.08970189
0.08970380
0.08965254
0.08970380
0.08770657
0.09269118
0.08870387
0.09169388
0.09269524
0.08964276
0.09268689
0.09468126
0.09070063
0.08770800
0.08865929
0.08970022
0.09860015
0.09069681
0.08969998
0.08770323
0.10265708
0.08671069
0.08732438
0.09767747
0.08870173
0.09069538
0.09468722
0.08870029
0.09070015
0.08670640
0.09063578
0.08878279
0.08771038
0.09069991
0.09169483
0.08771014
0.09070015
0.08970189
0.09163737
0.08770347
0.08970022
0.09368515
0.08870673
0.09269071
0.08970189
0.09468341
0.08869958
0.09070086
0.09274912
0.08771157
0.08870339
0.09169436
0.08770633
0.09069729
0.08963513
0.09069300
0.08870339
0.09069300
0.09268975
0.09069633
0.09070086
0.09169078
0.08970046
0.09069753
0.08969688
0.08876252
0.09268999
0.09169483
0.09169698
0.09169507
0.09268618
0.09169316
0.09069633
0.08970284
0.09468699
0.08870769
0.08969879
0.09070063
0.09269166
0.09368730
0.08970070
0.09168434
0.08875799
0.08970380
0.09169364
0.08969688
0.08970380
0.08970428
0.09269023
0.09368706
0.08969879
0.08969951
0.09274411
0.08770657
0.08965278
0.08970356
0.08970356
0.08870339
0.09368658
0.09069681
0.09169364
0.08969712
0.09069991
0.08970451
0.08976245
0.08970451
0.08665705
0.08770657
0.08870697
0.09567595
0.09169221
0.09568000
0.09169602
0.08969259
0.08970356
0.09169364
0.08969975
0.08870316
0.08970714
0.08970451
0.08770728
0.08870673
0.09667754
0.09069681
0.08870411
0.09667349
0.08770919
0.09069657
0.08770657
0.08870339
0.08870745
0.08964205
0.08970404
0.09867382
0.09069800
0.09767032
0.08770967
0.08875537
0.08770561
0.08770037
0.08670998
0.08870339
0.08875036
0.08975291
0.08970189
0.09667683
0.08870363
0.08970451
0.08975935
0.09074855
0.08969951
0.08970404
0.09972048
0.08870339
0.08870721
0.08970284
0.09767509
0.09069705
0.08970451
0.09069610
0.09169674
0.08970380
0.09069681
0.09268999
0.09069657
0.09268737
0.09196377
0.09169698
0.09667754
0.09767342
0.09169745
0.09568024
0.09169340
0.09070086
0.09369159
0.09069943
0.09269500
0.09174705
0.09070015
0.09263229
0.09567881
0.09269118
0.09269404
0.09169030
0.09667802
0.08969998
0.08970308
0.09070015
0.08963490
0.09069705
0.09169340
0.09660363
0.09269166
0.08969784
0.08870578
0.08969855
0.08970380
0.08969665
0.08870292
0.09070063
0.08870363
0.08969975
0.09169292
0.09667325
0.08969593
0.09667659
0.08969998
0.08969975
0.08671427
0.09268975
0.08870602
0.08970022
0.09667659
0.09568357
0.08970046
0.09568048
0.09069657
0.08970380
0.08770990
0.08770680
0.08671308
0.08969998
0.08970356
0.08870316
0.08870673
0.12258959
0.08665776
0.10265636
0.08870387
0.08870673
0.08671355
0.08870316
0.08770943
0.08771110
0.08671117
0.08770680
0.08875275
0.08671379
0.08671212
0.09268641
0.08870482
0.09268999
0.08969665
0.08969688
0.08970308
0.09170270
0.08969593
0.09069777
0.08869982
0.08975387
0.09169292
0.10165954
0.08970046
0.09069753
0.08770680
0.09069157
0.08870220
0.08970332
0.08970356
0.08764768
0.08965564
0.08770680
0.08670807
0.09767008
0.08970189
0.08870411
0.10066319
0.08870673
0.08969665
0.09070063
0.08970380
0.09667659
0.08970356
0.08970284
0.09368634
0.10066438
0.08969951
0.09069967
0.09069657
0.10265660
0.08870769
0.08771086
0.08770680
0.08770657
0.09269047
0.08870029
0.08870268
0.09568429
0.08969951
0.09468389
0.08869886
0.09069610
0.08970356
0.09368730
0.08970094
0.08970404
0.08969998
0.09069681
0.09169555
0.09667587
0.09069562
0.09568286
0.08870578
0.08970428
0.08670521
0.08671355
0.08870363
0.08870673
0.11063004
0.09269524
0.09568000
0.09069657
0.08969975
0.09070086
0.08770823
0.08970356
0.08970380
0.08870339
0.08870363
0.09069419
0.08870244
0.08970380
0.09368706
0.09070063
0.09069896
0.08970237
0.08970332
0.08969760
0.09368658
0.08771062
0.08970332
0.08869934
0.08970380
0.08870721
0.09169340
0.09169555
0.08970356
0.08870769
0.09069276
0.09069395
0.08970022
0.08970332
0.08970356
0.09069848
0.08079886
0.08969808
0.08969617
0.09967065
0.08970046
0.08970356
0.08870697
0.08969998
0.08870411
0.10066152
0.08970356
0.09069657
0.08870292
0.09169126
0.09169483
0.09268665
0.08970022
0.08970356
0.08969712
0.08869982
0.08965588
0.08670592
0.08771038
0.08771014
0.08770657
0.08870411
0.10464954
0.09169316
0.08870697
0.08770680
0.08870006
0.08870173
0.08770895
0.08665633
0.08771110
0.08970237
0.09070063
0.09069514
0.09369063
0.08870888
0.09369063
0.08956027
0.08771038
0.08770370
0.08665943
0.09867215
0.08969998
0.09536529
0.09882259
0.08970404
0.09667706
0.09076381
0.08969998
0.09069681
0.08969975
0.08870292
0.09069586
0.10066342
0.09673309
0.08970356
0.08969975
0.09867024
0.08970141
0.08969712
0.09269023
0.09568024
0.09169102
0.09368324
0.09169030
0.09069967
0.09069705
0.09275365
0.09568334
0.09268618
0.09268999
0.08970356
0.10764360
0.09069657
0.08969998
0.08969617
0.08870363
0.09068727
0.09269404
0.09668064
0.08970261
0.08970118
0.08870649
0.09169364
0.08970380
0.08870697
0.08770728
0.08870101
0.08870411
0.08969998
0.09468341
0.09070158
0.08970022
0.09557676
0.09070063
0.08970332
0.08770990
0.09169364
0.08970308
0.08870339
0.08870721
0.09374714
0.09069729
0.08969569
0.08870530
0.08768058
0.09069705
0.08970475
0.09069371
0.08870268
0.08870721
0.08670974
0.09269428
0.08770943
0.08870578
0.08870578
0.08970380
0.09069633
0.09069681
0.09069681
0.08969951
0.08970022
0.08870411
0.09169388
0.09069228
0.09069896
0.08771038
0.08670664
0.08870482
0.09164286
0.08770990
0.09369111
0.08970380
0.08869886
0.09474683
0.08970308
0.09070086
0.08771086
0.08870006
0.09169340
0.09069681
0.08970022
0.09069538
0.08969879
0.09169316
0.09468293
0.08969998
0.08970356
0.08776641
0.09061265
0.08970428
0.09070086
0.08970451
0.08970404
0.09169364
0.08969641
0.09069800
0.09169745
0.08970404
0.09175181
0.08863759
0.08770704
0.08970332
0.08969998
0.09169722
0.09070063
0.08970284
0.09568429
0.09866905
0.09368324
0.08970475
0.08969808
0.09070015
0.09069300
0.08870745
0.09069610
0.08771086
0.09468412
0.09070063
0.09064245
0.10045409
0.09017372
0.09069514
0.09069276
0.09169364
0.08975601
0.09069753
0.08870745
0.08970284
0.09169316
0.09667301
0.08969927
0.10963345
0.09069729
0.08870769
0.08969998
0.09368372
0.08970213
0.09368706
0.09069681
0.08870697
0.08870268
0.09568024
0.09268999
0.09169388
0.08869958
0.09069777
0.08975673
0.09175253
0.09158731
0.09070110
0.08970404
0.08770704
0.08969617
0.08970189
0.09368610
0.08969998
0.08870292
0.08770680
0.08771062
0.08970022
0.08970356
0.08670974
0.08770680
0.09169436
0.08969975
0.08870363
0.10616422
0.08970046
0.08870769
0.09468269
0.08969593
0.08970046
0.09069300
0.09069586
0.08970308
0.08970380
0.08970380
0.09163713
0.09269094
0.09667373
0.09069252
0.08970451
0.08770609
0.09667325
0.09070063
0.09069633
0.09069896
0.08970380
0.08970380
0.10664010
0.08970022
0.08970380
0.08766222
0.08870173
0.08975744
0.08870697
0.08870339
0.09070134
0.08970380
0.08970380
0.08969998
0.10066843
0.08869958
0.08870339
0.08870244
0.08770442
0.08770680
0.08770847
0.08870411
0.08771062
0.08976007
0.08770680
0.08970022
0.09567618
0.09168959
0.09069657
0.08964777
0.08970189
0.08963156
0.08870721
0.08870745
0.08870697
0.08970046
0.08969617
0.09268975
0.10066342
0.08870721
0.08870769
0.08870077
0.09075522
0.08670831
0.08770919
0.08970070
0.08870387
0.09069514
0.08771014
0.09069729
0.09667826
0.08969975
0.08870816
0.09069633
0.09069967
0.09070063
0.09966660
0.08969879
0.08870721
0.08870602
0.10165977
0.09568048
0.09268999
0.09069681
0.09070110
0.09269094
0.09069681
0.09767103
0.10564303
0.08970284
0.09070039
0.09169364
0.09169722
0.10165858
0.09767294
0.09169340
0.09468341
0.09268951
0.09169006
0.09169126
0.08969975
0.09069633
0.09169745
0.09069800
0.09668088
0.09867096
0.09268975
0.09668040
0.09169316
0.09169698
0.09667897
0.09169388
0.09068847
0.09867382
0.08970380
0.08870316
0.09368801
0.09468484
0.09269381
0.09169245
0.09269047
0.09966683
0.09368300
0.09568238
0.09169722
0.09169745
0.09368658
0.10066342
0.09767294
0.09368682
0.09268999
0.09269357
0.09269357
0.09169340
0.09269023
0.09069657
0.08969688
0.09268904
0.09468722
0.08970428
0.10166001
0.09169722
0.09269357
0.09169102
0.09069681
0.09169698
0.10764003
0.09269023
0.09069705
0.09269357
0.09169745
0.09070039
0.10066271
0.09268999
0.09070086
0.09070063
0.09867501
0.09168839
0.09068489
0.09175134
0.09070086
0.09069371
0.08969998
0.09069681
0.09966755
0.09070015
0.09070134
0.08970094
0.08969927
0.09070039
0.08771086
0.08770347
0.08870721
0.08663917
0.08770323
