0.09667921
0.09269023
0.09169722
0.09268594
0.10733604
0.09269047
0.09268951
0.10265613
0.09169602
0.09368658
0.09767747
0.09269214
0.09269071
0.09169340
0.09269071
0.09668088
0.09369016
0.09169722
0.09269381
0.09269452
0.09368706
0.09668016
0.09269404
0.08970380
0.09066391
0.09767389
0.09169722
0.09269357
0.09263420
0.09269023
0.10066032
0.09070039
0.09368277
0.09069657
0.09169340
0.09468365
0.09169769
0.09069800
0.09568071
0.09164929
0.09568024
0.09070086
0.08968997
0.09169626
0.09267497
0.09268808
0.09069419
0.09070110
0.09568000
0.09069657
0.09169555
0.09069991
0.08970404
0.08969569
0.09268975
0.09169745
0.09169292
0.08970380
0.08870363
0.08870459
0.09069228
0.08671284
0.08771038
0.08870602
0.08970070
0.09867001
0.08969927
0.12259078
0.09069657
0.08970380
0.09269476
0.09070039
0.09069538
0.08969688
0.09268641
0.08870721
0.09268951
0.08870387
0.08970356
0.08770943
0.09269452
0.09368682
0.09069538
0.08870006
0.08970213
0.08970380
0.09070086
0.09168959
0.09468794
0.08969998
0.08771110
0.09069610
0.08870316
0.08771086
0.08757186
0.09070039
0.08969593
0.09070063
0.08870316
0.09368348
0.08920884
0.09169340
0.08969975
0.09368777
0.08970404
0.08765841
0.08770299
0.08671379
0.08771086
0.09070015
0.08870411
0.10066128
0.08870363
0.08970428
0.08970380
0.08864331
0.08970451
0.09069705
0.08870244
0.08869934
0.08970380
0.08870339
0.09069681
0.10265279
0.09073830
0.08969975
0.08870697
0.09070039
0.09069681
0.08970213
0.08969975
0.08969903
0.08870673
0.09468794
0.09069800
0.09667778
0.08970094
0.09069848
0.08870625
0.08969998
0.08870316
0.08671212
0.08770609
0.09070015
0.09368467
0.09966850
0.08571434
0.09069657
0.09169364
0.09069777
0.09069991
0.08870339
0.08970380
0.09070063
0.08870649
0.08969998
0.08970022
0.09069395
0.08870339
0.09169912
0.10465050
0.08969951
0.08970284
0.08969975
0.09169698
0.08970094
0.09169054
0.08970165
0.08970022
0.08970046
0.10664344
0.09966516
0.09268928
0.08969975
0.08970451
0.08869839
0.08969879
0.08970428
0.09069681
0.08870220
0.09169340
0.09069610
0.09667659
0.09069252
0.10166025
0.08970022
0.08870387
0.09058642
0.08869934
0.08870363
0.09568024
0.08771110
0.08770633
0.08770680
0.10166335
0.09368777
0.09169745
0.08870006
0.08870387
0.09269381
0.09368396
0.09668016
0.08770633
0.08870244
0.09064174
0.08970428
0.08770251
0.09268832
0.09966516
0.09269094
0.08870697
0.08970141
0.08970022
0.08870053
0.08765340
0.08969736
0.09069848
0.08969951
0.09069872
0.09069967
0.10066295
0.08870339
0.08870625
0.08869863
0.08870316
0.09069633
0.09468770
0.08870316
0.09169817
0.08975339
0.08976197
0.08870029
0.09567666
0.09668040
0.09268641
0.08870673
0.09070039
0.09069633
0.09069848
0.08970404
0.08870673
0.08770251
0.08671379
0.08870459
0.08969665
0.09269428
0.08970046
0.08970332
0.09069681
0.08969998
0.08969998
0.08969998
0.08970094
0.09070110
0.09069538
0.08870721
0.08870339
0.10066056
0.08970094
0.09069967
0.08969998
0.09069347
0.09169221
0.08970022
0.08970022
0.08870339
0.08870244
0.08869505
0.08770251
0.09567761
0.09069490
0.08970404
0.09069753
0.08771205
0.08870482
0.08870292
0.08870339
0.08870387
0.08970356
0.08969998
0.08969712
0.09468317
0.08970380
0.08970022
0.09069705
0.08771038
0.09069633
0.08770633
0.08970404
0.08969998
0.08870387
0.09069657
0.09268808
0.10365343
0.08970380
0.08770800
0.08770633
0.08870339
0.08970046
0.09767389
0.08969641
0.09175587
0.09667373
0.08870316
0.10166407
0.08970380
0.08970022
0.08778596
0.08771062
0.09069681
0.08970022
0.08970046
0.08870745
0.08771038
0.08869934
0.08870125
0.09169364
0.08969975
0.08870316
0.08770514
0.08969951
0.08771133
0.08970213
0.08870363
0.09070086
0.08970094
0.09168959
0.09368730
0.08969998
0.08970070
0.08870697
0.08969760
0.09169102
0.09069729
0.08869982
0.08970213
0.08969975
0.08970380
0.09069276
0.08970141
0.08969641
0.08571720
0.08670592
0.09175062
0.08870554
0.09063721
0.08969975
0.08770323
0.08970284
0.08870697
0.09368658
0.08870268
0.08970380
0.09069681
0.08870769
0.08770704
0.09268689
0.08970308
0.08870029
0.08870769
0.09368801
0.09269166
0.08970118
0.08970404
0.08969975
0.08870149
0.08969665
0.08970380
0.08969259
0.08870745
0.08870602
0.08969617
0.08970070
0.09169626
0.09568024
0.08969975
0.09667683
0.08970237
0.09069324
0.08870316
0.08970094
0.08870292
0.08970022
0.08969998
0.09867048
0.09268999
0.09368944
0.08969951
0.08969998
0.09468317
0.10165763
0.09169054
0.09069300
0.09568000
0.09169531
0.10265326
0.09169006
0.08870316
0.08970237
0.08969998
0.08970499
0.08970046
0.08870673
0.08870888
0.08972287
0.08670950
0.08771181
0.09468102
0.08870363
0.08970046
0.08870697
0.08970404
0.08770680
0.08869982
0.08870292
0.09568357
0.08970356
0.08870316
0.08770657
0.09069467
0.08842874
0.08970022
0.08870745
0.09169364
0.08970356
0.09069324
0.09468532
0.08969998
0.08870363
0.08970356
0.08970022
0.09169698
0.09368658
0.09069300
0.08970118
0.08870077
0.09169245
0.09867048
0.09268999
0.09567714
0.09567404
0.08970022
0.08870721
0.09169531
0.09169364
0.08970404
0.08870316
0.08770323
0.09567714
0.08570838
0.08770347
0.08870673
0.08969998
0.08969998
0.08969522
0.09168911
0.09169340
0.08970022
0.08970547
0.08869934
0.09070063
0.08870721
0.08970022
0.08870745
0.08870697
0.08870339
0.08870673
0.08776832
0.09468651
0.08976102
0.09169221
0.09069681
0.08969665
0.08969617
0.09069681
0.09268999
0.08969784
0.08666229
0.08970141
0.08970404
0.09966826
0.08969951
0.08969951
0.09369063
0.08770657
0.08870053
0.08970380
0.08969593
0.08970428
0.08976054
0.08964300
0.08770108
0.09467912
0.09069777
0.09070086
0.08969998
0.09070158
0.08970022
0.08970404
0.08870316
0.08969903
0.08666348
0.08870721
0.08770370
0.09767079
0.08870387
0.08969998
0.08970380
0.08970022
0.08970046
0.08870697
0.08870745
0.08970332
0.08970046
0.08970380
0.08870411
0.10863733
0.09069586
0.09375477
0.08870482
0.08970022
0.08770657
0.08670998
0.08765292
0.09269047
0.08670950
0.08969998
0.08870316
0.09169054
0.09767747
0.08870339
0.09568262
0.08969545
0.08970022
0.08970284
0.09069562
0.08870316
0.09468341
0.08970165
0.08869958
0.08870292
0.09568024
0.08970594
0.09468293
0.08870697
0.08970022
0.10171914
0.08870339
0.08869958
0.08864784
0.08870316
0.08870339
0.09069347
0.10265708
0.09069300
0.09567618
0.08770728
0.08771038
0.09966826
0.08970070
0.08920932
0.08870435
0.09069300
0.08970070
0.08980441
0.09468246
0.08770609
0.08970356
0.09069610
0.08870864
0.08969569
0.08671045
0.08870721
0.08670735
0.08870387
0.08670926
0.08770251
0.09866786
0.09368753
0.08870411
0.08770370
0.08969975
0.08770347
0.08771038
