0.09268999
0.11760569
0.08869934
0.08770990
0.08870173
0.08770299
0.08864665
0.09174752
0.08770275
0.08970261
0.08970547
0.09517741
0.09069371
0.09468293
0.08970475
0.09169340
0.09169292
0.08970070
0.09069300
0.08969998
0.09069800
0.09667683
0.08870316
0.08970165
0.08970308
0.09368682
0.09467936
0.08666563
0.08970356
0.08969688
0.08969402
0.08870363
0.09966969
0.08870387
0.08870745
0.08970022
0.09069681
0.09269214
0.09169793
0.08870435
0.08870697
0.08970451
0.08771062
0.08771062
0.08870006
0.08870506
0.09368658
0.08665061
0.08870268
0.09667826
0.10166025
0.08770728
0.08870530
0.09070063
0.08970022
0.08770728
0.08875513
0.08770323
0.08870316
0.08671355
0.08970070
0.08870387
0.09474850
0.09368682
0.09069657
0.08870721
0.08970046
0.08870006
0.08870602
0.08770299
0.08870649
0.08870363
0.08869934
0.08870173
0.09263706
0.09567976
0.08770275
0.08870244
0.08870459
0.08571410
0.08670640
0.08671021
0.08472085
0.08670998
0.09568214
0.08962131
0.08870745
0.09169102
0.09069729
0.08870482
0.08870006
0.08870292
0.08870769
0.08671165
0.08670998
0.08870292
0.08876610
0.08870435
0.08875728
0.08970022
0.09467959
0.08969998
0.08870292
0.08870316
0.08770752
0.08770633
0.08970022
0.08869958
0.08870220
0.09069657
0.08870316
0.08571148
0.09069657
0.09169364
0.09468341
0.08671379
0.08671403
0.08671069
0.08969927
0.09468699
0.09667277
0.08869982
0.09468317
0.08770680
0.08771062
0.09667730
0.09568024
0.08870625
0.08770633
0.08671355
0.08666563
0.08571625
0.08670998
0.08571529
0.08870316
0.08671331
0.09169388
0.10066271
0.09268832
0.09169149
0.08870268
0.08770728
0.08471632
0.08571720
0.08770609
0.08770752
0.09390783
0.08770657
0.08571649
0.07086992
0.09866619
0.08770561
0.08870721
0.09667420
0.08814096
0.08870220
0.08770967
0.08970380
0.08869267
0.08870769
0.09568024
0.09468317
0.09667325
0.09467936
0.08869839
0.08870363
0.08770657
0.08770633
0.08571148
0.08571267
0.08970356
0.09269476
0.08564949
0.08766079
