0.00000000
0.00000000
0.09416008
0.11178851
0.09415650
0.09428883
0.09415126
0.09420419
0.09422088
0.09415293
0.10975266
0.10993862
0.10117054
0.10978150
0.09430051
0.09416175
0.09414911
0.09415030
0.10990644
0.07812691
0.10033488
0.09416461
0.09413171
0.09433174
0.09421349
0.09426570
0.09419632
0.09415126
0.07857323
0.09421086
0.09415388
0.09415150
0.09370112
0.07853317
0.08169913
0.09120846
0.09414411
0.09419513
0.09432912
0.07853580
0.10979509
0.09415007
0.10988140
0.11029744
0.10972548
0.09420323
0.09429693
0.09420276
0.09433174
0.09415245
0.10976434
0.09263277
0.08664370
0.09776115
0.09420943
0.09373593
0.09414506
0.09415102
0.09410429
0.09428382
0.07847071
0.10978127
0.10976362
0.09218955
0.07817960
0.09826255
0.09426284
0.07862496
0.09424973
0.09419537
0.10977197
0.09415364
0.09408808
0.10980058
0.08268952
0.12393260
0.09415603
0.09415174
0.09420443
0.10987091
0.09415221
0.12541103
0.12544703
0.14098263
0.18843675
0.21957517
0.29820418
0.30819798
0.29820132
0.29853106
0.29820013
0.29831266
0.28205848
0.29820323
0.31395125
0.30020237
0.29766726
0.29810858
0.31385374
0.29811597
0.29813194
0.30062079
0.29763174
0.29836679
0.31381273
0.29811621
0.29826212
0.29834795
0.29814005
0.30069041
0.31408358
0.29806066
0.31377363
0.29834008
0.29817820
0.32278323
0.29761910
0.29807115
0.29811740
0.31387544
0.30063558
0.29772854
0.29819536
0.31372070
0.28243685
0.29824424
0.31388474
0.31015563
0.29823756
0.29844880
0.29801059
0.29807806
0.29831696
0.29759455
0.29807520
0.31385732
0.29813457
0.29809594
0.29808283
0.29763651
0.29811287
0.29805517
0.29025984
0.29832292
0.31321859
0.29807854
0.29819107
0.29801440
0.29817367
0.31320333
0.29788566
0.29818463
0.29806089
0.29820204
0.29803395
0.30775428
0.31336451
0.31395030
0.31375384
0.29807711
0.29809666
0.29826355
0.29807067
0.31368542
0.29776287
0.29805613
0.29811358
0.30069256
0.29819417
0.29830050
0.31314111
0.29817867
0.29816914
0.29809284
0.29808044
0.29806209
0.31387663
0.31368375
0.29819894
0.29823422
0.29968762
0.29815507
0.29828334
0.29808354
0.31368780
0.29819942
0.30070567
0.31367183
0.29756331
0.29809117
0.29807377
0.31379890
0.32937050
0.29767609
0.31368732
0.29811072
0.29819274
0.29817510
0.29821062
0.31394172
0.28253865
0.32943535
0.29805470
0.29836535
0.31371021
0.29806924
0.29819512
0.31372142
0.30859447
0.31385827
0.29830837
0.29807854
0.31393337
0.30055499
0.29809356
0.32929587
0.29795027
0.29811740
0.29806828
0.29757881
0.29807353
0.31365466
0.29807043
0.31378484
0.30065465
0.29788971
0.31386232
0.29807925
0.29803038
0.31368852
0.29832792
0.29768252
0.31389380
0.29823351
0.32364464
0.29826307
0.29805732
0.29808974
0.29805613
0.29806781
0.31387520
0.31369734
0.29837489
0.29808283
0.29803085
0.31375623
0.30075765
0.29806590
0.31371522
0.29825449
0.29757047
0.32270312
0.29808831
0.29804134
0.29809499
0.29806757
0.29813051
0.29820204
0.29875445
0.29818034
0.29751205
0.29805756
0.29825997
0.29808760
0.29809976
0.31426120
0.29785395
0.29808545
0.29830241
0.31376171
0.29774928
0.29807496
0.29812551
0.28254151
0.31378555
0.29821038
0.31368637
0.28245473
0.30067921
0.32931423
0.31377816
0.31370807
0.30959368
0.32951498
0.29762888
0.31381202
0.30607581
0.29819489
0.29810286
0.29752302
0.31750631
0.29496765
0.29819274
0.29816604
0.29805493
0.29813886
0.29806614
0.31370425
0.29757547
0.30059528
0.29806614
0.29834461
0.29815316
0.29823184
0.29821372
0.31371045
0.29825783
0.29811215
0.29812694
0.29819512
0.29811597
0.29807067
0.29817486
0.30058718
0.31369591
0.29819536
0.29761600
0.31376648
0.28255582
0.30666780
0.31380820
0.29812455
0.29808354
0.31380367
0.30430794
0.29834008
0.31370902
0.29809976
0.29820681
0.29834819
0.29980922
0.29819036
0.29802585
0.31381583
0.29758596
0.29817057
0.29266596
0.29808950
0.29806423
0.31379962
0.31370211
0.31375670
0.29514265
0.31330013
0.31370497
0.29815245
0.29802465
0.29807568
0.29841924
0.30063248
0.29831290
0.29816031
0.29802537
0.31392384
0.29807734
0.30063915
0.29835534
0.29766464
0.29831195
0.31389332
0.29815698
0.31421208
0.29811120
0.29829884
0.29821491
0.29803395
0.29812741
0.29837871
0.29813933
0.30069304
0.32953691
0.29802418
0.29807258
0.29820395
0.28812099
0.31371856
0.29828048
0.29814625
0.29762125
0.28266335
0.31393909
0.30032992
0.31323624
0.29839063
0.29821301
0.31362200
0.29812741
0.30764413
0.31387925
0.29826570
0.31374717
0.32288575
0.29808474
0.29827285
0.29811954
0.29825735
0.29812789
0.29806924
0.29817891
0.31316686
0.29752350
0.29811978
0.29806304
0.29807138
0.29810667
0.30764580
0.29776096
0.29809332
0.29822826
0.29819202
0.31333280
0.29822755
0.29976225
0.29809952
0.31378007
0.29806161
0.29813266
0.31394315
0.29811549
0.30770802
0.29836059
0.29808378
0.31397963
0.29809594
0.31383181
0.29818368
0.29834414
0.29812503
0.29822421
0.29830384
0.29809022
0.29821444
0.29805589
0.29821301
0.31378531
0.31381917
0.31975675
0.29819036
0.29816866
0.29806972
0.29820108
0.29809070
0.29813337
0.29807496
0.34501457
0.29807663
0.29763937
0.29822993
0.29969406
0.29818153
0.29814482
0.31371164
0.29754877
0.31919479
0.31377387
0.29803681
0.29802370
0.31325698
0.28245878
0.29818201
0.30266452
0.29767084
0.29813647
0.29808164
0.29814553
0.29814148
0.29819703
0.30065298
0.29838276
0.29803586
0.32931519
0.31394029
0.30908918
0.32931209
0.29807043
0.31363249
0.29805207
0.29805756
0.29818702
0.29759145
0.29830647
0.31369567
0.29794860
0.29815340
0.29815626
0.29761076
0.29807806
0.31409383
0.31262708
0.29838467
0.29820657
0.29819894
0.31369877
0.30076838
0.29818988
0.29756403
0.29829025
0.29818797
0.29815316
0.29811144
0.29814482
0.29967237
0.31369424
0.31374645
0.29808307
0.30073905
0.29811144
0.29831076
0.31371784
0.29808927
0.31318521
0.30076361
0.29822111
0.31367731
0.31374002
0.31392074
0.29806900
0.29824209
0.29809594
0.28257632
0.31324434
0.32944608
0.29988527
0.29807043
0.32933784
0.29806399
0.31325316
0.29511952
0.31392598
0.29819822
0.29808164
0.29822946
0.31374907
0.29828215
0.29806828
0.31379485
0.29808903
0.29817438
0.29758525
0.29710531
0.31368470
0.29802728
0.31375360
0.29813290
0.31323504
0.29827642
0.29813027
0.29835629
0.31370497
0.31321335
0.30759358
0.28255916
0.29805422
0.31377172
0.29803824
0.30965424
0.32944942
0.29805779
0.29820037
0.31318998
0.29808545
0.29817152
0.29818821
0.29812741
0.31381440
0.31381679
0.30058026
0.29826117
0.31370115
0.29762673
0.31373000
0.30861950
0.29809284
0.31368566
0.31319618
0.31398344
0.30509090
0.29812646
0.29805970
0.29807663
0.31320429
0.30159354
0.29805326
0.31369710
0.29825449
0.29812479
0.32922864
0.29807281
0.31388116
0.29810286
0.29832482
0.30022860
0.29820871
0.31383228
0.29785633
0.29834819
0.29824710
0.29805493
0.31318641
0.31394911
0.29804158
0.29806757
0.29817605
0.31364036
0.31386828
0.31384921
0.29813910
0.31367636
0.31643391
0.29824686
0.31389046
0.31370616
0.29808378
0.31372976
0.30865216
0.29807353
0.31368065
0.29778528
0.31366181
0.30527425
0.29826689
0.31367230
0.29809308
0.29815173
0.32984829
0.31388354
0.29811668
0.31374192
0.29813719
0.29840064
0.29809046
0.29826808
0.29808021
0.31390619
0.29814410
0.30322552
0.31395459
0.31382084
0.28228498
0.31320143
0.29808879
0.29819155
0.29808068
0.29806924
0.29830861
0.29808617
0.29806662
0.29824114
0.29805160
0.31021523
0.29815578
0.29818702
0.29814339
0.31368017
0.29825139
0.29809690
0.29805398
0.31375098
0.29820538
0.29821444
0.29810309
0.31374550
0.28254151
0.31326199
0.29805970
0.33134842
0.29805565
0.31369448
0.28385043
0.31375575
0.31676960
0.29809093
0.29821253
0.29822469
0.32952094
0.29850507
0.28244996
0.30671573
0.29807901
0.29825854
0.31376553
0.29807258
0.28830528
0.29808044
0.29826808
0.31377172
0.29843450
0.29808259
0.31577778
0.29809332
0.31372094
0.29818034
0.29750943
0.29806781
0.31393337
0.29809475
0.29767609
0.29830432
0.31373405
0.31390262
0.29825449
0.29807782
0.30069113
0.29834557
0.29822302
0.29823279
0.29807854
0.31319737
0.29806590
0.29816771
0.29818678
0.29829431
0.29803658
0.29760551
0.31371188
0.31383157
0.29807162
0.29808807
0.29800630
0.29758000
0.29806709
0.30874467
0.29806161
0.31369734
0.29762745
0.29812431
0.30515695
0.31372166
0.29777813
0.29818559
0.29756093
0.31408501
0.29806066
0.29811072
0.29819107
0.29811835
0.29750013
0.29814816
0.30058837
0.29814768
0.29807544
0.31322956
0.29808688
0.29809237
0.29835081
0.28205943
0.31361198
0.29808116
0.31370187
0.31377649
0.30075169
0.32889938
0.29814553
0.29808617
0.31821442
0.28931355
0.31374931
0.29755735
0.31383562
0.29806256
0.29107594
0.29764748
0.32939124
0.29805231
0.31375432
0.29795694
0.31324959
0.31366348
0.29813457
0.29809880
0.29870677
0.32932043
0.29763985
0.29819012
0.31369352
0.31214356
0.29824948
0.31368756
0.29776931
0.29807925
0.29817677
0.31378365
0.31375337
0.29815745
0.29815245
0.29808688
0.29808116
0.31320786
0.31370449
0.29825687
0.31425071
0.29822087
0.31389928
0.28266883
0.31388140
0.29834461
0.29823446
0.29819393
0.30062270
0.29809260
0.29824257
0.31374741
0.32926297
0.29808259
0.29812407
0.28201079
0.29806137
0.31384873
0.29807973
0.29827595
0.29808402
0.30072260
0.29808378
0.31404948
0.31322694
0.32938743
0.30075860
0.31381488
0.29813313
0.31376743
0.31370616
0.29809999
0.29819202
0.31330633
0.31370950
0.32991600
0.28250790
0.31324220
0.29820132
0.29806423
0.31382179
0.30070257
0.30056667
0.29808354
0.31370044
0.31375170
0.29816365
0.31317925
0.29823375
0.29819965
0.31384254
0.31369638
0.29817939
0.29810810
0.29828191
0.29817104
0.29820251
0.28248930
0.29800200
0.29823351
0.29813862
0.29809284
0.29808450
0.29825568
0.29808855
0.29771352
0.31375241
0.29827356
0.31374335
0.31474662
0.29814839
0.29764175
0.29814219
0.29815769
0.31368184
0.30527544
0.29816771
0.31341076
0.29808450
0.29808784
0.29813766
0.30408645
0.29805899
0.31380057
0.29817986
0.29811120
0.29808450
0.29980659
0.31372523
0.29806447
0.29826713
0.29813051
0.29824162
0.30959344
0.29814243
0.29809117
0.31370974
0.29811358
0.32352304
0.31326103
0.29819822
0.31364274
0.29817772
0.29820848
0.29759264
0.29806447
0.31382060
0.29823589
0.29809380
0.29812956
0.29405332
0.29817104
0.29818249
0.29808736
0.29819632
0.31369376
0.30057287
0.32934928
0.29806542
0.29820180
0.29824209
0.29815817
0.30069304
0.31373048
0.31391191
0.29812145
0.29825521
0.31323981
0.30057621
0.29812789
0.29824948
0.29769826
0.31370258
0.31370378
0.29815912
0.29871345
0.31378937
0.29808235
0.29809356
0.31384063
0.30061817
0.31368375
0.31369162
0.31376028
0.30056357
0.31322408
0.29821873
0.29824567
0.29807425
0.29814672
0.29160857
0.29808116
0.31368828
0.29829264
0.31375742
0.30405998
0.29818344
0.29807734
0.31379700
0.31319880
0.29806161
0.29812598
0.29818416
0.31389952
0.29810739
0.29755187
0.31107306
0.29810143
0.31381178
0.29813695
0.29760408
0.29161382
0.29814410
0.31364202
0.29771876
0.29807830
0.29809165
0.31166458
0.31371188
0.29812860
0.29801893
0.29807210
0.29831910
0.29807568
0.30368805
0.31398511
0.29824662
0.29814911
0.29760575
0.29812551
0.30510426
0.29813027
0.31369877
0.31375146
0.29775596
0.31319213
0.31370115
0.29811859
0.29807711
0.31369305
0.31623816
0.29807806
0.31368852
0.32932329
0.31726599
0.29757237
0.29820490
0.29859257
0.29819751
0.31370497
