0.09368992
0.08969998
0.08771086
0.08969951
0.09368324
0.08969998
0.09667706
0.08970380
0.08870292
0.08969998
0.08969617
0.08870220
0.08969617
0.08870077
0.08969617
0.08970284
0.08969998
0.09468699
0.08969998
0.08970284
0.08870745
0.08870697
0.09568048
0.09568191
0.09069681
0.08870363
0.08870673
0.08970380
0.09468079
0.09767389
0.09368682
0.08870459
0.08870435
0.08870268
0.08870697
0.08770728
0.08969975
0.08970428
0.08969998
0.08969998
0.08869982
0.09269071
0.09069395
0.08969522
0.08770919
0.08770394
0.09872866
0.08870339
0.08869982
0.08870244
0.08870316
0.08970022
0.09069800
0.08870316
0.09867001
0.08870316
0.08969975
0.09070015
0.08770704
0.08671355
0.08870387
0.08770728
0.08671379
0.08571005
0.08670783
0.08870316
0.08969665
0.11261940
0.09368777
0.08870649
0.08869910
0.08671117
0.08671451
0.08770680
0.08770657
0.09667706
0.09667659
0.09767556
0.08670616
0.09269047
0.09069753
0.08870339
0.08770299
0.08670974
0.09668207
0.09169316
0.08870339
0.08570981
0.08671427
0.08870411
0.08770323
0.09069347
0.09168887
0.08969975
0.08870721
0.08770299
0.08970022
0.08870387
0.08870673
0.08970046
0.08770657
0.08671212
0.08670712
0.09368730
0.09368253
0.08770752
0.08970022
0.09568000
0.09069657
0.08970284
0.08870363
0.08870339
0.08970118
0.08770180
0.09070039
0.09169340
0.09368658
0.08969975
0.08870339
0.08870316
0.08970022
0.08969712
0.09070015
0.08969569
0.08870316
0.08969784
0.08969975
0.08970046
0.08571410
0.09468722
0.09069824
0.09169817
0.08864951
0.08770275
0.08671045
0.08770609
0.08870411
0.08770537
0.08870196
0.08770728
0.08771300
0.09268951
0.09070015
0.08870387
0.08970165
0.08870029
0.09568334
0.09268975
0.08970404
0.08970046
0.08870673
0.09169054
0.09966660
0.08378458
0.09766865
0.08969998
0.08969975
0.08770728
0.08571386
0.09069347
0.09070063
0.09368587
0.08671045
0.08671045
0.08970189
0.08970380
0.09568214
0.08870721
0.09169626
0.09069657
0.09069681
0.08970070
0.08870029
0.08970022
0.08770299
0.08771014
0.09069633
0.08770394
0.09268594
0.08970094
0.09069753
0.08970428
0.08870006
0.08870339
0.09767413
0.08969951
0.08771014
0.09069681
0.09069395
0.08870363
0.09667277
0.09468532
0.08970404
0.08969998
0.09069681
0.09268975
0.08969903
0.08970404
0.09069824
0.09268999
0.09069657
0.08969593
0.09368658
0.09169555
0.09169722
0.08970022
0.08770752
0.08870292
0.08870721
0.08970380
0.08969665
0.08870316
0.09070039
0.09069276
0.09069681
0.09168887
0.08969975
0.08970046
0.08770609
0.10066414
0.08870316
0.08870316
0.08870363
0.09368753
0.08930731
0.08970046
0.09169292
0.09069657
0.10066390
0.08870506
0.08670878
0.09268880
0.08970380
0.09069681
0.08870840
0.08870387
0.08969975
0.08671427
0.08869934
0.09368706
0.08970046
0.08870721
0.08883166
0.08970356
0.09269428
0.08969975
0.08871317
0.08770609
0.08870316
0.08765221
0.08870292
0.09467936
0.08870316
0.08970380
0.08870029
0.08870697
0.08670688
0.08770633
0.08770990
0.08670998
0.08870673
0.09966755
0.08970428
0.08869910
0.08969951
0.09368730
0.08870697
0.09169364
0.08975220
0.08870625
0.08870697
0.08970022
0.08869958
0.08996582
0.09866929
0.08870316
0.09620762
0.08870363
0.08770800
0.09069681
0.08970022
0.08870673
0.09069681
0.08970046
0.09169698
0.08970022
0.09567857
0.09069681
0.08969927
0.08969951
0.08870387
0.08869934
0.08870316
0.08864927
0.08671403
0.08670974
0.08671045
0.08970332
0.09169221
0.09169388
0.09069610
0.08870006
0.08969569
0.08676291
0.08870697
0.08970261
0.09069633
0.08969641
0.08770537
0.08670998
0.08571315
0.10663867
0.08870339
0.08870268
0.08777213
0.08676839
0.08870459
0.08870316
0.08870316
0.08770680
0.08770633
0.09468079
0.08870649
0.09368396
0.09567857
0.09468412
0.08969879
0.08870697
0.08870053
0.08870339
0.08770204
0.08471918
0.08571362
0.08670664
0.08870721
0.08870482
0.10365605
0.08970523
0.08969975
0.08771014
0.08969975
0.09499598
0.08870435
0.08770561
0.08970022
0.08870292
0.08970022
0.08870411
0.09667659
0.09069896
0.09567952
0.08970237
0.08870053
0.09069991
0.08869982
0.08870363
0.09866524
0.08670878
0.08970404
0.08770728
0.09169340
0.08970022
0.08870387
0.08870721
0.08771014
0.08870316
0.08870006
0.08870339
0.08969951
0.08969998
0.08870459
0.08770609
0.09069300
0.10066271
0.09069705
0.08870745
0.08670592
0.08870006
0.08870697
0.09275293
0.08870077
0.08671069
0.08770680
0.08970356
0.09069633
0.09567809
0.10564685
0.08969641
0.08870602
0.08970284
0.08969998
0.08874965
0.08671045
0.08771110
0.08770609
0.08670664
0.09069753
0.08670616
0.11760688
0.08870721
0.08969998
0.08870173
0.08870029
0.08869934
0.08870649
0.08970022
0.08670974
0.08670950
0.08870625
0.08870006
0.09867072
0.09767723
0.08770680
0.09069633
0.08770299
0.08870721
0.09668088
0.08870363
0.08970118
0.08870888
0.08870697
0.08970070
0.09168935
0.09169841
0.09767318
0.08870721
0.08870387
0.08870268
0.09368730
0.08969903
0.08969975
0.08975697
0.08969998
0.08970046
0.10065866
0.09268951
0.08970094
0.08970428
0.09069324
0.09468293
0.08870363
0.08870268
0.09069633
0.08970332
0.08970189
0.08870029
0.08969641
0.09966707
0.08969975
0.09069753
0.09668016
0.09069872
0.08770609
0.09468365
0.08671355
0.08670640
0.08571339
0.08870316
0.08670688
0.08869934
0.09966660
0.08970356
0.08870673
0.08671045
0.08771157
0.09368634
0.09170508
0.08670974
0.08770633
0.08671427
0.08770490
0.08670664
0.10564613
0.09368706
0.09069657
0.08870721
0.08964252
0.08969975
0.08770800
0.08770633
0.09568381
0.09568000
0.08670592
0.08869982
0.09567618
0.08969879
0.08870244
0.08770990
0.09168983
0.09268808
0.08970141
0.08869982
0.09967041
0.08970022
0.09368658
0.09668040
0.10265422
0.08969951
0.09069538
0.08970070
0.08571672
0.08770657
0.08770847
0.08770752
0.08670640
0.08870292
0.08770394
0.09268975
0.08870363
0.09867048
0.08870411
0.08870387
0.08770609
0.09169722
0.08870006
0.08870673
0.08870339
0.09069705
0.08770585
0.08870649
0.08969998
0.11162734
0.08870292
0.08969998
0.09169292
0.08869958
0.08870316
0.08670998
0.08724332
0.08870125
0.08870721
0.08870316
0.08869958
0.09069633
0.12857056
0.08870387
0.08870721
0.08770657
0.08770633
0.08870435
0.08869958
0.08870697
0.08970118
0.08671021
0.08770680
0.08870673
0.10265660
0.08870602
0.08870029
0.08771157
0.09369087
0.08671021
0.08676100
0.08771086
0.08670640
0.08771038
0.09069371
0.08870363
0.08876848
0.09567952
0.08870268
0.08870649
0.08870363
0.08870363
0.08670998
0.09467888
0.09069514
0.08969855
0.08875394
0.08870673
0.08770680
0.09474802
0.08870554
0.08770704
0.08970046
0.08870840
0.10465002
0.08870339
0.08870339
0.08970118
0.09468246
0.08969975
0.08870292
0.10265708
0.08970261
0.09069848
0.08870649
0.09966254
0.08970070
0.08869863
0.08970022
0.08969951
0.08976197
0.08969927
0.08870363
0.09169078
0.09169149
0.08870316
0.08970046
0.08870697
0.08870387
0.08969927
0.08870387
0.10165787
0.08776903
0.08670878
0.08671379
0.08769226
0.08970022
0.09169340
0.08969665
0.09268999
0.08870101
0.08969975
0.08870649
0.08969975
0.08969688
0.09668064
0.08870029
0.08670616
0.08571267
0.09467888
0.08924603
0.08870673
0.08876753
0.08870053
0.08970141
0.08970356
0.09866738
0.08770609
0.10458565
0.08870387
0.09269381
0.09667730
0.08970070
0.08969855
0.09169555
0.08970141
0.08870339
0.09169626
0.09667253
0.08969998
0.08970332
0.08870745
0.08870339
0.09567308
0.08870387
0.08970046
0.08870769
0.08770943
0.08770657
0.08870745
0.08770394
0.08770657
0.08970094
0.08671355
0.09169316
0.08671069
0.09667969
0.08969617
0.08970380
0.09368229
0.08771038
0.08870268
0.08969998
0.08670640
0.08671021
0.08471656
0.08570957
0.09197140
0.10066009
0.08870268
0.08870292
0.08870316
0.08869982
0.09866953
0.09069657
0.08969998
0.08969688
0.08969688
0.08870530
0.08870316
0.08969831
0.09268904
0.08970189
0.09667683
0.09168959
0.08970356
0.08970046
0.08969998
0.08969736
0.08771014
0.09069681
0.08870721
0.08870339
0.09467959
0.08870316
0.09069681
0.08770704
0.08671045
0.09468365
0.08770633
0.08870006
0.08870673
0.08969831
0.08870387
0.08771014
0.09468460
0.09667659
0.09468007
0.10365033
0.08770919
0.08770537
0.08870339
0.08871126
0.08869958
0.08970404
0.08870339
0.08770680
0.08969927
0.09567666
0.08969975
0.08770776
0.08870387
0.08870578
0.08969998
0.09468675
0.08970380
0.08970428
0.09867382
0.09468102
0.08770943
0.09268570
0.09269071
0.09767342
0.08870435
0.08770704
0.08969593
0.08970284
0.09169292
0.08970046
0.08770370
0.08670783
0.08577180
0.08776069
0.09766865
0.09368706
0.08969998
0.09069681
0.08870316
0.08970356
0.08964276
0.08870578
0.08870673
0.08970380
0.08864689
0.08869648
0.10265422
0.08870411
0.08870339
0.08969975
0.08970213
0.08864808
0.08870053
0.08870435
0.09268999
0.08969736
0.08870053
0.08870006
0.09069705
0.09168839
0.08870411
0.08969998
0.08970380
0.09966731
0.08970046
0.08770561
0.10165977
0.08870196
0.08771062
0.09168959
0.08870673
0.09369016
0.09069657
0.08870244
0.08770680
0.08969951
0.08671117
0.08770370
0.08670950
0.08870316
0.09368682
0.08970022
0.09070063
0.09368324
0.09069514
0.08969641
0.08771062
0.08870649
0.08870649
0.08969998
0.08870435
0.08876395
0.08870053
0.08869982
0.08870339
0.08870625
0.09966326
0.09368682
0.08770275
0.08970356
0.08970046
0.08869982
0.08970165
0.08870316
0.08970332
0.08969998
0.08770585
0.08670449
0.09667253
0.08970094
0.08970022
0.08870435
0.08770657
0.09070659
0.09867287
0.08671379
0.08870101
0.09069514
0.08969569
0.09369016
0.09767270
0.09567642
0.08970094
0.09169340
0.08969975
0.09069705
0.09373879
0.09567595
0.09069872
0.09063888
0.09169340
0.08870029
0.10464764
0.08969998
0.08870053
0.09168959
0.08870649
0.09568167
0.08970141
0.09169340
0.08870292
0.08970189
0.08970046
0.09069633
0.09667873
0.08969831
0.08770299
0.09468365
0.08864093
0.08671021
0.08670783
0.09070039
0.08870363
0.08770680
0.08671403
0.09169650
0.08671045
0.09468055
0.08870363
0.09069753
0.09567714
0.08770657
0.08870387
0.08770585
0.08870196
0.08876324
0.08969593
0.08970046
0.08870339
0.09869647
0.08870125
0.08870292
0.10066319
0.08770251
0.09767723
0.08969855
0.09269500
0.08969736
0.08970213
0.08969998
0.08869982
0.09568214
0.09568071
0.08870339
0.09268737
0.08870459
0.08770585
0.09568405
0.08870316
0.08970380
0.08870029
0.08870006
0.08770680
0.09368420
0.09667754
0.08970451
0.08771062
0.08870673
0.08870459
0.08770657
0.09568000
0.08870363
0.08969975
0.08870029
0.09268999
0.08771062
0.09375024
0.09069920
0.09468317
0.08970380
0.08770680
0.08770680
0.08670950
0.08770657
0.08970261
0.08670974
0.08571315
0.08671284
0.09076881
0.09369063
0.08970356
0.08870769
0.08870196
0.08771062
0.08671379
0.08771038
0.08670998
0.08770680
0.08969998
0.10365033
0.09169483
0.09369063
0.09268975
0.08869910
0.08969665
0.09568024
0.08770394
0.08969641
0.08770704
0.08870411
0.09070015
0.08969259
0.08970022
0.09069347
0.08870363
0.08670664
0.08671045
0.09368730
0.08770680
0.08670712
0.08670998
0.08970356
0.08970308
0.08770561
0.09568524
0.08969641
0.09069896
0.08770585
0.09169412
0.08770561
0.09468341
0.09069920
0.08969998
0.08970022
0.09069705
0.08970118
0.09069967
0.08770943
0.09568000
0.08870363
0.08870482
0.09070039
0.08975124
0.08870339
0.08969998
0.09069657
0.09668112
0.09867406
0.08970022
0.08870459
0.10365725
0.08969975
0.09368682
0.08870268
0.08870602
0.09017491
0.08969688
0.08970308
0.09767032
