762.000,564.000,186.000,44.000
749.133,553.297,209.901,66.249
743.770,549.816,212.918,69.553
738.334,544.047,225.461,73.321
733.935,549.050,228.286,74.980
742.022,549.177,216.724,72.067
735.364,544.159,224.524,73.437
726.540,543.812,238.585,77.942
719.625,547.131,244.791,80.224
712.579,541.113,252.793,82.590
715.696,545.697,253.473,83.189
710.401,540.189,260.611,85.244
706.074,540.760,268.846,87.580
707.504,542.579,275.665,89.995
701.877,545.813,281.833,92.200
698.299,545.982,280.522,92.063
694.260,544.102,286.927,93.860
719.035,541.021,279.010,91.951
739.765,540.626,282.132,92.046
770.867,545.834,277.391,91.034
805.440,544.387,272.263,89.475
829.216,546.091,277.011,90.759
855.292,549.401,275.284,90.320
883.278,542.313,278.431,91.384
915.342,547.882,270.587,89.284
916.975,543.643,280.385,91.748
906.495,550.061,274.720,91.108
912.835,547.190,267.298,88.933
915.032,549.409,259.101,86.294
912.891,552.071,266.110,87.748
917.531,550.748,257.256,85.622
914.316,547.820,264.766,87.304
926.489,551.356,244.458,82.354
934.234,550.728,241.903,80.084
963.314,548.803,235.552,77.745
986.632,547.899,237.419,78.096
1008.753,548.517,236.458,77.192
1008.373,550.003,237.765,77.931
1015.987,554.233,225.031,74.841
1008.957,552.539,226.529,74.290
1014.468,553.952,219.379,72.434
1015.142,554.233,212.727,70.308
1012.091,552.873,219.224,71.555
1008.849,551.240,220.354,72.389
1005.427,552.061,221.119,72.287
1006.547,551.881,227.200,74.064
1003.403,552.740,230.842,75.509
1000.575,550.847,240.151,78.412
997.081,554.139,241.146,78.917
1005.821,552.705,236.993,77.877
998.006,554.994,236.183,77.436
1006.403,557.824,224.533,74.338
1004.524,558.820,225.387,73.899
990.643,560.397,231.735,75.613
984.277,557.038,239.613,78.048
984.335,557.424,239.618,78.499
978.564,557.812,244.723,79.832
966.470,554.985,258.124,83.723
962.843,554.216,263.792,86.168
961.057,558.365,264.863,86.571
944.538,554.980,272.715,88.825
950.376,560.616,265.998,87.763
957.258,560.032,257.494,85.168
944.124,559.667,261.176,85.467
936.034,560.604,271.844,88.593
933.852,560.620,268.424,88.451
922.552,557.666,279.449,90.940
923.717,564.360,258.237,86.186
917.673,565.374,253.794,83.644
914.798,568.119,240.534,79.611
924.290,572.998,228.728,75.813
913.947,571.088,230.280,75.538
906.202,573.202,232.200,75.934
908.964,575.826,222.330,73.565
894.346,573.596,230.370,75.164
891.470,576.274,226.802,74.798
888.411,579.299,227.856,74.826
883.509,580.656,222.701,73.515
884.640,584.532,218.765,72.325
877.836,583.913,222.838,73.243
875.348,587.966,213.543,71.300
863.024,589.271,214.950,70.811
854.765,589.216,223.059,73.190
840.820,592.663,222.232,73.477
832.733,588.969,235.853,76.604
854.534,598.712,226.915,75.450
873.555,599.458,229.355,75.224
893.156,598.849,219.474,72.278
909.365,599.649,225.287,73.931
924.492,603.900,223.705,73.284
948.816,603.798,220.438,72.451
975.768,606.461,216.479,71.293
1003.146,610.649,201.431,66.816
997.996,613.059,204.416,66.975
977.435,613.700,207.455,68.026
969.445,614.294,203.673,67.217
957.262,617.517,198.246,65.724
955.809,620.851,197.181,65.138
952.928,624.426,193.016,63.911
963.031,623.781,198.441,65.051
976.073,625.835,202.156,66.482
983.654,624.822,209.864,68.800
999.121,621.025,207.898,68.516
993.341,628.950,203.148,67.272
983.089,628.309,199.267,66.199
964.932,631.164,200.366,66.340
956.318,629.809,202.670,66.951
949.578,631.635,202.548,67.128
935.199,632.402,205.618,67.724
915.570,631.445,211.147,69.466
912.219,629.422,216.023,71.305
933.446,639.656,203.400,68.143
948.826,634.268,209.455,68.762
969.576,642.270,197.173,65.532
956.829,636.610,204.057,66.708
938.112,638.402,204.412,67.398
921.621,637.181,211.751,69.371
903.528,640.695,219.310,71.889
896.100,637.069,213.791,70.834
879.162,640.896,216.685,71.196
861.321,640.384,213.700,70.438
860.822,639.320,205.493,68.218
846.787,643.841,198.993,66.237
866.670,643.686,189.241,63.180
873.169,642.440,191.528,63.019
884.695,643.876,193.167,63.544
900.338,641.723,196.397,64.463
893.629,645.067,185.520,61.863
873.494,643.239,194.871,63.516
849.836,643.944,203.755,66.679
826.781,642.832,206.368,67.975
816.350,641.996,197.661,65.666
807.128,642.529,197.261,65.023
824.859,640.329,195.830,64.382
836.304,638.845,202.487,66.463
851.116,638.382,198.343,65.369
864.084,640.738,203.074,66.574
870.744,642.908,212.032,69.569
860.284,642.988,196.717,65.578
831.773,645.792,217.954,70.823
824.245,643.289,200.019,66.921
813.887,641.245,203.642,66.584
793.886,640.548,204.099,67.639
792.826,640.083,193.276,63.909
803.442,636.760,201.066,65.583
812.567,636.640,208.737,68.227
822.268,636.740,207.141,67.861
839.623,637.774,198.370,66.046
851.792,638.630,197.053,65.013
861.463,635.255,198.500,64.930
862.651,634.665,212.951,69.239
851.240,636.280,216.738,71.009
839.213,636.548,206.263,68.535
818.857,634.520,196.575,65.196
800.019,635.796,208.593,67.772
791.367,636.857,198.889,65.989
768.988,631.936,203.338,66.355
757.010,638.868,190.490,63.872
740.440,633.999,188.379,62.053
723.488,632.048,196.802,63.812
708.074,631.845,200.320,65.043
681.076,631.047,207.430,66.904
669.836,635.362,199.686,65.579
671.102,633.458,186.519,61.629
682.866,630.961,190.186,61.987
691.625,631.862,190.079,62.071
705.454,633.389,183.572,60.338
721.316,631.986,179.465,58.732
728.213,632.386,180.899,59.084
739.171,630.269,187.897,61.112
747.769,631.390,186.589,61.228
760.069,629.435,190.232,62.118
767.269,629.356,192.853,63.071
782.402,630.895,191.381,62.905
793.799,630.328,188.183,61.844
801.497,628.534,184.727,60.822
791.449,628.284,183.791,60.481
764.839,626.019,190.747,62.204
746.804,625.757,188.408,62.086
721.655,622.666,197.431,64.190
703.946,624.966,195.696,64.262
688.613,622.800,196.689,64.287
693.713,619.605,197.477,64.626
706.620,619.229,196.969,64.786
712.806,618.465,198.427,65.099
727.395,618.072,194.566,64.281
744.086,616.948,195.456,64.311
755.176,620.638,188.406,62.266
775.193,619.590,191.271,62.780
785.513,621.062,187.316,61.596
800.811,621.311,185.344,61.021
825.749,619.392,184.837,60.839
839.725,620.615,184.480,60.666
851.901,622.907,180.793,59.627
865.308,621.282,183.393,60.052
859.920,619.391,181.470,59.715
835.206,618.077,192.015,62.401
820.832,619.264,187.483,61.968
797.393,617.124,190.094,62.298
783.252,615.322,192.569,63.113
770.860,616.105,189.985,62.563
752.676,615.627,190.825,62.718
738.874,615.438,191.321,62.757
724.190,616.019,186.168,61.410
711.673,614.453,180.789,59.544
700.391,599.665,186.672,60.851
684.113,584.301,187.111,61.233
669.000,572.285,191.006,62.366
653.027,556.121,193.681,63.049
640.506,553.080,185.840,61.296
640.811,555.949,174.012,57.647
638.714,552.116,178.071,57.972
657.955,554.521,170.680,56.197
671.068,551.554,174.730,56.965
680.645,550.578,176.952,57.692
696.977,552.764,173.174,56.779
713.503,552.937,171.105,56.095
722.783,551.576,176.533,57.610
737.395,551.141,177.022,57.987
745.815,549.736,178.138,58.346
736.433,549.316,184.318,59.953
717.452,548.199,185.406,60.604
698.470,546.669,187.647,61.306
693.081,546.802,184.981,60.724
705.193,549.310,171.864,56.944
716.842,545.213,179.264,58.363
734.340,545.928,177.615,58.332
746.634,544.775,178.641,58.420
763.410,544.460,178.028,58.193
778.469,543.547,175.306,57.490
793.156,542.976,175.629,57.379
808.749,541.438,176.313,57.598
824.133,541.217,174.053,57.143
838.629,539.570,176.523,57.592
853.771,539.864,175.713,57.722
866.729,539.052,175.473,57.585
881.328,539.549,177.020,57.856
877.984,538.385,177.512,58.037
857.620,537.247,183.845,59.718
841.629,536.619,182.190,59.773
827.114,537.202,181.483,59.534
811.216,535.680,186.483,60.742
800.978,537.370,183.627,60.184
785.730,536.986,182.643,59.595
774.586,536.386,180.455,59.020
776.497,537.897,177.059,57.950
786.397,536.641,178.255,58.082
799.643,536.402,180.699,58.934
815.853,536.633,181.251,59.256
828.956,536.374,182.251,59.516
845.755,535.049,183.735,60.053
863.557,537.586,181.329,59.396
877.190,537.627,181.603,59.315
893.445,537.480,182.137,59.733
909.670,539.046,182.038,59.673
928.719,540.477,175.824,58.043
939.453,540.698,173.956,57.139
917.507,539.925,185.267,59.845
900.649,540.779,184.219,60.372
886.487,540.451,185.922,60.881
875.753,542.203,185.372,60.705
861.643,541.355,187.236,61.290
851.860,543.363,183.674,60.454
838.656,544.319,185.371,60.588
823.266,546.082,184.701,60.292
820.372,546.372,177.830,58.452
811.901,546.517,180.928,58.764
822.246,547.488,177.273,58.080
838.790,548.775,177.893,58.111
852.300,547.816,179.878,58.728
867.534,548.419,179.258,58.770
884.703,549.893,178.099,58.333
901.522,550.615,176.951,57.882
918.087,551.926,175.013,57.615
929.973,552.173,177.645,58.150
946.804,552.659,179.428,58.700
957.523,553.760,171.469,56.614
933.107,552.784,178.497,58.031
914.646,553.056,183.967,59.835
901.593,554.530,185.155,60.655
890.074,556.647,181.260,59.790
884.711,557.102,173.686,57.624
870.300,557.838,179.096,58.289
858.052,557.640,182.582,59.458
845.378,559.847,180.332,59.067
838.715,559.723,183.676,59.873
840.761,559.286,181.023,59.326
850.823,559.937,183.954,60.065
869.123,558.873,186.767,60.891
890.633,561.060,181.791,59.723
903.768,562.046,182.220,59.623
918.415,562.230,186.582,60.877
938.299,561.004,187.361,61.223
953.588,560.225,186.137,60.953
968.799,561.603,185.120,60.592
982.844,562.119,187.389,61.348
1001.466,561.190,189.351,61.997
1020.072,565.508,178.218,59.187
1006.076,565.654,183.771,59.935
988.519,563.591,190.263,61.947
973.396,566.947,184.876,60.874
962.135,564.408,190.443,61.892
944.781,563.701,192.307,62.742
934.857,565.076,191.171,62.580
930.199,567.261,185.782,61.275
922.002,567.009,187.111,61.204
904.568,565.547,190.166,62.072
894.470,565.252,193.130,63.071
888.555,566.776,187.857,61.986
879.769,566.700,187.098,61.517
871.516,564.753,189.085,61.740
856.536,564.619,190.931,62.286
848.504,563.913,187.497,61.381
864.397,560.228,190.736,62.373
881.528,560.708,183.353,60.367
893.524,558.081,187.112,61.073
911.384,554.895,191.635,62.624
927.008,555.024,189.231,62.206
945.795,553.267,187.001,61.476
964.258,553.537,189.344,62.101
978.836,552.828,188.813,62.024
998.343,553.723,181.907,60.148
993.190,553.468,179.074,58.977
971.836,552.534,180.453,59.132
960.842,550.350,182.526,59.635
950.035,549.528,184.188,60.186
939.542,547.928,186.901,61.193
926.928,546.731,181.929,60.089
915.186,545.071,191.616,62.101
905.327,545.249,188.727,61.747
901.095,545.056,180.289,59.396
894.664,543.227,185.887,60.343
904.716,543.157,185.643,60.670
921.186,543.714,182.996,60.018
940.602,539.205,188.598,61.561
959.389,539.689,186.859,61.260
976.429,538.409,185.262,60.624
992.884,537.106,188.099,61.394
1014.443,536.943,186.831,61.321
1031.396,536.386,182.321,59.989
1048.101,535.100,184.515,60.495
1062.860,532.426,189.524,62.028
1083.223,531.667,189.106,62.163
1093.544,529.524,183.856,60.787
1080.148,526.326,187.963,61.533
1066.381,524.536,195.710,63.819
1054.994,523.298,196.381,64.582
1040.120,522.061,196.144,64.707
1034.328,521.048,192.143,63.502
1026.064,518.248,188.839,62.338
1017.795,517.526,188.241,62.042
1005.649,515.901,188.261,61.912
997.246,514.602,189.405,62.050
993.548,516.156,185.087,60.991
983.758,514.411,184.482,60.552
973.555,512.978,190.243,61.849
980.056,511.310,193.047,62.965
996.177,509.379,190.691,62.613
1019.207,511.987,182.379,60.337
1037.402,509.173,184.223,60.440
1056.468,509.545,184.437,60.452
1078.199,509.459,178.675,58.950
1092.428,508.241,178.592,58.832
1110.913,507.806,179.890,59.002
1121.681,506.720,188.067,61.416
1115.383,505.757,184.726,60.971
1109.963,508.106,184.296,60.758
1101.928,509.016,177.647,58.907
1091.241,506.798,177.060,58.328
1078.753,504.396,181.036,59.229
1075.578,501.857,182.867,60.132
1065.450,504.870,183.149,60.254
1048.299,503.496,182.891,60.328
1039.990,501.622,183.436,60.426
1012.553,512.018,183.468,60.317
1006.083,526.691,172.782,57.601
1003.849,527.224,172.508,57.037
1000.961,526.115,168.132,55.807
986.581,522.480,174.471,57.407
973.565,523.338,173.093,57.285
964.996,520.894,172.223,56.727
958.052,520.365,172.219,56.752
951.506,520.730,173.637,57.006
944.397,520.252,163.354,54.506
941.541,519.598,163.850,53.749
937.228,517.079,168.209,54.925
953.491,514.393,172.820,56.625
969.912,513.983,178.432,58.472
981.794,513.139,172.072,57.125
965.540,513.885,175.572,57.726
954.232,512.576,169.463,56.524
937.606,510.109,179.001,58.563
928.734,508.761,178.233,58.836
918.528,505.927,178.957,58.949
911.465,503.532,172.717,57.331
920.956,504.304,170.500,56.202
934.005,503.015,172.850,56.604
948.608,500.869,179.877,58.773
964.038,501.219,177.302,58.540
983.242,500.403,176.701,58.508
996.293,501.573,170.553,56.887
981.272,499.755,171.673,56.806
967.120,498.393,174.986,57.624
950.780,496.980,182.078,59.716
948.839,510.851,175.990,58.809
937.887,521.914,179.444,59.425
924.488,535.667,183.178,60.496
915.855,547.185,182.957,60.448
905.184,559.906,185.058,60.967
900.454,565.615,185.407,61.115
889.253,563.907,183.073,60.575
876.895,564.090,178.665,59.276
867.022,562.174,180.014,59.201
853.923,558.654,186.442,60.885
846.283,557.779,188.943,62.002
841.926,558.453,182.651,60.692
837.640,559.241,178.126,59.186
831.353,558.476,179.436,59.155
817.654,566.625,181.026,59.625
818.679,582.035,172.767,57.688
798.841,588.637,181.121,59.071
794.591,585.736,180.418,59.413
786.094,585.411,183.380,60.146
778.002,583.483,182.493,60.077
771.133,582.815,180.988,59.781
761.184,582.203,182.616,59.833
755.923,583.030,178.905,59.031
750.618,581.651,182.999,59.975
766.192,583.780,173.107,57.299
785.851,582.805,171.795,56.442
804.017,581.331,179.812,58.582
822.459,582.608,178.562,59.014
829.877,581.516,182.920,59.845
819.148,578.264,185.388,60.900
805.977,573.375,187.837,61.807
790.419,570.338,187.136,61.848
779.985,562.733,188.175,61.869
772.025,555.159,180.284,60.262
763.898,544.381,172.158,57.296
759.451,531.867,172.109,56.778
757.540,515.089,181.680,59.213
773.741,504.420,175.368,57.865
794.616,491.846,170.627,56.171
814.016,477.170,165.499,54.551
829.084,458.645,166.504,54.327
845.842,443.813,164.965,54.029
835.510,425.907,171.918,55.917
817.036,408.928,172.986,56.994
805.991,391.937,175.204,57.281
793.761,375.185,177.320,58.187
785.751,359.032,174.742,57.511
775.266,344.886,177.529,57.942
762.918,336.298,179.603,58.677
756.422,333.033,178.670,58.735
746.742,333.500,180.049,58.954
735.637,334.772,178.422,58.815
734.824,336.165,170.613,56.118
728.998,323.575,177.850,57.733
712.017,308.798,182.763,59.860
705.091,296.454,180.720,59.661
699.025,281.499,180.250,59.425
691.100,267.631,184.312,60.425
684.108,251.433,184.881,60.854
671.417,237.100,189.846,62.180
668.826,230.751,175.589,58.591
660.384,215.073,182.166,59.374
658.526,203.827,179.063,59.184
651.753,193.281,184.639,60.352
635.338,175.858,193.360,62.984
628.662,163.792,182.782,61.022
629.817,153.422,178.586,59.050
618.073,141.869,183.258,60.280
610.444,130.769,184.383,60.181
607.745,118.028,181.093,59.794
604.420,107.572,178.012,58.621
599.231,96.527,173.505,56.891
593.859,85.340,175.364,57.235
583.964,75.219,180.328,58.636
574.861,74.025,186.360,60.558
561.929,79.913,192.683,62.582
551.036,84.281,197.354,63.952
546.389,93.605,194.282,63.631
543.742,106.659,188.970,62.159
537.569,116.686,185.388,60.965
529.831,125.613,190.053,62.164
527.143,139.677,186.737,61.539
515.529,150.013,189.093,62.111
507.117,161.590,189.962,62.442
500.802,174.611,191.094,62.642
494.537,189.471,189.000,62.175
489.097,201.071,187.397,61.401
479.300,213.074,188.849,61.837
469.812,225.495,188.797,61.908
461.165,235.779,189.087,62.182
459.015,248.129,184.089,61.060
450.586,260.986,181.487,60.064
448.535,272.786,182.757,60.284
441.202,285.347,179.756,59.456
429.966,298.218,172.585,57.596
425.727,310.184,170.974,56.428
416.623,322.114,173.558,57.195
410.349,331.069,181.321,59.100
402.873,341.913,184.114,60.431
391.891,352.579,189.461,61.895
384.291,364.843,182.986,60.735
381.974,377.063,179.898,59.379
376.867,388.422,180.260,59.276
369.035,401.231,181.067,59.485
364.825,414.294,178.928,58.966
356.858,412.045,179.197,58.785
347.872,408.895,184.840,60.233
336.815,407.192,187.348,61.009
336.581,404.514,176.795,58.288
325.972,403.224,178.802,58.352
324.832,401.275,177.127,58.305
318.217,399.464,181.685,59.346
307.303,399.166,183.255,59.959
302.182,399.042,176.328,58.322
299.626,397.642,175.238,57.557
288.593,394.966,177.840,58.304
280.257,395.089,172.811,56.875
276.284,392.975,169.378,56.009
290.172,393.103,168.670,55.572
290.430,391.150,172.923,56.698
275.328,391.592,172.928,56.822
268.333,389.509,171.667,56.333
261.862,389.564,175.293,57.107
276.425,389.999,171.963,56.507
294.656,387.896,177.459,57.738
316.929,387.155,176.530,57.855
335.017,388.116,176.085,57.574
357.015,387.982,174.235,56.959
379.658,386.682,176.696,57.604
401.076,390.485,172.906,56.718
419.883,389.397,173.783,56.830
439.269,390.218,169.157,55.653
457.740,387.162,171.212,56.022
471.826,384.761,180.917,58.754
492.325,385.890,185.507,60.585
514.436,387.972,179.543,58.986
543.077,389.112,170.040,56.235
564.938,390.140,166.923,54.959
578.994,388.430,169.889,55.472
599.998,387.563,175.845,57.356
618.425,387.609,174.656,57.212
635.965,386.253,180.410,58.797
657.255,385.822,178.669,58.601
676.324,385.843,180.598,59.135
696.711,388.330,180.017,58.996
718.428,388.735,178.729,58.629
739.900,389.157,176.509,57.866
761.501,390.488,171.988,56.532
783.935,390.650,166.489,54.684
801.976,389.678,173.036,56.357
819.996,390.028,177.673,57.865
839.820,390.265,177.009,58.201
837.474,390.191,177.944,58.302
811.185,388.694,181.949,59.552
801.454,386.897,181.459,59.497
792.637,385.800,184.019,60.068
790.935,385.361,180.611,59.299
803.101,386.403,177.012,58.188
824.615,386.469,174.094,57.224
845.676,384.921,178.200,58.297
864.556,384.224,178.056,58.276
886.561,385.134,178.223,58.408
907.336,386.795,175.230,57.558
922.241,384.504,177.280,58.004
937.845,383.744,184.829,60.152
954.439,384.818,187.808,61.300
977.103,387.103,181.681,59.661
997.922,388.210,180.791,58.852
1022.943,389.643,176.460,57.902
1044.080,390.381,179.067,58.471
1042.642,391.086,174.576,57.454
1027.537,390.397,179.329,58.550
1015.295,390.539,177.712,58.310
1004.669,389.616,176.819,58.161
997.510,391.538,170.901,56.385
993.661,392.075,165.986,54.899
987.583,392.058,164.111,54.227
977.134,389.850,169.359,55.406
971.294,389.731,166.896,55.151
962.084,389.215,171.863,56.362
951.073,388.907,175.818,57.604
948.513,389.521,171.117,56.756
941.898,390.264,173.801,56.972
930.670,390.769,180.396,58.921
926.051,392.144,174.452,57.771
919.788,393.095,174.849,57.188
911.766,393.235,177.630,57.954
905.345,392.236,177.822,58.410
903.327,394.023,173.333,57.219
897.902,393.960,170.640,56.278
888.789,394.398,170.673,56.032
878.323,394.429,171.894,56.183
872.812,395.383,164.506,54.497
870.425,394.485,162.106,53.425
862.263,396.064,168.536,54.896
853.678,395.829,171.199,56.049
846.481,395.230,171.726,56.440
839.138,394.865,171.584,56.298
831.957,394.734,169.641,55.660
844.383,395.078,169.250,55.353
863.895,395.979,166.514,54.674
885.708,396.203,165.564,54.368
903.309,395.390,168.640,54.948
921.684,396.377,167.689,54.818
943.642,396.514,169.981,55.531
958.656,396.394,174.764,56.927
980.889,396.596,173.679,56.925
1004.196,397.174,171.844,56.478
1022.157,399.765,168.884,55.630
1018.161,399.617,167.669,55.257
1007.894,399.470,170.212,55.940
997.592,400.800,170.105,56.024
987.678,400.190,171.135,56.371
976.748,400.913,169.771,56.006
966.449,400.986,171.805,56.414
956.140,400.634,171.845,56.624
949.539,401.937,173.226,56.731
943.193,403.788,174.506,57.100
937.563,404.975,174.981,57.408
929.336,407.429,174.024,57.307
926.086,408.460,171.179,56.536
919.252,408.476,171.294,56.453
910.550,408.886,171.518,56.441
905.528,409.615,171.885,56.430
896.999,410.228,174.980,57.205
887.338,411.467,176.675,57.916
879.948,411.304,176.180,57.957
875.003,413.543,174.336,57.594
868.522,415.212,172.526,56.782
862.725,415.897,171.086,56.286
855.565,416.950,174.005,57.003
850.049,418.547,175.071,57.429
840.759,419.224,181.981,59.063
850.095,421.458,176.456,57.941
865.368,423.590,176.391,57.586
886.445,423.903,172.818,56.504
905.606,424.758,175.925,57.441
923.255,426.162,176.765,57.931
931.061,428.350,176.438,58.033
919.627,428.369,181.046,59.249
913.614,430.811,179.921,59.182
901.760,430.416,183.791,60.268
892.739,431.777,185.416,60.932
881.141,431.595,188.208,61.745
871.760,432.884,189.040,62.062
870.480,435.904,180.742,60.143
867.030,438.858,176.319,58.503
861.576,439.278,177.322,58.354
851.930,439.273,178.732,58.790
844.116,438.778,179.527,59.155
838.129,438.784,183.306,60.117
832.300,438.943,187.068,61.510
825.159,438.387,186.966,61.710
821.398,441.925,185.882,61.390
816.416,441.812,183.485,60.806
811.312,442.192,180.964,59.887
801.048,442.934,181.200,59.515
791.844,443.534,184.924,60.477
792.259,443.600,183.448,60.511
782.621,442.864,187.905,61.424
780.452,444.200,183.179,60.449
795.008,446.985,176.478,58.182
816.301,447.258,172.822,56.952
839.010,446.546,176.967,57.915
860.998,446.564,179.069,58.774
879.674,449.551,173.683,57.115
897.097,451.296,173.688,57.139
889.116,450.807,172.027,56.714
879.072,452.707,173.925,56.962
870.534,452.749,178.500,58.325
860.352,453.266,179.396,59.048
855.916,454.538,168.604,56.283
853.924,455.670,162.744,53.916
847.569,453.275,166.355,54.333
836.281,452.181,175.018,56.876
828.046,451.900,175.773,57.574
825.900,454.492,168.079,55.957
825.499,455.505,162.814,54.203
819.171,454.153,164.089,54.176
810.046,453.609,169.930,55.793
802.860,453.692,168.781,55.818
795.978,452.065,169.132,55.784
791.997,455.037,165.156,54.834
788.327,456.424,162.765,53.890
782.556,455.446,166.750,54.450
775.962,453.840,171.195,55.931
767.427,453.258,171.327,56.424
759.338,455.700,171.379,56.365
753.091,454.504,170.673,56.127
749.809,453.570,170.633,56.183
747.150,454.507,171.554,56.396
738.856,454.561,170.908,56.402
728.314,456.224,166.680,55.183
722.946,456.029,168.617,55.247
721.086,456.311,168.994,55.254
738.210,456.887,165.608,54.468
756.118,457.690,162.514,53.520
776.103,458.009,165.148,54.047
794.223,456.191,168.441,54.990
812.249,457.583,167.612,54.950
835.180,457.508,164.679,54.148
853.319,458.435,163.432,53.600
872.625,457.835,167.235,54.618
891.237,457.657,171.749,56.180
901.699,461.042,164.897,54.622
889.212,462.099,166.314,54.682
876.160,461.022,167.671,55.161
868.495,460.205,166.023,54.839
855.952,461.709,167.996,55.161
846.533,461.826,166.698,54.993
836.697,461.720,168.523,55.401
833.771,462.881,166.080,54.775
827.265,462.345,165.344,54.526
820.586,461.827,162.641,53.708
811.148,461.780,164.660,54.085
806.687,462.834,164.827,54.168
795.613,462.929,167.462,54.891
786.532,462.676,168.336,55.375
779.311,461.737,171.229,56.083
772.213,461.860,170.828,56.194
766.263,462.469,171.169,56.311
760.950,463.080,167.306,55.393
752.412,462.010,166.244,54.728
746.484,461.958,166.225,54.397
759.199,461.035,167.814,54.896
775.797,460.455,168.692,55.195
796.490,459.924,167.907,55.076
815.856,461.104,167.627,54.965
835.753,460.195,170.652,55.729
853.966,461.383,169.356,55.677
867.083,462.925,170.404,55.901
855.004,463.763,167.986,55.412
842.926,463.527,168.122,55.278
831.931,463.590,169.668,55.657
822.208,463.574,170.169,55.843
813.921,462.203,170.701,56.079
796.629,463.617,164.569,54.659
785.446,461.139,170.156,55.550
776.879,460.694,171.974,56.383
769.171,460.095,174.051,57.055
766.157,461.515,165.780,55.118
776.917,461.437,160.727,53.060
789.651,460.630,163.154,53.386
806.829,458.983,170.488,55.489
825.854,459.878,169.336,55.535
846.580,460.928,167.697,55.073
866.452,461.467,165.718,54.500
881.846,460.517,167.243,54.796
897.680,460.107,168.446,55.124
915.529,459.904,168.483,55.204
911.615,459.945,171.470,56.127
898.111,462.012,170.459,56.198
886.189,461.299,170.165,55.982
875.991,462.260,173.246,56.680
863.367,462.364,174.733,57.206
851.282,461.612,174.494,57.357
841.619,462.005,172.845,56.850
833.923,461.864,172.799,56.753
828.599,461.278,172.458,56.695
820.317,461.372,168.491,55.758
811.788,459.855,169.537,55.696
800.962,459.136,172.911,56.577
790.717,458.812,175.560,57.520
778.869,459.044,173.520,57.193
772.436,458.699,170.816,56.347
764.129,458.815,169.672,55.869
761.233,459.614,167.138,55.145
752.084,457.932,170.869,55.985
740.293,456.970,174.856,57.284
732.189,455.746,173.947,57.254
745.519,455.780,172.322,56.593
761.033,454.133,171.259,56.137
777.891,453.907,169.050,55.260
799.556,453.712,168.159,55.067
819.783,454.921,164.749,53.987
838.402,454.270,166.179,54.325
849.291,453.197,175.266,56.794
844.647,452.440,172.172,56.671
820.138,451.422,177.950,58.116
811.086,449.406,178.655,58.798
794.965,449.181,186.499,60.663
787.349,448.059,180.779,60.217
776.541,448.719,177.894,59.048
768.331,447.540,175.904,58.228
763.144,446.071,175.518,58.011
755.080,445.242,178.844,58.814
744.424,443.690,175.422,58.255
733.813,441.307,172.067,57.141
724.859,438.535,175.465,57.350
716.843,436.250,175.412,57.754
708.583,434.883,178.907,58.544
710.740,433.919,175.821,57.755
730.863,435.025,172.866,56.769
749.975,432.587,170.754,56.270
764.295,430.079,171.033,56.112
778.298,430.623,176.548,57.665
798.060,427.681,176.176,57.860
816.659,425.711,176.350,57.865
828.533,424.072,175.611,57.557
824.819,424.000,175.269,57.624
811.664,425.173,169.946,56.349
794.882,423.126,170.614,56.118
785.623,421.449,170.198,56.054
778.569,420.290,170.714,56.112
767.078,420.975,169.911,55.953
754.498,419.238,171.752,56.393
746.728,418.250,169.479,55.798
756.985,417.232,167.344,54.919
774.164,415.476,168.382,55.185
793.942,415.649,165.421,54.403
810.230,415.332,163.369,53.740
827.609,413.382,162.792,53.428
840.726,411.866,166.960,54.402
855.253,412.162,172.508,56.090
860.962,410.350,172.199,56.467
848.598,409.704,172.220,56.709
832.608,407.022,176.877,57.845
817.159,404.505,184.069,59.892
806.785,402.736,185.535,60.935
797.490,401.012,184.335,60.858
792.316,398.152,184.834,60.548
802.901,398.108,185.385,60.646
821.029,398.036,184.419,60.400
839.648,394.898,187.227,61.272
854.055,393.945,185.669,60.638
870.068,393.156,189.147,61.580
858.788,392.053,186.227,61.357
852.943,391.086,183.761,60.546
831.116,387.813,191.374,62.289
821.794,387.294,190.900,62.464
813.010,385.957,190.510,62.446
803.239,386.277,191.422,62.702
799.090,387.887,188.856,62.061
806.195,388.037,195.133,63.499
823.345,392.508,190.469,62.841
837.850,394.640,187.383,61.545
831.945,397.179,187.106,61.147
817.900,397.950,190.530,62.241
804.128,400.145,195.125,63.607
794.032,403.603,192.005,63.080
791.101,407.113,187.869,62.075
782.645,409.032,188.084,61.623
773.250,412.641,187.116,61.462
768.315,417.508,182.020,60.193
770.743,420.839,174.443,57.487
781.757,424.651,175.549,57.286
799.004,424.907,179.599,58.457
805.494,428.671,182.190,59.620
794.561,431.090,186.477,60.901
783.136,432.904,184.610,60.762
775.051,439.022,176.962,58.961
761.553,438.999,184.121,60.257
746.486,443.179,191.271,62.633
745.890,450.001,185.694,61.525
755.092,456.442,184.673,60.455
770.173,462.974,186.900,61.146
794.109,471.940,183.933,60.397
811.573,478.824,185.061,60.623
826.837,487.585,183.587,60.439
830.155,496.712,186.672,61.245
813.982,505.586,189.664,62.146
804.556,514.138,188.453,62.101
792.250,522.299,186.518,61.655
783.000,530.484,184.336,61.000
771.893,536.544,190.311,62.316
784.667,545.355,185.022,61.051
798.817,555.011,180.178,59.413
818.833,565.023,178.515,58.875
835.296,571.675,182.215,59.736
852.510,582.392,175.485,58.037
869.908,590.369,178.610,58.606
887.471,595.808,186.058,60.732
903.864,605.314,181.707,59.841
919.947,612.481,182.162,59.846
940.237,620.933,185.048,60.716
960.006,630.336,186.307,61.214
978.734,639.599,183.326,60.418
997.600,647.830,184.072,60.518
1016.164,656.023,180.691,59.540
1033.782,663.207,176.459,58.162
1054.017,672.618,179.956,59.046
1071.674,680.143,181.949,59.673
1075.992,686.494,184.205,60.409
1058.006,694.232,188.466,61.804
1045.133,701.282,184.789,61.024
1036.486,706.934,184.266,60.599
1022.984,711.834,181.316,59.649
1011.177,718.650,180.277,59.224
1005.686,724.433,179.873,58.971
994.927,731.150,180.089,59.011
987.500,736.263,182.594,59.675
972.348,743.505,187.567,61.159
966.710,749.337,179.898,59.376
958.068,751.847,180.947,59.237
950.473,757.470,179.146,58.847
940.307,751.306,178.791,58.621
933.110,742.419,177.057,58.112
922.771,734.040,178.369,58.414
910.739,725.804,180.617,59.015
900.325,716.458,187.281,60.889
890.256,708.419,186.738,61.049
881.240,698.325,185.844,60.821
873.744,689.466,183.573,60.186
865.625,680.446,181.778,59.734
854.936,670.605,187.862,61.144
845.683,661.746,185.651,60.973
835.998,652.913,185.752,60.806
831.265,641.570,183.292,60.114
820.729,632.747,183.810,59.880
814.371,622.943,181.339,59.595
800.451,623.948,186.194,60.723
783.305,628.383,191.039,62.366
777.215,631.765,194.222,63.417
786.527,635.217,191.212,62.616
798.779,639.050,190.146,62.270
822.075,642.749,185.543,61.134
839.907,645.914,185.171,60.680
858.256,649.458,180.723,59.435
874.177,649.829,184.293,60.302
884.739,652.096,189.117,61.284
918.896,657.937,193.910,63.072
937.681,661.959,193.623,63.274
955.740,664.018,190.704,62.253
975.266,666.703,190.435,62.276
995.981,671.571,187.433,61.398
1009.482,672.778,193.639,62.950
1024.785,675.213,197.302,64.187
1042.193,678.447,196.953,64.460
1060.126,678.934,201.548,65.711
1080.735,678.722,204.260,66.714
1096.579,680.586,202.506,66.176
1110.463,679.890,208.951,68.039
1132.218,681.920,209.933,68.672
1153.640,684.673,195.755,64.601
1156.600,690.703,192.980,62.984
1147.873,690.256,191.646,63.020
1130.533,692.481,188.702,62.056
1117.811,694.878,188.404,61.904
1107.128,697.199,188.937,62.015
1097.209,699.846,187.395,61.755
1087.684,704.195,178.806,59.367
1078.797,703.131,178.971,58.888
1065.468,706.435,185.246,60.461
1056.961,709.598,184.220,60.693
1042.027,712.432,184.106,60.406
1032.515,710.158,188.802,61.692
1023.609,712.434,189.359,62.015
1015.729,702.921,194.033,63.471
1000.782,692.700,200.156,65.108
991.748,679.042,204.407,66.791
983.353,667.678,202.086,66.414
972.824,656.115,201.142,66.127
974.116,650.155,193.888,64.021
965.853,654.515,187.753,62.025
952.954,656.388,189.636,61.981
946.425,652.922,189.712,62.357
931.280,643.546,195.363,63.583
918.914,635.381,194.039,63.744
907.429,623.629,201.046,65.416
896.135,615.819,200.624,65.938
890.812,606.785,196.947,64.761
877.067,598.734,196.589,64.333
861.792,584.832,204.831,66.512
859.837,577.683,195.527,64.650
854.613,568.687,193.408,63.451
842.636,562.862,190.454,62.726
839.419,555.207,184.460,60.678
822.807,544.372,193.480,62.698
813.076,538.475,193.673,62.726
809.594,532.174,186.035,61.410
794.969,530.128,198.001,64.054
785.175,535.953,202.588,65.920
773.165,544.439,201.963,66.297
767.159,551.943,193.274,64.051
763.079,557.935,193.418,63.572
753.266,563.844,191.663,62.937
761.770,569.060,184.305,60.975
779.381,574.399,183.628,60.226
796.532,579.866,185.206,60.610
815.721,588.122,180.145,59.166
834.028,591.811,180.465,59.028
850.774,595.188,179.132,58.588
867.222,599.551,179.134,58.517
884.352,603.393,182.508,59.460
901.929,607.544,184.537,60.256
917.244,612.030,182.163,59.763
937.144,615.406,182.596,59.781
953.044,619.480,185.713,60.711
949.972,623.407,182.821,59.788
934.267,624.621,188.330,61.256
917.018,628.132,188.562,61.761
903.176,627.724,193.208,63.019
889.703,630.661,193.297,63.346
876.314,632.454,191.711,62.963
865.247,634.464,191.759,62.916
859.608,637.826,192.103,63.026
