906.000,559.000,167.000,55.000
901.361,560.644,180.817,57.520
905.865,563.782,186.951,59.872
904.272,565.220,194.369,62.140
914.992,557.868,194.364,62.299
920.326,546.244,193.948,62.298
927.539,534.052,198.994,63.617
932.047,523.674,200.687,64.452
942.309,514.652,196.649,63.238
954.301,513.371,193.314,62.419
960.737,517.660,191.022,61.749
974.542,519.811,190.737,61.585
980.037,520.946,190.496,61.533
988.110,522.712,194.387,62.647
994.154,525.377,193.033,62.553
1007.068,527.296,191.263,62.067
1016.603,530.807,188.129,61.027
1030.846,530.364,188.094,60.946
1035.515,530.900,192.294,61.947
1044.372,532.267,192.455,62.262
1056.000,533.028,194.460,62.757
1066.013,535.514,191.671,61.678
1077.035,538.573,189.029,60.906
1090.904,540.237,191.233,61.488
1097.107,541.393,191.257,61.594
1092.015,542.606,194.454,62.352
1073.919,544.022,194.502,62.585
1060.103,545.924,196.301,63.084
1050.742,547.324,195.624,63.110
1037.251,549.575,190.813,61.875
1024.461,549.872,193.631,62.301
1008.972,551.138,196.132,62.877
995.560,551.486,191.932,61.791
1001.483,552.368,193.693,62.353
1023.650,551.977,190.033,61.499
1038.775,552.649,190.185,61.465
1057.322,552.150,192.814,62.126
1072.122,549.779,193.716,62.453
1082.209,550.650,192.736,62.193
1075.283,553.126,192.357,61.880
1065.822,552.977,189.644,61.067
1051.873,553.697,186.359,60.119
1039.979,552.855,188.159,60.396
1039.848,551.335,190.198,61.243
1062.401,551.596,188.269,60.946
1085.223,549.459,189.937,61.346
1101.178,546.434,191.135,61.884
1112.357,534.305,194.266,62.475
1129.833,522.716,191.932,61.923
1142.992,510.448,191.261,61.411
1163.970,498.209,191.007,61.394
1177.022,484.630,196.247,62.708
1195.424,485.582,192.175,62.265
1213.756,487.762,190.203,61.558
1233.360,488.188,193.247,62.292
1248.810,490.923,193.482,62.559
1263.768,491.079,196.597,63.415
1285.648,493.442,193.027,62.510
1300.351,493.033,191.624,61.759
1310.255,492.951,199.179,63.774
1300.257,491.048,203.710,64.999
1293.270,492.534,195.733,63.367
1286.624,498.285,197.557,63.544
1280.467,498.648,195.893,63.010
1278.690,502.866,189.642,61.337
1276.956,505.195,187.849,60.712
1268.443,506.186,188.831,60.765
1255.091,507.783,194.715,62.237
1247.544,511.159,195.073,62.897
1243.411,516.739,187.805,61.034
1238.401,518.103,185.665,60.097
1228.697,516.311,193.620,61.847
1219.761,517.200,199.200,63.881
1219.731,521.183,193.909,62.884
1207.392,522.788,193.160,62.195
1200.221,523.331,194.319,62.606
1197.545,524.263,190.854,61.698
1189.625,525.409,191.957,61.716
1180.656,525.931,194.978,62.608
1173.811,525.903,196.392,63.257
1167.241,527.297,196.311,63.271
1161.063,527.490,195.830,63.109
1158.332,527.255,194.056,62.671
1152.491,526.197,199.342,63.902
1147.311,527.409,197.440,63.709
1140.901,527.865,195.791,63.339
1140.358,526.855,197.279,63.624
1131.084,526.770,197.372,63.655
1128.193,527.688,196.143,63.322
1122.761,526.723,197.278,63.613
1116.706,525.705,197.271,63.534
1118.932,526.997,193.888,62.749
1114.044,527.257,188.841,61.315
1108.110,523.390,195.263,62.720
1104.821,524.416,191.658,62.311
1100.970,522.519,192.025,61.964
1092.101,521.437,193.186,62.183
1086.084,521.021,196.391,63.171
1081.698,519.558,198.280,63.769
1079.467,519.514,193.564,62.708
1075.317,517.822,195.597,62.826
1073.262,517.715,191.121,61.974
1066.080,516.130,192.314,61.978
1057.827,511.952,198.283,63.593
1051.844,511.381,200.114,64.355
1048.867,511.013,201.567,65.105
1042.370,511.486,195.679,63.499
1034.681,510.404,198.810,64.054
1031.577,511.698,194.050,62.907
1025.825,510.268,195.835,63.021
1020.780,508.686,194.343,62.531
1012.626,498.408,210.988,67.169
999.790,501.929,215.035,69.142
1008.256,501.426,203.178,66.216
1002.964,499.586,206.462,66.586
997.484,498.962,202.931,65.810
995.117,497.856,198.410,64.421
991.516,497.654,197.452,63.766
984.151,497.251,194.680,62.965
974.934,493.931,200.726,64.265
973.675,491.091,196.700,63.719
977.226,487.643,200.187,64.417
1009.014,489.539,189.675,61.862
1035.907,486.532,188.828,61.103
1054.535,485.664,195.297,62.844
1081.075,487.486,183.564,59.594
1099.968,486.304,181.936,59.072
1095.539,483.532,186.854,59.905
1085.862,480.501,193.395,61.676
1081.310,478.913,199.428,64.097
1086.972,479.113,198.256,64.349
1080.932,477.448,187.358,61.301
1080.186,474.727,186.154,60.467
1073.068,475.452,184.002,59.813
1065.213,471.627,191.207,61.455
1054.073,470.637,197.672,63.585
1053.739,469.848,192.391,62.523
1051.310,466.538,194.224,62.585
1044.631,465.688,196.520,62.968
1037.337,463.083,200.223,64.079
1037.623,460.240,199.375,64.242
1031.434,459.809,201.591,64.970
1032.431,457.777,198.657,64.413
1025.468,453.450,193.047,62.558
1028.483,450.996,188.431,61.231
1017.916,448.609,190.456,61.400
1014.290,444.158,196.031,63.131
1006.278,445.019,193.244,62.574
1018.664,441.730,189.182,61.571
1049.096,438.912,189.226,61.332
1076.846,436.781,195.648,63.111
1097.068,427.066,213.374,68.169
1102.492,420.449,227.316,73.005
1096.557,422.197,219.810,71.546
1104.040,426.217,205.554,67.290
1104.983,425.583,204.634,66.203
1107.383,429.113,195.977,63.849
1100.556,424.165,197.565,63.650
1096.124,425.187,195.123,63.004
1095.205,420.375,199.042,63.735
1096.092,421.688,196.552,63.166
1092.075,419.330,199.344,63.897
1090.755,420.348,197.161,63.645
1087.814,418.436,194.213,62.814
1093.093,418.066,189.859,61.621
1087.252,417.349,192.469,62.091
1086.041,414.347,196.354,63.203
1082.749,415.087,197.190,63.558
1083.066,413.484,192.394,62.428
1081.891,414.333,190.068,61.524
1100.451,411.810,190.229,61.637
1129.132,411.299,186.082,60.457
1158.595,410.497,187.289,60.607
1181.181,409.258,190.813,61.692
1187.439,407.507,196.188,63.173
1179.335,408.510,201.440,64.718
1175.780,407.676,199.808,64.482
1174.863,408.461,197.647,63.922
1172.502,406.218,198.708,63.781
1169.727,402.327,200.283,64.166
1169.480,402.084,199.575,64.260
1167.099,403.588,196.653,63.643
1162.311,403.235,194.658,63.028
1160.198,400.679,195.552,63.114
1152.700,401.714,196.542,63.281
1149.051,402.162,192.973,62.391
1142.800,400.669,198.555,63.745
1145.785,400.836,196.000,63.370
1135.762,401.825,193.407,62.519
1153.078,402.064,189.953,61.748
1181.276,400.066,189.760,61.576
1206.643,400.469,194.668,62.862
1221.595,399.096,197.291,63.937
1226.092,401.510,193.345,62.774
1212.822,398.525,203.779,64.941
1204.405,399.055,203.981,65.579
1199.153,398.715,208.342,66.720
1194.044,398.032,211.127,67.839
1189.006,399.628,213.313,68.683
1183.012,401.956,208.108,67.390
1185.453,403.825,203.529,66.029
1183.532,405.458,204.373,65.880
1172.739,403.657,211.128,67.616
1170.936,404.572,209.569,67.612
1171.840,407.675,204.369,66.334
1171.041,410.652,199.921,64.844
1173.546,410.973,196.967,63.762
1170.465,411.979,195.907,63.370
1168.496,411.746,194.254,62.628
1162.629,412.704,194.823,62.722
1154.523,412.800,198.842,63.877
1150.300,416.253,200.612,64.567
1147.072,416.460,198.452,64.086
1142.700,417.921,200.397,64.637
1140.082,418.594,202.136,65.161
1132.764,419.291,200.509,64.819
1134.483,421.071,193.877,62.991
1136.278,417.141,191.281,61.847
1132.219,417.121,196.156,63.037
1119.356,415.371,204.368,65.259
1114.324,416.699,206.206,66.206
1115.007,417.503,199.500,64.447
1110.162,416.336,205.092,65.521
1108.745,420.456,198.766,64.350
1108.125,417.808,200.424,64.512
1107.917,419.933,198.056,64.074
1098.660,417.570,202.673,64.964
1102.387,415.681,198.343,64.251
1099.455,417.489,192.286,62.419
1095.654,414.754,194.911,62.682
1090.349,411.668,196.350,63.129
1087.832,411.836,193.422,62.630
1079.949,408.617,198.463,63.720
1081.633,409.049,195.089,63.210
1078.707,406.146,194.945,63.053
1072.939,406.621,197.059,63.481
1070.671,404.862,200.212,64.507
1069.195,405.712,195.507,63.418
1066.726,403.104,197.426,63.792
1057.132,405.377,200.693,64.625
1056.282,403.591,200.945,64.923
1053.492,404.413,198.070,64.006
1047.483,405.382,198.052,64.092
1041.612,406.011,195.409,63.325
1035.840,405.890,197.306,63.687
1030.003,403.115,205.127,65.953
1019.819,400.545,216.952,69.369
1016.986,400.010,217.602,70.261
1013.981,398.726,216.676,70.192
1004.809,400.566,219.512,70.976
1003.830,403.651,217.232,70.407
1008.341,408.242,206.725,67.506
1012.023,412.729,198.786,64.979
1008.026,414.178,196.646,63.842
1000.804,411.836,198.465,64.036
994.791,412.852,201.054,64.779
994.433,416.482,193.392,62.729
994.814,414.752,197.901,63.558
985.130,417.239,200.827,64.423
980.826,416.086,205.737,65.892
973.932,418.070,204.551,66.070
971.746,418.644,203.142,65.540
967.407,421.009,202.612,65.404
965.557,425.264,200.440,64.853
962.576,428.238,193.943,63.153
956.227,430.170,197.172,63.607
955.589,432.902,195.028,63.196
951.573,436.144,196.009,63.327
943.568,435.486,199.514,64.089
931.988,435.827,208.137,66.542
930.141,434.839,209.707,67.644
926.146,442.554,205.547,66.600
926.443,447.607,200.167,65.084
930.885,451.523,192.108,62.755
923.434,453.907,194.880,63.178
911.088,452.222,213.450,67.879
910.703,454.866,211.559,68.739
908.077,453.626,212.318,68.595
900.655,453.672,214.370,69.214
897.930,457.960,214.245,69.334
893.365,465.265,208.256,67.706
900.775,470.436,195.866,64.134
893.515,471.722,194.857,63.062
891.215,474.700,194.807,63.107
882.662,474.501,201.014,64.497
880.108,478.458,195.308,63.447
874.228,482.439,194.837,62.940
866.932,484.627,197.882,63.845
861.458,487.714,194.491,62.919
853.511,490.469,194.576,62.829
848.265,491.670,196.359,63.246
841.418,498.194,195.988,63.455
838.395,500.507,201.992,64.892
829.909,502.307,202.558,65.410
826.742,502.918,200.657,64.881
817.165,507.018,202.006,65.131
806.981,504.819,212.161,67.671
794.618,508.746,215.248,69.125
803.448,513.023,206.374,67.128
802.537,517.111,196.598,64.165
803.214,517.317,195.790,63.441
797.744,520.076,196.603,63.602
792.753,524.103,193.079,62.709
792.216,525.715,195.708,63.178
785.105,528.017,198.279,63.935
779.360,531.548,198.950,64.488
776.510,535.463,196.889,63.980
768.678,537.294,200.855,64.595
765.587,538.638,199.736,64.566
764.451,541.760,196.695,63.694
756.184,543.609,198.754,64.135
748.802,545.103,199.865,64.539
744.319,546.379,195.044,63.439
745.114,549.613,193.056,62.724
737.525,551.250,195.002,62.879
726.575,553.985,197.412,63.576
729.029,558.039,191.182,62.118
752.095,561.066,189.145,61.451
778.971,563.890,189.358,61.596
802.983,564.834,192.854,62.453
826.968,566.352,196.255,63.525
852.099,565.790,199.992,64.813
857.353,570.266,198.223,64.251
854.117,573.249,198.784,64.462
846.883,573.749,204.666,66.098
843.066,578.899,199.665,65.152
835.155,580.523,204.687,66.068
830.796,583.564,201.031,65.361
832.501,586.168,196.688,63.881
826.153,587.415,202.136,65.193
826.806,590.855,197.057,64.099
847.817,592.642,196.797,63.901
876.995,592.531,201.622,65.278
897.703,597.140,195.993,64.048
897.599,596.987,201.365,64.873
897.949,602.458,197.883,64.262
892.046,600.721,204.252,65.810
886.401,600.427,204.750,66.246
882.785,601.983,203.769,66.089
874.728,605.037,203.349,65.638
869.473,605.046,201.718,64.998
864.412,606.010,203.096,65.449
861.800,610.195,200.708,65.158
854.621,611.925,203.364,65.649
851.888,613.998,203.138,65.747
849.600,617.449,200.698,64.968
847.637,619.635,198.999,64.499
841.589,620.202,203.407,65.412
830.676,622.182,210.468,67.591
843.038,622.724,211.712,68.573
872.915,621.340,214.140,69.350
898.989,622.380,214.833,69.795
910.760,624.689,212.541,69.071
903.146,624.612,222.362,71.268
899.914,628.747,218.697,71.063
896.070,628.601,215.980,69.932
891.831,629.309,216.397,69.872
894.022,629.986,212.409,68.632
892.353,633.411,211.363,68.455
888.561,638.088,211.700,68.947
884.709,640.780,216.181,70.392
875.731,642.245,221.696,71.906
864.716,639.489,223.957,72.436
862.840,638.702,220.093,71.813
858.057,638.537,213.324,69.859
858.586,636.439,212.557,69.328
879.654,633.536,215.210,70.285
905.471,630.425,222.769,72.540
920.780,630.739,227.925,74.289
939.758,632.702,228.837,74.629
933.218,630.968,231.481,75.042
931.324,630.846,231.554,75.474
932.282,632.287,227.354,74.295
937.315,635.854,209.938,69.198
939.378,638.733,196.371,64.760
938.430,636.929,196.375,63.991
924.921,636.672,197.231,64.073
919.737,636.559,201.662,65.111
915.630,637.545,199.993,64.899
910.361,638.131,202.188,65.416
906.519,637.380,206.535,66.669
903.369,637.612,204.497,66.308
896.089,636.644,209.811,67.693
890.019,636.694,207.539,67.393
889.693,636.752,205.160,66.452
879.932,637.127,203.267,65.957
882.482,636.729,198.346,64.592
906.558,636.858,188.455,61.641
936.784,636.196,190.944,62.108
954.814,633.196,201.157,64.854
980.645,630.249,204.082,66.230
1007.521,628.975,208.860,67.831
1032.816,632.033,199.935,65.493
1061.573,630.525,191.483,62.405
1090.377,626.100,191.932,62.313
1105.398,613.008,194.935,62.977
1126.877,597.797,201.919,65.014
1146.652,583.830,201.599,65.188
1170.913,572.748,198.070,64.355
1202.863,558.908,196.984,63.847
1225.470,559.946,187.741,61.406
1244.184,558.443,191.845,62.176
1264.391,555.522,202.453,65.169
1282.527,555.322,200.722,65.258
1307.738,555.860,202.652,65.656
1331.467,556.255,196.760,64.145
1354.468,555.938,195.082,63.596
1376.477,555.684,195.792,63.643
1399.438,555.126,194.196,63.492
1420.245,552.735,197.069,64.128
1437.284,551.283,198.854,64.748
1465.225,550.535,196.733,64.077
1484.750,549.408,195.391,63.693
1505.909,546.867,201.870,65.247
1525.049,548.569,200.335,65.356
1548.868,546.883,202.874,65.986
1560.029,544.694,206.663,67.270
1561.529,542.890,208.852,67.816
1556.178,542.098,204.538,66.739
1550.412,538.953,210.086,67.793
1539.731,538.041,207.097,67.411
1540.551,534.390,207.319,67.228
1536.645,531.645,209.932,67.878
1521.980,529.769,210.471,68.323
1519.559,529.529,209.170,67.865
1511.487,529.603,207.652,67.379
1507.720,526.599,206.366,66.902
1499.401,522.595,212.829,68.463
1491.064,522.027,212.737,68.780
1485.269,520.462,212.700,68.917
1479.535,519.166,215.632,69.791
1472.370,518.914,216.627,70.268
1464.607,518.546,215.525,70.067
1454.426,518.606,214.804,69.834
1451.337,518.987,215.595,69.775
1446.310,523.307,206.861,67.577
1438.736,524.069,209.702,67.883
1428.200,523.994,209.579,68.079
1427.660,526.027,205.468,66.930
1415.675,527.217,211.419,68.237
1413.833,528.011,206.954,67.315
1409.352,530.043,209.879,68.070
1401.784,530.539,214.492,69.365
1393.703,531.536,216.523,70.329
1391.664,534.314,207.862,68.103
1391.525,537.282,210.918,68.434
1385.404,538.810,208.242,67.924
1378.609,539.667,206.980,67.267
1372.290,542.801,206.551,67.035
1359.839,542.674,207.917,67.475
1346.660,545.161,203.637,66.287
1341.109,544.611,205.128,66.499
1329.082,546.748,207.433,67.224
1326.623,545.972,207.900,67.648
1312.861,547.454,211.882,68.658
1302.982,546.100,212.255,68.793
1296.930,543.704,214.104,69.276
1280.675,544.372,217.396,70.036
1284.600,548.471,208.520,67.994
1274.298,547.779,214.826,69.068
1267.802,548.439,209.968,68.115
1264.063,547.762,215.188,69.370
1259.640,549.844,209.895,68.316
1249.003,549.490,213.784,68.872
1246.827,551.149,212.198,68.759
1239.674,554.853,207.774,67.404
1239.395,555.380,209.993,67.683
1231.417,561.187,204.857,66.733
1231.732,560.562,199.348,64.838
1219.517,563.265,197.825,64.070
1211.578,563.329,201.882,65.004
1201.106,566.564,201.427,65.193
1195.904,566.303,207.174,66.629
1188.472,569.621,197.868,64.449
1180.687,571.648,200.587,64.806
1173.308,573.531,199.646,64.618
1165.989,576.081,200.368,64.925
1156.478,578.698,200.302,64.896
1146.057,579.517,200.680,64.984
1136.307,581.464,202.279,65.445
1123.929,581.906,206.031,66.464
1116.845,584.775,203.804,66.218
1112.979,588.431,201.438,65.626
1104.261,590.933,199.753,64.967
1090.687,592.217,201.375,65.177
1080.275,593.008,202.953,65.722
1071.996,592.565,209.723,67.613
1069.086,596.563,203.603,66.417
1063.800,601.087,199.075,64.763
1057.246,606.248,195.821,63.715
1044.679,604.667,202.777,65.151
1033.444,608.545,204.006,66.072
1021.908,610.244,206.814,66.960
1015.253,611.083,207.974,67.311
1009.817,615.005,201.644,65.884
1002.006,618.644,202.407,65.687
992.253,620.961,201.438,65.492
980.603,620.336,208.606,67.327
970.853,621.651,209.680,67.885
964.879,624.821,207.758,67.421
956.910,626.438,202.526,65.939
950.165,628.054,203.776,65.839
944.734,632.254,201.437,65.401
940.594,635.514,194.786,63.567
927.961,636.662,195.782,63.528
918.272,641.195,194.536,63.254
906.324,642.700,195.479,63.405
897.003,645.004,196.772,63.869
887.349,644.337,203.202,65.520
875.606,645.255,207.917,67.217
864.696,647.115,210.987,68.495
858.059,649.590,212.255,68.858
846.681,648.999,213.511,69.235
841.668,649.851,209.540,68.144
831.823,652.980,209.976,68.220
824.755,653.975,208.369,67.768
818.510,654.765,207.017,67.203
808.934,656.597,202.924,66.043
798.725,658.174,207.121,66.874
788.002,660.772,205.724,66.857
779.328,661.421,210.000,67.754
768.792,663.438,208.597,67.603
757.859,665.263,207.055,67.214
746.365,666.205,206.844,67.086
737.726,667.221,203.841,66.219
730.296,666.679,203.972,66.058
716.255,667.712,201.516,65.443
705.518,667.405,209.120,67.237
697.604,670.869,199.821,65.411
689.971,671.055,201.709,65.274
679.367,671.471,204.296,65.889
671.018,673.212,201.417,65.327
662.808,671.892,205.305,66.268
652.418,673.547,199.661,64.879
648.048,674.496,198.078,64.036
640.693,672.935,193.990,62.858
628.203,673.069,198.714,64.098
616.869,672.247,203.617,65.637
605.357,673.543,199.697,64.831
595.906,672.886,205.478,66.268
596.663,674.253,197.356,64.220
588.904,673.166,194.707,63.134
584.324,670.292,200.694,64.736
607.646,668.834,199.129,64.817
626.776,667.301,206.508,66.663
644.446,669.306,204.414,66.465
669.913,669.052,204.325,66.303
681.256,667.890,210.230,67.899
699.757,669.301,209.695,68.043
724.323,670.031,204.854,66.740
743.313,668.918,198.454,64.533
758.489,666.731,199.159,64.678
778.991,664.884,200.163,64.988
792.320,666.023,197.528,64.283
813.085,666.213,192.865,62.841
827.537,664.712,196.435,63.593
846.898,664.909,198.001,64.075
869.148,665.605,196.604,63.819
881.405,663.621,197.059,63.866
901.596,662.828,195.263,63.278
896.066,662.613,200.986,64.452
883.353,660.836,208.890,66.887
874.516,661.379,209.464,67.529
866.208,660.663,210.811,67.992
859.373,658.676,207.737,67.041
851.800,658.957,205.913,66.555
844.724,659.935,203.599,65.692
836.221,659.678,202.421,65.241
830.153,656.596,202.936,65.089
824.728,656.502,199.481,64.375
819.414,655.370,196.634,63.454
810.590,655.414,194.715,62.711
799.632,654.854,194.608,62.479
789.142,652.046,199.475,63.648
782.160,651.011,196.339,63.280
775.209,649.913,194.323,62.599
764.075,648.497,194.895,62.590
751.718,648.045,197.176,63.164
740.386,647.016,201.212,64.378
734.469,646.501,195.934,63.313
724.248,645.576,195.489,62.897
713.150,644.132,197.544,63.352
704.229,643.365,192.306,61.985
690.563,642.602,197.573,62.934
678.806,642.556,201.244,64.327
675.792,643.716,195.000,62.991
661.939,645.611,194.378,62.373
650.939,646.140,198.569,63.572
636.085,648.332,197.900,63.643
633.175,649.784,196.150,63.220
623.507,651.619,195.114,62.909
615.103,650.787,202.147,64.519
642.281,650.761,200.048,64.569
667.477,652.446,197.595,63.946
686.409,653.077,197.179,63.787
706.533,654.367,194.932,63.080
722.958,653.765,193.930,62.734
714.162,652.406,203.623,64.937
701.260,650.517,206.135,65.970
693.427,650.073,204.990,66.028
690.898,651.747,198.207,64.274
683.405,652.642,193.501,62.704
666.854,651.044,199.396,63.775
652.176,651.554,201.338,64.534
639.982,651.708,198.986,63.827
625.120,651.880,198.189,63.423
610.715,649.345,205.364,65.273
597.635,649.429,207.813,66.470
590.991,648.071,205.598,66.077
580.807,647.497,199.482,64.413
578.827,643.348,195.778,63.112
565.775,639.768,193.280,62.151
575.552,633.923,195.312,62.774
600.773,629.652,195.384,62.980
619.256,627.907,193.323,62.389
636.244,623.183,193.089,62.301
655.257,619.618,196.485,63.251
666.088,613.331,198.083,63.802
683.258,607.201,193.941,62.915
699.541,601.176,195.334,63.142
714.844,596.144,196.779,63.698
729.078,596.053,191.566,62.464
742.242,589.121,195.643,63.242
758.013,575.550,196.796,63.569
777.524,562.188,195.550,63.235
788.504,550.526,194.787,63.139
805.812,545.255,192.982,62.869
823.484,547.922,189.703,62.085
842.118,550.767,181.664,59.682
855.920,550.236,181.869,59.231
869.944,550.708,183.221,59.648
880.084,549.217,185.471,60.187
894.625,550.522,183.620,59.941
896.473,549.975,191.315,61.908
883.436,551.306,191.846,62.452
870.172,550.715,187.252,61.206
856.676,551.373,191.004,61.874
843.338,551.527,187.627,61.332
829.863,549.414,188.693,61.370
812.214,546.807,193.020,62.414
799.838,543.325,191.511,62.317
783.144,537.732,197.500,63.792
764.493,529.857,201.033,65.019
751.126,519.104,199.716,64.887
734.213,505.494,200.697,64.908
720.252,490.329,202.034,65.369
708.836,475.120,194.344,63.526
694.124,458.069,194.294,62.938
681.370,439.659,193.088,62.432
665.226,421.048,191.675,62.042
651.185,401.043,194.317,62.506
639.797,380.935,198.762,63.808
624.221,361.459,200.602,64.508
607.652,338.888,206.559,66.263
591.675,321.376,208.167,67.021
579.603,308.990,198.599,64.646
568.948,292.974,201.873,64.959
547.575,280.150,206.380,66.282
530.955,270.837,200.303,65.031
528.191,262.513,210.375,67.830
543.205,257.158,211.547,68.628
568.257,253.960,200.876,65.676
577.965,255.984,203.232,65.992
585.632,268.379,206.418,66.999
594.602,277.669,214.483,69.096
579.666,287.280,239.813,76.406
612.384,303.820,225.293,74.011
625.060,312.938,226.712,73.635
643.695,326.954,217.163,71.046
661.872,340.345,215.626,70.406
671.771,352.156,211.270,69.130
689.076,365.926,205.343,67.490
704.599,378.746,201.731,66.040
717.994,391.119,201.625,65.981
725.665,403.896,204.443,66.692
741.427,418.766,197.044,64.926
753.938,431.393,197.787,64.721
762.756,433.234,196.111,64.161
773.294,429.944,202.201,65.755
785.553,428.425,204.356,66.632
799.431,428.580,199.107,65.326
812.555,427.593,192.461,63.227
823.394,423.920,194.715,63.407
827.197,422.220,197.882,63.997
815.382,420.237,193.894,63.074
802.687,417.582,193.198,62.645
781.017,415.994,191.789,62.335
767.991,414.975,195.581,63.414
755.226,410.504,193.859,62.976
737.861,410.926,194.961,63.055
727.590,408.987,193.023,62.552
736.961,406.182,194.896,62.988
755.769,406.694,196.830,63.821
772.593,403.856,194.462,63.025
768.972,400.881,202.346,65.051
757.065,401.354,201.632,65.134
741.621,402.049,200.923,65.014
724.997,401.594,199.079,64.509
707.972,401.104,202.538,65.332
692.622,400.315,204.212,65.922
680.718,399.074,205.423,66.335
690.444,399.088,204.268,66.271
709.257,400.337,202.812,65.666
725.870,400.817,200.524,65.101
743.172,402.176,200.384,64.925
760.357,404.623,196.308,63.779
772.023,413.589,193.547,62.784
788.755,431.031,188.860,61.700
802.578,445.403,179.740,58.716
814.106,458.374,182.554,59.410
828.076,470.757,183.621,59.933
832.141,485.941,193.902,62.859
851.235,502.767,189.357,62.292
869.596,516.169,185.438,60.840
875.628,516.057,199.425,63.983
891.492,518.397,194.944,63.743
910.179,519.483,190.316,62.203
924.457,518.773,194.105,63.058
934.953,518.650,194.783,63.317
945.960,519.230,196.417,63.907
937.384,520.769,194.394,63.094
921.168,521.134,195.012,63.009
907.921,520.009,199.683,64.304
894.859,521.183,199.672,64.803
889.079,520.136,196.128,63.785
872.328,520.153,199.547,64.644
855.400,519.908,201.038,65.246
848.174,519.953,201.170,65.583
839.256,520.723,202.117,65.679
851.436,518.740,203.215,65.955
878.901,521.704,203.071,65.883
894.219,521.372,205.962,66.751
913.863,520.733,206.811,66.837
930.506,525.900,202.131,65.540
926.367,526.170,205.687,66.318
913.150,526.292,202.498,65.568
903.815,525.655,202.124,65.373
891.418,526.236,202.456,65.499
878.629,527.367,198.472,64.559
871.215,530.810,195.709,63.665
877.538,531.508,192.864,62.920
903.157,533.294,193.366,62.854
915.692,535.834,195.275,63.345
937.751,536.714,195.548,63.370
949.377,538.813,194.658,63.224
949.536,539.275,199.206,64.285
939.213,540.474,202.147,64.989
930.303,539.378,200.874,64.857
916.465,538.691,205.465,65.846
911.807,542.523,200.750,65.031
904.071,545.036,199.467,64.688
891.943,546.690,199.949,64.721
888.108,548.440,195.221,63.556
874.339,550.219,191.169,62.146
881.236,552.247,192.227,62.401
902.878,554.596,192.285,62.539
920.684,555.040,195.146,63.236
950.635,559.134,189.520,61.879
933.392,557.902,199.031,63.610
926.214,560.563,199.885,64.435
914.109,560.921,202.105,65.076
897.271,562.811,206.605,66.397
884.610,560.538,213.348,68.415
877.046,560.055,212.796,68.904
875.786,562.139,210.632,68.613
890.105,561.643,209.818,68.450
909.153,561.735,211.862,68.817
937.239,566.171,203.106,66.544
967.748,569.778,190.446,62.702
989.348,567.994,192.069,62.444
980.998,564.145,205.930,65.978
976.391,564.408,201.912,65.717
961.753,562.669,200.165,64.503
957.407,563.465,199.929,64.467
954.790,563.981,199.207,64.381
942.596,562.847,199.383,64.298
942.832,566.350,192.336,62.783
929.525,563.639,194.067,62.586
920.696,563.739,197.448,63.804
934.197,564.052,197.720,64.100
959.718,562.817,190.488,62.308
988.856,562.079,187.646,61.141
1005.346,563.529,189.615,61.563
1024.519,563.444,191.946,62.272
1030.510,560.271,192.184,62.203
1018.285,558.786,200.269,64.224
1006.260,556.981,209.441,66.997
1007.544,558.662,202.602,65.991
1003.467,560.430,199.748,64.900
993.262,558.422,200.645,64.718
984.492,557.723,204.610,65.832
982.380,558.020,200.261,65.037
982.945,558.850,197.132,64.015
969.230,559.087,198.880,64.149
966.761,559.127,199.943,64.661
962.349,559.275,201.365,65.146
956.562,560.264,198.102,64.050
950.577,559.145,199.464,64.237
945.825,559.648,198.405,64.162
945.703,558.981,197.827,64.029
942.726,560.966,200.534,64.707
939.984,559.478,202.131,65.190
934.000,561.163,203.347,65.635
929.895,561.669,201.720,65.191
926.236,561.165,199.718,64.548
922.126,562.356,198.990,64.355
918.833,560.564,202.220,65.265
918.786,561.699,200.201,64.984
913.798,561.136,200.227,64.693
907.362,558.195,202.776,65.568
909.714,558.326,204.801,66.361
908.017,559.039,203.747,66.199
904.050,555.804,209.924,67.609
902.469,555.134,212.691,68.346
904.497,556.024,204.738,66.262
907.811,557.005,201.674,65.119
902.592,557.322,201.305,64.409
902.091,554.125,201.343,64.930
899.368,555.035,200.604,64.946
895.092,551.983,201.710,65.063
925.562,553.768,195.538,63.740
961.924,552.302,191.697,62.383
987.083,549.630,189.638,61.479
1012.862,549.770,194.821,63.041
1037.785,548.504,194.490,63.199
1062.158,548.145,196.987,63.628
1071.529,546.015,198.502,64.170
1067.972,544.059,197.939,63.799
1069.971,544.958,195.922,63.601
1069.769,544.987,192.909,62.706
1069.939,545.133,194.189,62.933
1068.384,543.381,194.727,62.937
1065.594,542.841,193.955,62.787
1066.014,538.617,197.225,63.681
1069.897,535.844,197.517,64.101
1066.357,534.133,198.645,64.276
1070.783,533.490,199.340,64.596
1066.370,532.664,199.693,64.474
1064.274,531.203,199.136,64.161
1067.939,529.121,196.630,63.639
1069.491,528.105,195.869,63.536
1071.932,526.419,197.422,63.793
1071.878,523.514,196.065,63.557
1066.109,522.357,202.676,65.201
1070.185,521.260,198.245,64.226
1073.636,521.654,191.085,62.153
1078.105,517.124,194.630,62.959
1075.842,514.675,194.771,62.918
1082.780,511.224,201.536,65.004
1097.161,508.936,201.734,65.494
1102.580,507.517,198.233,64.401
1106.373,504.771,195.855,63.333
1108.518,502.667,195.952,63.317
1114.512,499.938,200.892,64.557
1117.254,495.518,203.347,65.106
1119.701,492.865,206.031,66.226
1127.091,494.060,200.775,64.945
1129.097,491.898,201.616,64.750
1135.477,490.965,199.217,64.586
1140.032,487.877,202.522,65.319
1151.063,485.818,199.461,64.776
1159.116,482.656,198.461,64.308
1184.089,482.442,199.722,64.798
1225.042,477.175,203.480,65.792
1260.971,473.609,207.438,67.033
1282.884,473.680,210.405,68.228
1295.391,470.104,217.015,69.986
1296.918,466.444,219.140,70.789
1311.184,463.932,217.323,70.624
1315.666,462.500,211.383,68.671
1327.646,463.045,202.388,66.035
1327.528,458.964,205.653,66.412
1333.706,457.322,203.682,66.201
1342.379,454.176,200.093,65.060
1349.684,452.799,198.671,64.540
1353.604,449.498,199.294,64.642
1360.855,446.406,197.916,64.199
1363.822,441.972,199.489,64.553
1371.420,441.189,192.735,62.848
1373.776,436.644,197.423,63.735
1380.041,434.645,196.137,63.689
1385.419,433.855,194.263,63.073
1392.534,430.968,190.899,62.076
1396.446,425.750,194.341,62.794
1397.607,424.298,193.432,62.610
1403.474,420.518,194.802,63.067
1404.379,415.845,199.624,64.399
1409.077,412.805,199.493,64.629
1411.841,409.920,200.039,64.814
1420.314,407.392,197.057,64.082
1422.907,403.666,199.378,64.451
1426.329,400.473,201.483,65.179
1430.414,398.309,197.305,64.053
1435.049,395.356,197.873,64.088
1441.693,393.516,198.818,64.370
1442.106,391.401,199.813,64.634
1449.181,390.477,200.167,64.861
1448.246,386.922,205.800,66.478
1454.984,383.906,203.768,66.234
1458.761,380.926,205.967,66.695
1459.732,378.661,208.935,67.628
1468.060,377.886,204.757,66.584
1472.172,375.883,206.454,66.912
1477.998,374.225,201.357,65.562
1478.974,370.621,203.254,65.867
1489.457,371.232,197.169,64.291
1488.348,368.837,202.729,65.471
1494.239,368.666,198.038,64.546
1498.601,366.653,199.995,64.835
1499.844,364.473,200.366,65.107
1507.619,361.831,198.248,64.437
1510.236,357.609,201.546,65.332
1509.830,353.828,206.329,66.796
1518.089,353.995,202.084,66.029
1520.655,352.218,201.885,65.647
1527.714,351.497,199.108,64.799
1528.961,352.700,197.632,64.224
1527.979,350.283,201.409,65.184
1532.949,351.766,200.621,65.234
1538.755,351.053,200.267,65.027
1543.586,351.963,196.782,64.114
1550.699,349.880,193.982,62.993
1552.944,348.865,195.470,63.456
1553.724,348.939,196.970,64.001
1556.091,349.380,196.239,64.067
1556.454,348.532,198.613,64.420
1555.170,349.057,200.494,64.998
1558.957,349.380,198.856,64.552
1561.595,348.378,199.631,64.693
1562.721,348.541,198.303,64.509
1566.828,348.596,196.294,64.008
1573.534,349.018,194.235,63.368
1571.177,348.095,195.102,63.236
1572.869,346.581,193.579,62.889
1573.713,344.619,197.601,63.904
1570.433,344.663,198.505,64.348
1568.350,343.843,199.421,64.782
1564.588,344.903,205.554,66.527
1564.669,343.903,204.153,66.296
1564.559,345.766,202.680,66.133
1566.288,346.075,198.975,64.905
1566.885,342.702,200.639,65.231
1557.021,341.768,215.593,69.260
1543.960,336.006,237.134,75.528
1539.339,333.919,249.655,80.145
1539.300,334.292,251.636,81.754
1548.010,334.478,244.938,80.162
1534.507,330.600,261.163,83.759
1551.301,337.330,253.420,83.010
1541.620,328.329,271.647,87.096
1545.736,329.290,266.377,86.739
1537.708,329.069,267.101,86.645
1533.264,334.907,262.352,85.364
1528.867,336.318,259.021,84.175
1547.165,347.945,237.451,78.555
1547.687,347.148,236.995,76.964
1557.080,350.479,218.288,71.735
1562.862,352.928,206.556,67.747
1564.099,352.866,204.460,66.349
1561.384,351.546,205.753,66.516
1557.849,352.846,204.890,66.493
1555.896,352.068,203.746,66.074
1557.630,352.597,202.014,65.556
1556.546,352.666,198.770,64.597
1555.955,352.556,195.859,63.555
1550.110,350.874,197.776,63.994
1548.033,350.960,200.295,64.719
1544.865,350.175,199.663,64.797
1543.257,349.740,201.692,65.286
1536.276,349.174,205.286,66.237
1534.645,348.557,203.933,66.064
1534.557,347.963,202.536,65.678
1531.217,347.361,201.192,65.423
1529.370,346.332,198.885,64.592
1525.009,344.344,201.230,65.106
1521.283,346.007,197.574,64.364
1519.626,343.771,195.103,63.355
1515.968,341.849,197.443,63.948
1510.020,339.276,201.955,65.201
1506.549,339.144,202.654,65.698
1497.798,336.376,209.346,67.390
1492.996,333.997,208.155,67.462
1497.820,334.861,199.583,65.243
1493.046,331.399,201.898,65.408
1484.735,332.612,201.318,65.365
1476.975,330.069,202.995,65.706
1477.357,329.751,198.684,64.774
1470.260,327.244,202.581,65.377
1463.112,326.150,207.107,66.877
1467.642,326.101,199.460,65.251
1459.220,325.612,198.403,64.342
1451.665,324.303,200.258,64.820
1449.594,325.355,199.424,64.700
1444.016,323.713,198.652,64.267
1442.988,324.594,193.276,62.901
1425.176,321.973,204.108,65.293
1422.593,322.427,197.115,64.215
1418.261,320.032,201.103,64.881
1415.923,320.348,200.502,65.031
1405.579,320.032,201.403,65.229
