1449.000,290.000,70.000,48.000
1415.726,284.862,97.124,70.552
1405.782,267.434,111.349,82.523
1395.815,266.071,114.402,84.821
1361.945,265.358,116.767,86.778
1332.581,262.703,123.316,91.348
1309.399,263.213,125.624,92.571
1284.796,259.471,123.641,91.341
1268.179,258.985,122.882,91.048
1290.826,254.297,124.650,92.328
1316.428,254.997,125.847,93.489
1341.201,252.385,129.408,96.045
1364.430,251.238,129.404,96.011
1391.765,250.660,127.682,94.785
1415.506,251.914,124.031,92.330
1440.636,253.507,123.236,92.349
1456.639,252.089,125.287,93.619
1452.822,255.783,122.933,91.650
1425.914,253.154,121.762,90.803
1397.677,254.897,119.336,89.025
1371.584,254.341,119.304,89.005
1340.139,254.571,122.493,91.171
1322.462,256.950,119.839,89.428
1289.347,253.461,125.707,93.590
1261.928,255.807,125.765,93.640
1240.639,254.346,126.159,93.770
1210.288,252.441,128.159,95.299
1191.304,252.626,125.649,93.647
1169.409,255.019,121.764,90.900
1148.604,253.796,120.312,89.683
1123.892,253.529,118.323,87.793
1089.037,251.003,125.277,92.299
1057.614,249.910,130.296,96.362
1055.609,248.822,134.660,99.525
1086.996,250.554,130.852,97.019
1114.316,251.377,127.670,94.838
1140.060,251.005,128.476,95.306
1154.847,251.645,129.813,96.256
1176.949,250.899,131.774,97.797
1197.760,250.246,134.177,99.376
1225.007,253.747,127.289,94.644
1243.347,252.289,130.435,97.505
1256.870,250.185,134.226,100.283
1256.534,253.648,129.106,96.008
1224.541,254.800,118.920,88.776
1200.415,254.961,116.851,87.198
1171.285,255.620,119.211,88.704
1150.572,255.661,116.037,86.602
1117.966,254.206,117.192,87.187
1088.762,252.960,119.158,88.514
1059.160,252.529,126.259,93.817
1028.891,248.965,131.102,97.189
1002.410,250.396,131.828,97.400
957.935,249.917,139.201,102.486
924.001,256.784,143.675,106.172
920.660,249.813,145.738,107.269
898.373,258.768,170.927,125.716
909.661,260.769,188.338,138.775
878.244,267.575,223.639,164.218
847.737,282.470,260.867,191.810
809.699,293.424,289.313,212.215
665.099,386.598,353.651,258.418
539.762,472.777,413.425,304.292
369.474,598.370,498.445,366.573
164.579,697.873,612.768,449.968
-103.758,790.890,770.997,566.899
-450.191,725.150,959.554,709.700
-532.249,682.039,1064.499,795.922
-578.117,647.407,1156.235,865.185
-714.199,553.195,1428.398,1053.609
-885.571,540.000,1771.141,1080.000
-903.242,540.000,1806.484,1080.000
-902.874,540.000,1805.748,1080.000
-908.224,540.000,1816.449,1080.000
-902.570,540.000,1805.140,1080.000
-904.166,540.000,1808.333,1080.000
-960.000,540.000,1920.000,1080.000
-960.000,540.000,1920.000,1080.000
-954.601,540.000,1909.202,1080.000
-948.155,540.000,1896.309,1080.000
-924.556,540.000,1849.112,1080.000
-928.912,540.000,1857.824,1080.000
-960.000,540.000,1920.000,1080.000
-948.631,540.000,1897.263,1080.000
-930.187,540.000,1860.373,1080.000
-960.000,540.000,1920.000,1080.000
-960.000,540.000,1920.000,1080.000
-960.000,540.000,1920.000,1080.000
-960.000,540.000,1920.000,1080.000
-960.000,540.000,1920.000,1080.000
-960.000,540.000,1920.000,1080.000
-960.000,540.000,1920.000,1080.000
-960.000,540.000,1920.000,1080.000
-960.000,540.000,1920.000,1080.000
-960.000,540.000,1920.000,1080.000
-960.000,540.000,1920.000,1080.000
-960.000,540.000,1920.000,1080.000
-960.000,540.000,1920.000,1080.000
-960.000,540.000,1920.000,1080.000
-960.000,540.000,1920.000,1080.000
-960.000,540.000,1920.000,1080.000
-960.000,540.000,1920.000,1080.000
-960.000,540.000,1920.000,1080.000
-960.000,540.000,1920.000,1080.000
-960.000,540.000,1920.000,1080.000
-960.000,540.000,1920.000,1080.000
-960.000,540.000,1920.000,1080.000
-960.000,540.000,1920.000,1080.000
-960.000,540.000,1920.000,1080.000
-960.000,540.000,1920.000,1080.000
-960.000,540.000,1920.000,1080.000
-960.000,540.000,1920.000,1080.000
-960.000,540.000,1920.000,1080.000
-960.000,540.000,1920.000,1080.000
-960.000,540.000,1920.000,1080.000
-960.000,540.000,1920.000,1080.000
-960.000,540.000,1920.000,1080.000
-960.000,540.000,1920.000,1080.000
-960.000,540.000,1920.000,1080.000
-960.000,540.000,1920.000,1080.000
-945.854,540.000,1891.708,1080.000
-930.178,540.000,1860.356,1080.000
-958.297,540.000,1916.593,1080.000
-960.000,540.000,1920.000,1080.000
-960.000,540.000,1920.000,1080.000
-960.000,540.000,1920.000,1080.000
-960.000,540.000,1920.000,1080.000
-960.000,540.000,1920.000,1080.000
-960.000,540.000,1920.000,1080.000
-960.000,540.000,1920.000,1080.000
-960.000,540.000,1920.000,1080.000
-960.000,540.000,1920.000,1080.000
-949.585,540.000,1899.169,1080.000
-960.000,540.000,1920.000,1080.000
-960.000,540.000,1920.000,1080.000
-960.000,540.000,1920.000,1080.000
-960.000,540.000,1920.000,1080.000
-960.000,540.000,1920.000,1080.000
-960.000,540.000,1920.000,1080.000
-960.000,540.000,1920.000,1080.000
-960.000,540.000,1920.000,1080.000
-960.000,540.000,1920.000,1080.000
-960.000,540.000,1920.000,1080.000
-960.000,540.000,1920.000,1080.000
-960.000,540.000,1920.000,1080.000
-960.000,540.000,1920.000,1080.000
-960.000,540.000,1920.000,1080.000
-960.000,540.000,1920.000,1080.000
-960.000,540.000,1920.000,1080.000
-960.000,540.000,1920.000,1080.000
-960.000,540.000,1920.000,1080.000
-960.000,540.000,1920.000,1080.000
-960.000,540.000,1920.000,1080.000
-960.000,540.000,1920.000,1080.000
-960.000,540.000,1920.000,1080.000
-960.000,540.000,1920.000,1080.000
-960.000,540.000,1920.000,1080.000
-960.000,540.000,1920.000,1080.000
-960.000,540.000,1920.000,1080.000
-960.000,540.000,1920.000,1080.000
-960.000,540.000,1920.000,1080.000
-960.000,540.000,1920.000,1080.000
-959.643,540.000,1919.285,1080.000
-960.000,540.000,1920.000,1080.000
-960.000,540.000,1920.000,1080.000
-960.000,540.000,1920.000,1080.000
-960.000,540.000,1920.000,1080.000
-960.000,540.000,1920.000,1080.000
-960.000,540.000,1920.000,1080.000
-960.000,540.000,1920.000,1080.000
-960.000,540.000,1920.000,1080.000
-960.000,540.000,1920.000,1080.000
-960.000,540.000,1920.000,1080.000
-960.000,540.000,1920.000,1080.000
-960.000,540.000,1920.000,1080.000
-960.000,540.000,1920.000,1080.000
-960.000,540.000,1920.000,1080.000
-960.000,540.000,1920.000,1080.000
-960.000,540.000,1920.000,1080.000
-960.000,540.000,1920.000,1080.000
-960.000,540.000,1920.000,1080.000
-960.000,540.000,1920.000,1080.000
-960.000,540.000,1920.000,1080.000
-960.000,540.000,1920.000,1080.000
-960.000,540.000,1920.000,1080.000
-960.000,540.000,1920.000,1080.000
-960.000,540.000,1920.000,1080.000
-960.000,540.000,1920.000,1080.000
-960.000,540.000,1920.000,1080.000
-960.000,540.000,1920.000,1080.000
-960.000,540.000,1920.000,1080.000
-960.000,540.000,1920.000,1080.000
-960.000,540.000,1920.000,1080.000
-960.000,540.000,1920.000,1080.000
-952.146,540.000,1920.000,1080.000
-960.000,540.000,1920.000,1080.000
-960.000,540.000,1920.000,1080.000
-960.000,540.000,1920.000,1080.000
-960.000,540.000,1920.000,1080.000
-960.000,540.000,1920.000,1080.000
-960.000,540.000,1920.000,1080.000
-960.000,540.000,1920.000,1080.000
-960.000,540.000,1920.000,1080.000
-960.000,540.000,1920.000,1080.000
-960.000,540.000,1920.000,1080.000
-960.000,540.000,1920.000,1080.000
-960.000,540.000,1920.000,1080.000
-960.000,540.000,1920.000,1080.000
-960.000,540.000,1920.000,1080.000
-960.000,540.000,1920.000,1080.000
-960.000,540.000,1920.000,1080.000
-960.000,540.000,1920.000,1080.000
-960.000,540.000,1920.000,1080.000
-960.000,540.000,1920.000,1080.000
-960.000,540.000,1920.000,1080.000
-960.000,540.000,1920.000,1080.000
-960.000,540.000,1920.000,1080.000
-960.000,540.000,1920.000,1080.000
-960.000,540.000,1920.000,1080.000
-960.000,540.000,1920.000,1080.000
-960.000,540.000,1920.000,1080.000
-960.000,540.000,1920.000,1080.000
-960.000,540.000,1920.000,1080.000
-960.000,540.000,1920.000,1080.000
-960.000,540.000,1920.000,1080.000
-960.000,540.000,1920.000,1080.000
-960.000,540.000,1920.000,1080.000
-960.000,540.000,1920.000,1080.000
-960.000,540.000,1920.000,1080.000
-960.000,540.000,1920.000,1080.000
-960.000,540.000,1920.000,1080.000
-960.000,540.000,1920.000,1080.000
-960.000,540.000,1920.000,1080.000
-960.000,540.000,1920.000,1080.000
-960.000,540.000,1920.000,1080.000
-960.000,540.000,1920.000,1080.000
-960.000,540.000,1920.000,1080.000
-960.000,540.000,1920.000,1080.000
-960.000,540.000,1920.000,1080.000
-960.000,540.000,1920.000,1080.000
-960.000,540.000,1920.000,1080.000
-960.000,540.000,1920.000,1080.000
-960.000,540.000,1920.000,1080.000
-893.212,540.000,1920.000,1080.000
-960.000,540.000,1920.000,1080.000
-960.000,540.000,1920.000,1080.000
-960.000,540.000,1920.000,1080.000
-960.000,540.000,1920.000,1080.000
-960.000,540.000,1920.000,1080.000
-960.000,540.000,1920.000,1080.000
-960.000,540.000,1920.000,1080.000
-960.000,540.000,1920.000,1080.000
-960.000,540.000,1920.000,1080.000
-960.000,540.000,1920.000,1080.000
-960.000,540.000,1920.000,1080.000
-960.000,540.000,1920.000,1080.000
-960.000,540.000,1920.000,1080.000
-960.000,540.000,1920.000,1080.000
-960.000,540.000,1920.000,1080.000
-960.000,540.000,1920.000,1080.000
-960.000,540.000,1920.000,1080.000
-960.000,540.000,1920.000,1080.000
-960.000,540.000,1920.000,1080.000
-960.000,540.000,1920.000,1080.000
-960.000,540.000,1920.000,1080.000
-960.000,540.000,1920.000,1080.000
-960.000,540.000,1920.000,1080.000
-960.000,540.000,1920.000,1080.000
-960.000,540.000,1920.000,1080.000
-960.000,540.000,1920.000,1080.000
-960.000,540.000,1920.000,1080.000
-960.000,540.000,1920.000,1080.000
-960.000,540.000,1920.000,1080.000
-960.000,540.000,1920.000,1080.000
-960.000,540.000,1920.000,1080.000
-960.000,540.000,1920.000,1080.000
-960.000,540.000,1920.000,1080.000
-960.000,540.000,1920.000,1080.000
-960.000,540.000,1920.000,1080.000
-960.000,540.000,1920.000,1080.000
-960.000,540.000,1920.000,1080.000
-960.000,540.000,1920.000,1080.000
-960.000,540.000,1920.000,1080.000
-960.000,540.000,1920.000,1080.000
-960.000,540.000,1920.000,1080.000
-960.000,540.000,1920.000,1080.000
-960.000,540.000,1920.000,1080.000
-960.000,540.000,1920.000,1080.000
-960.000,540.000,1920.000,1080.000
-960.000,540.000,1920.000,1080.000
-960.000,540.000,1920.000,1080.000
-960.000,540.000,1920.000,1080.000
-960.000,540.000,1920.000,1080.000
-960.000,540.000,1920.000,1080.000
-960.000,540.000,1920.000,1080.000
-960.000,540.000,1920.000,1080.000
-960.000,540.000,1920.000,1080.000
-960.000,540.000,1920.000,1080.000
-960.000,540.000,1920.000,1080.000
-960.000,540.000,1920.000,1080.000
-960.000,540.000,1920.000,1080.000
-960.000,540.000,1920.000,1080.000
-960.000,540.000,1920.000,1080.000
-960.000,540.000,1920.000,1080.000
-960.000,540.000,1920.000,1080.000
-960.000,540.000,1920.000,1080.000
-960.000,540.000,1920.000,1080.000
-960.000,540.000,1920.000,1080.000
-960.000,540.000,1920.000,1080.000
-960.000,540.000,1920.000,1080.000
-960.000,540.000,1920.000,1080.000
-960.000,540.000,1920.000,1080.000
-960.000,540.000,1920.000,1080.000
-960.000,540.000,1920.000,1080.000
-960.000,540.000,1920.000,1080.000
-960.000,540.000,1920.000,1080.000
-960.000,540.000,1920.000,1080.000
-960.000,540.000,1920.000,1080.000
-960.000,540.000,1920.000,1080.000
-960.000,540.000,1920.000,1080.000
-960.000,540.000,1920.000,1080.000
-960.000,540.000,1920.000,1080.000
-960.000,540.000,1920.000,1080.000
-960.000,540.000,1920.000,1080.000
-960.000,540.000,1920.000,1080.000
-960.000,540.000,1920.000,1080.000
-960.000,540.000,1920.000,1080.000
-960.000,540.000,1920.000,1080.000
-960.000,540.000,1920.000,1080.000
-960.000,540.000,1920.000,1080.000
-960.000,540.000,1920.000,1080.000
-960.000,540.000,1920.000,1080.000
-960.000,540.000,1920.000,1080.000
-960.000,540.000,1920.000,1080.000
-960.000,540.000,1920.000,1080.000
-960.000,540.000,1920.000,1080.000
-960.000,540.000,1920.000,1080.000
-960.000,540.000,1920.000,1080.000
-960.000,540.000,1920.000,1080.000
-960.000,540.000,1920.000,1080.000
-960.000,540.000,1920.000,1080.000
-960.000,540.000,1920.000,1080.000
-960.000,540.000,1920.000,1080.000
-960.000,540.000,1920.000,1080.000
-960.000,540.000,1920.000,1080.000
-960.000,540.000,1920.000,1080.000
-960.000,540.000,1920.000,1080.000
-960.000,540.000,1920.000,1080.000
-960.000,540.000,1920.000,1080.000
-960.000,540.000,1920.000,1080.000
-960.000,540.000,1920.000,1080.000
-960.000,540.000,1920.000,1080.000
-960.000,540.000,1920.000,1080.000
-960.000,540.000,1920.000,1080.000
-960.000,540.000,1920.000,1080.000
-960.000,540.000,1920.000,1080.000
-960.000,540.000,1920.000,1080.000
-960.000,540.000,1920.000,1080.000
-960.000,540.000,1920.000,1080.000
-960.000,540.000,1920.000,1080.000
-960.000,540.000,1920.000,1080.000
-960.000,540.000,1920.000,1080.000
-960.000,540.000,1920.000,1080.000
-960.000,540.000,1920.000,1080.000
-960.000,540.000,1920.000,1080.000
-960.000,540.000,1920.000,1080.000
-960.000,540.000,1920.000,1080.000
-960.000,540.000,1920.000,1080.000
-960.000,540.000,1920.000,1080.000
-960.000,540.000,1920.000,1080.000
-960.000,540.000,1920.000,1080.000
-960.000,540.000,1920.000,1080.000
-960.000,540.000,1920.000,1080.000
-853.434,540.000,1920.000,1080.000
-960.000,540.000,1920.000,1080.000
-960.000,540.000,1920.000,1080.000
-960.000,540.000,1920.000,1080.000
-960.000,540.000,1920.000,1080.000
-960.000,540.000,1920.000,1080.000
-960.000,540.000,1920.000,1080.000
-960.000,540.000,1920.000,1080.000
-960.000,540.000,1920.000,1080.000
-960.000,540.000,1920.000,1080.000
-960.000,540.000,1920.000,1080.000
-960.000,540.000,1920.000,1080.000
-960.000,540.000,1920.000,1080.000
-960.000,540.000,1920.000,1080.000
-960.000,540.000,1920.000,1080.000
-960.000,540.000,1920.000,1080.000
-960.000,540.000,1920.000,1080.000
-960.000,540.000,1920.000,1080.000
-960.000,540.000,1920.000,1080.000
-960.000,540.000,1920.000,1080.000
-960.000,540.000,1920.000,1080.000
-960.000,540.000,1920.000,1080.000
-960.000,540.000,1920.000,1080.000
-960.000,540.000,1920.000,1080.000
-960.000,540.000,1920.000,1080.000
-960.000,540.000,1920.000,1080.000
-960.000,540.000,1920.000,1080.000
-960.000,540.000,1920.000,1080.000
-960.000,540.000,1920.000,1080.000
-960.000,540.000,1920.000,1080.000
-960.000,540.000,1920.000,1080.000
-960.000,540.000,1920.000,1080.000
-960.000,540.000,1920.000,1080.000
-960.000,540.000,1920.000,1080.000
-960.000,540.000,1920.000,1080.000
-960.000,540.000,1920.000,1080.000
-960.000,540.000,1920.000,1080.000
-960.000,540.000,1920.000,1080.000
-960.000,540.000,1920.000,1080.000
-960.000,540.000,1920.000,1080.000
-960.000,540.000,1920.000,1080.000
-960.000,540.000,1920.000,1080.000
-960.000,540.000,1920.000,1080.000
-960.000,540.000,1920.000,1080.000
-960.000,540.000,1920.000,1080.000
-960.000,540.000,1920.000,1080.000
-960.000,540.000,1920.000,1080.000
-960.000,540.000,1920.000,1080.000
-960.000,540.000,1920.000,1080.000
-960.000,540.000,1920.000,1080.000
-960.000,540.000,1920.000,1080.000
-960.000,540.000,1920.000,1080.000
-960.000,540.000,1920.000,1080.000
-960.000,540.000,1920.000,1080.000
-960.000,540.000,1920.000,1080.000
-960.000,540.000,1920.000,1080.000
-960.000,540.000,1920.000,1080.000
-960.000,540.000,1920.000,1080.000
-960.000,540.000,1920.000,1080.000
-960.000,540.000,1920.000,1080.000
-960.000,540.000,1920.000,1080.000
-960.000,540.000,1920.000,1080.000
-960.000,540.000,1920.000,1080.000
-960.000,540.000,1920.000,1080.000
-960.000,540.000,1920.000,1080.000
-960.000,540.000,1920.000,1080.000
-960.000,540.000,1920.000,1080.000
-960.000,540.000,1920.000,1080.000
-960.000,540.000,1920.000,1080.000
-960.000,540.000,1920.000,1080.000
-960.000,540.000,1920.000,1080.000
-960.000,540.000,1920.000,1080.000
-960.000,540.000,1920.000,1080.000
-960.000,540.000,1920.000,1080.000
-960.000,540.000,1920.000,1080.000
-960.000,540.000,1920.000,1080.000
-960.000,540.000,1920.000,1080.000
-960.000,540.000,1920.000,1080.000
-960.000,540.000,1920.000,1080.000
-960.000,540.000,1920.000,1080.000
-960.000,540.000,1920.000,1080.000
-960.000,540.000,1920.000,1080.000
-960.000,540.000,1920.000,1080.000
-960.000,540.000,1920.000,1080.000
-960.000,540.000,1920.000,1080.000
-960.000,540.000,1920.000,1080.000
-960.000,540.000,1920.000,1080.000
-960.000,540.000,1920.000,1080.000
-960.000,540.000,1920.000,1080.000
-887.994,540.000,1920.000,1080.000
-960.000,540.000,1920.000,1080.000
-947.837,540.000,1920.000,1080.000
-960.000,540.000,1920.000,1080.000
-960.000,540.000,1920.000,1080.000
-850.442,540.000,1920.000,1080.000
-960.000,540.000,1920.000,1080.000
-960.000,540.000,1920.000,1080.000
-960.000,540.000,1920.000,1080.000
-828.381,540.000,1920.000,1080.000
-960.000,540.000,1920.000,1080.000
-960.000,540.000,1920.000,1080.000
-838.111,540.000,1920.000,1080.000
-960.000,540.000,1920.000,1080.000
-730.481,540.000,1920.000,1080.000
-960.000,540.000,1920.000,1080.000
-763.417,540.000,1920.000,1080.000
-960.000,540.000,1920.000,1080.000
-562.420,489.356,1920.000,1080.000
-554.050,540.000,1920.000,1080.000
-634.344,540.000,1920.000,1080.000
-679.004,540.000,1920.000,1080.000
-960.000,540.000,1920.000,1080.000
-511.108,517.292,1920.000,1080.000
-602.390,540.000,1920.000,1080.000
-876.270,540.000,1920.000,1080.000
-960.000,540.000,1920.000,1080.000
-618.844,540.000,1920.000,1080.000
-809.848,540.000,1920.000,1080.000
-960.000,540.000,1920.000,1080.000
-462.553,446.530,1920.000,1080.000
-222.102,451.092,1920.000,1080.000
-331.986,540.000,1920.000,1080.000
-771.881,540.000,1920.000,1080.000
-960.000,540.000,1920.000,1080.000
-579.487,462.041,1920.000,1080.000
-583.945,540.000,1920.000,1080.000
-530.815,540.000,1920.000,1080.000
-459.731,540.000,1920.000,1080.000
-453.351,540.000,1920.000,1080.000
-444.761,540.000,1920.000,1080.000
-480.900,540.000,1920.000,1080.000
-675.617,540.000,1920.000,1080.000
-755.592,540.000,1920.000,1080.000
-875.229,540.000,1920.000,1080.000
-960.000,540.000,1920.000,1080.000
-436.307,415.455,1920.000,1080.000
-422.086,540.000,1920.000,1080.000
-895.217,540.000,1920.000,1080.000
-960.000,540.000,1920.000,1080.000
-615.727,487.365,1920.000,1080.000
-552.008,540.000,1920.000,1080.000
-321.330,540.000,1920.000,1080.000
-675.794,540.000,1920.000,1080.000
-679.535,540.000,1920.000,1080.000
-523.566,540.000,1920.000,1080.000
-617.824,540.000,1920.000,1080.000
-681.543,540.000,1920.000,1080.000
-960.000,540.000,1920.000,1080.000
-488.280,402.771,1920.000,1080.000
-549.715,540.000,1920.000,1080.000
-422.384,540.000,1920.000,1080.000
-779.812,540.000,1920.000,1080.000
-824.991,540.000,1920.000,1080.000
-960.000,540.000,1920.000,1080.000
-209.665,273.896,1920.000,1080.000
-484.021,540.000,1920.000,1080.000
-474.224,540.000,1920.000,1080.000
-380.301,475.536,1920.000,1080.000
-812.039,540.000,1920.000,1080.000
-960.000,540.000,1920.000,1080.000
-527.924,510.397,1920.000,1080.000
-359.172,540.000,1920.000,1080.000
-608.832,540.000,1913.746,1080.000
-858.839,540.000,1920.000,1080.000
-960.000,540.000,1920.000,1080.000
-372.046,341.203,1920.000,1080.000
-852.289,540.000,1920.000,1080.000
-960.000,540.000,1920.000,1080.000
-574.364,540.000,1920.000,1080.000
-591.612,540.000,1920.000,1080.000
-662.038,540.000,1920.000,1080.000
-960.000,540.000,1920.000,1080.000
-570.053,520.132,1920.000,1080.000
-673.375,540.000,1920.000,1080.000
-746.410,540.000,1920.000,1080.000
-960.000,540.000,1920.000,1080.000
-584.831,525.353,1920.000,1080.000
-707.327,540.000,1920.000,1080.000
-960.000,540.000,1920.000,1080.000
-524.206,467.821,1920.000,1080.000
-612.759,540.000,1920.000,1080.000
-685.531,540.000,1920.000,1080.000
-960.000,540.000,1920.000,1080.000
-598.107,510.582,1920.000,1080.000
-705.700,540.000,1920.000,1080.000
-838.799,540.000,1920.000,1080.000
-960.000,540.000,1920.000,1080.000
-621.830,540.000,1920.000,1080.000
-877.947,540.000,1920.000,1080.000
-960.000,540.000,1920.000,1080.000
-530.401,514.383,1920.000,1080.000
-835.671,540.000,1920.000,1080.000
-960.000,540.000,1920.000,1080.000
-187.782,241.359,1920.000,1080.000
-600.282,540.000,1920.000,1080.000
-391.216,540.000,1920.000,1080.000
-812.297,540.000,1898.778,1080.000
-960.000,540.000,1920.000,1080.000
-495.647,528.766,1920.000,1080.000
-435.356,540.000,1920.000,1080.000
-693.205,540.000,1920.000,1080.000
-960.000,540.000,1920.000,1080.000
-687.039,540.000,1920.000,1080.000
-680.387,540.000,1920.000,1080.000
-712.307,540.000,1920.000,1080.000
-960.000,540.000,1920.000,1080.000
-507.554,525.924,1920.000,1080.000
-487.992,540.000,1920.000,1080.000
-630.152,540.000,1920.000,1080.000
-960.000,540.000,1920.000,1080.000
-601.110,540.000,1920.000,1080.000
-850.730,540.000,1920.000,1080.000
-960.000,540.000,1920.000,1080.000
-464.517,482.004,1920.000,1080.000
-521.943,540.000,1920.000,1080.000
-490.942,540.000,1920.000,1080.000
-540.549,540.000,1920.000,1080.000
-517.509,540.000,1920.000,1080.000
-563.792,540.000,1920.000,1080.000
-911.917,540.000,1920.000,1080.000
-960.000,540.000,1920.000,1080.000
-775.892,540.000,1920.000,1080.000
-933.548,540.000,1920.000,1080.000
-392.650,355.452,1920.000,1080.000
-826.942,540.000,1920.000,1080.000
-532.606,540.000,1920.000,1080.000
-593.042,540.000,1920.000,1080.000
-358.803,540.000,1920.000,1080.000
-660.447,540.000,1920.000,1080.000
-558.374,540.000,1920.000,1080.000
-537.425,540.000,1920.000,1080.000
-895.545,540.000,1920.000,1080.000
-935.740,540.000,1920.000,1080.000
-493.113,455.743,1920.000,1080.000
-457.240,476.681,1920.000,1080.000
-365.648,445.963,1920.000,1080.000
-620.019,540.000,1920.000,1080.000
-367.029,507.899,1920.000,1080.000
-410.696,540.000,1920.000,1080.000
-400.210,534.114,1920.000,1080.000
-720.351,540.000,1920.000,1080.000
-504.313,540.000,1920.000,1080.000
-375.175,540.000,1920.000,1080.000
-467.213,540.000,1920.000,1080.000
-496.314,540.000,1920.000,1080.000
-391.723,540.000,1920.000,1080.000
-817.632,540.000,1920.000,1080.000
-870.372,540.000,1920.000,1080.000
-752.016,540.000,1920.000,1080.000
-597.269,540.000,1920.000,1080.000
-897.417,540.000,1920.000,1080.000
-960.000,540.000,1920.000,1080.000
-771.514,540.000,1920.000,1080.000
-559.505,540.000,1920.000,1080.000
-333.469,540.000,1920.000,1080.000
-526.373,540.000,1920.000,1080.000
-689.317,540.000,1920.000,1080.000
-666.528,540.000,1920.000,1080.000
-591.349,540.000,1920.000,1080.000
-774.273,540.000,1920.000,1080.000
-672.845,540.000,1920.000,1080.000
-542.449,540.000,1920.000,1080.000
-537.851,540.000,1920.000,1080.000
-767.424,540.000,1920.000,1080.000
-780.840,540.000,1920.000,1080.000
-960.000,540.000,1920.000,1080.000
-798.048,540.000,1920.000,1080.000
-909.677,540.000,1920.000,1080.000
-653.663,540.000,1920.000,1080.000
-960.000,540.000,1920.000,1080.000
-834.553,540.000,1920.000,1080.000
-583.001,540.000,1920.000,1080.000
-584.396,540.000,1920.000,1080.000
-727.227,540.000,1920.000,1080.000
-558.220,540.000,1920.000,1080.000
-451.328,540.000,1920.000,1080.000
-547.825,540.000,1920.000,1080.000
-465.708,540.000,1920.000,1080.000
-356.699,442.324,1920.000,1080.000
-927.543,540.000,1920.000,1080.000
-745.937,540.000,1920.000,1080.000
-734.638,540.000,1920.000,1080.000
-842.525,540.000,1920.000,1080.000
-960.000,540.000,1920.000,1080.000
-775.935,540.000,1920.000,1080.000
-752.668,540.000,1920.000,1080.000
-874.551,540.000,1920.000,1080.000
-792.020,540.000,1920.000,1080.000
-667.407,540.000,1920.000,1080.000
-750.210,540.000,1920.000,1080.000
-671.926,540.000,1920.000,1080.000
-657.930,540.000,1920.000,1080.000
-960.000,540.000,1920.000,1080.000
-868.116,540.000,1920.000,1080.000
-960.000,540.000,1920.000,1080.000
-707.336,540.000,1920.000,1080.000
-776.340,540.000,1920.000,1080.000
-960.000,540.000,1920.000,1080.000
-960.000,540.000,1920.000,1080.000
-960.000,540.000,1920.000,1080.000
-869.619,540.000,1920.000,1080.000
-960.000,540.000,1920.000,1080.000
-960.000,540.000,1920.000,1080.000
-960.000,540.000,1920.000,1080.000
-960.000,540.000,1920.000,1080.000
-960.000,540.000,1920.000,1080.000
-960.000,540.000,1920.000,1080.000
-960.000,540.000,1920.000,1080.000
-960.000,540.000,1920.000,1080.000
-960.000,540.000,1920.000,1080.000
-960.000,540.000,1920.000,1080.000
-960.000,540.000,1920.000,1080.000
-960.000,540.000,1920.000,1080.000
-960.000,540.000,1920.000,1080.000
-958.149,540.000,1920.000,1080.000
-960.000,540.000,1920.000,1080.000
-960.000,540.000,1920.000,1080.000
-960.000,540.000,1920.000,1080.000
-960.000,540.000,1920.000,1080.000
-960.000,540.000,1920.000,1080.000
-945.813,540.000,1920.000,1080.000
-960.000,540.000,1920.000,1080.000
-960.000,540.000,1920.000,1080.000
-960.000,540.000,1920.000,1080.000
-960.000,540.000,1920.000,1080.000
-960.000,540.000,1920.000,1080.000
-960.000,540.000,1920.000,1080.000
-960.000,540.000,1920.000,1080.000
-960.000,540.000,1920.000,1080.000
-960.000,540.000,1920.000,1080.000
-960.000,540.000,1920.000,1080.000
-960.000,540.000,1920.000,1080.000
-960.000,540.000,1920.000,1080.000
-960.000,540.000,1920.000,1080.000
-960.000,540.000,1920.000,1080.000
-960.000,540.000,1920.000,1080.000
-960.000,540.000,1920.000,1080.000
-960.000,540.000,1920.000,1080.000
-960.000,540.000,1920.000,1080.000
-960.000,540.000,1920.000,1080.000
-960.000,540.000,1920.000,1080.000
-960.000,540.000,1920.000,1080.000
-960.000,540.000,1920.000,1080.000
-960.000,540.000,1920.000,1080.000
-960.000,540.000,1920.000,1080.000
-960.000,540.000,1920.000,1080.000
-960.000,540.000,1920.000,1080.000
-960.000,540.000,1920.000,1080.000
-960.000,540.000,1920.000,1080.000
-960.000,540.000,1920.000,1080.000
-960.000,540.000,1920.000,1080.000
-960.000,540.000,1920.000,1080.000
-960.000,540.000,1920.000,1080.000
-960.000,540.000,1920.000,1080.000
-960.000,540.000,1920.000,1080.000
-960.000,540.000,1920.000,1080.000
-960.000,540.000,1920.000,1080.000
-960.000,540.000,1920.000,1080.000
-960.000,540.000,1920.000,1080.000
-960.000,540.000,1920.000,1080.000
-960.000,540.000,1920.000,1080.000
-960.000,540.000,1920.000,1080.000
-960.000,540.000,1920.000,1080.000
-960.000,540.000,1920.000,1080.000
-960.000,540.000,1920.000,1080.000
-960.000,540.000,1920.000,1080.000
-960.000,540.000,1920.000,1080.000
-960.000,540.000,1920.000,1080.000
-960.000,540.000,1920.000,1080.000
-960.000,540.000,1920.000,1080.000
-960.000,540.000,1920.000,1080.000
-960.000,540.000,1920.000,1080.000
-960.000,540.000,1920.000,1080.000
-960.000,540.000,1920.000,1080.000
-960.000,540.000,1920.000,1080.000
-960.000,540.000,1920.000,1080.000
-960.000,540.000,1920.000,1080.000
-960.000,540.000,1920.000,1080.000
-960.000,540.000,1920.000,1080.000
-960.000,540.000,1920.000,1080.000
-960.000,540.000,1920.000,1080.000
-960.000,540.000,1920.000,1080.000
-960.000,540.000,1920.000,1080.000
-960.000,540.000,1920.000,1080.000
-960.000,540.000,1920.000,1080.000
-960.000,540.000,1920.000,1080.000
-960.000,540.000,1920.000,1080.000
-960.000,540.000,1920.000,1080.000
-960.000,540.000,1920.000,1080.000
-960.000,540.000,1920.000,1080.000
-960.000,540.000,1920.000,1080.000
-960.000,540.000,1920.000,1080.000
-960.000,540.000,1920.000,1080.000
-960.000,540.000,1920.000,1080.000
-960.000,540.000,1920.000,1080.000
-960.000,540.000,1920.000,1080.000
-960.000,540.000,1920.000,1080.000
-894.155,540.000,1920.000,1080.000
-960.000,540.000,1920.000,1080.000
-773.916,540.000,1920.000,1080.000
-960.000,540.000,1920.000,1080.000
-678.969,540.000,1920.000,1080.000
-826.114,540.000,1920.000,1080.000
-871.062,540.000,1920.000,1080.000
-960.000,540.000,1920.000,1080.000
-880.186,540.000,1920.000,1080.000
-960.000,540.000,1920.000,1080.000
-618.237,540.000,1920.000,1080.000
-592.024,540.000,1920.000,1080.000
-824.602,540.000,1920.000,1080.000
-960.000,540.000,1920.000,1080.000
-797.074,540.000,1920.000,1080.000
-787.089,540.000,1920.000,1080.000
-823.094,540.000,1920.000,1080.000
-809.398,540.000,1920.000,1080.000
-785.347,540.000,1920.000,1080.000
-960.000,540.000,1920.000,1080.000
-663.215,513.885,1920.000,1080.000
-960.000,540.000,1920.000,1080.000
-811.988,540.000,1920.000,1080.000
-938.708,540.000,1920.000,1080.000
-960.000,540.000,1920.000,1080.000
-858.985,540.000,1920.000,1080.000
-960.000,540.000,1920.000,1080.000
-960.000,540.000,1920.000,1080.000
-960.000,540.000,1920.000,1080.000
-871.059,540.000,1920.000,1080.000
-960.000,540.000,1920.000,1080.000
-960.000,540.000,1920.000,1080.000
-960.000,540.000,1920.000,1080.000
-960.000,540.000,1920.000,1080.000
-960.000,540.000,1920.000,1080.000
-842.516,540.000,1920.000,1080.000
-960.000,540.000,1920.000,1080.000
-924.508,540.000,1920.000,1080.000
-960.000,540.000,1920.000,1080.000
-960.000,540.000,1920.000,1080.000
-960.000,540.000,1920.000,1080.000
-960.000,540.000,1920.000,1080.000
-960.000,540.000,1920.000,1080.000
-960.000,540.000,1920.000,1080.000
-951.858,540.000,1920.000,1080.000
-960.000,540.000,1920.000,1080.000
-960.000,540.000,1920.000,1080.000
-960.000,540.000,1920.000,1080.000
-960.000,540.000,1920.000,1080.000
-960.000,540.000,1920.000,1080.000
-960.000,540.000,1920.000,1080.000
-945.562,540.000,1891.125,1080.000
-907.545,540.000,1815.089,1080.000
-882.022,540.000,1764.043,1080.000
-889.885,540.000,1779.770,1080.000
-855.049,540.000,1710.098,1080.000
-842.470,540.000,1684.941,1080.000
-821.767,540.000,1643.535,1080.000
-863.248,540.000,1726.496,1080.000
-848.583,540.000,1697.165,1080.000
-823.660,540.000,1647.319,1080.000
-901.795,540.000,1803.589,1080.000
-900.602,540.000,1801.203,1080.000
-920.919,540.000,1841.838,1080.000
-922.413,540.000,1844.827,1080.000
-875.289,540.000,1750.579,1080.000
-911.942,540.000,1823.883,1080.000
-906.307,540.000,1812.614,1080.000
-895.437,540.000,1790.875,1080.000
-918.617,540.000,1837.233,1080.000
-924.338,540.000,1848.676,1080.000
-875.349,540.000,1750.698,1080.000
-899.693,540.000,1799.386,1080.000
-917.813,540.000,1835.625,1080.000
-916.988,540.000,1833.975,1080.000
-875.287,540.000,1750.574,1080.000
-931.815,540.000,1863.629,1080.000
-888.921,540.000,1777.842,1080.000
-868.104,540.000,1736.209,1080.000
-936.576,540.000,1873.151,1080.000
-895.190,540.000,1790.380,1080.000
-910.478,540.000,1820.956,1080.000
-865.282,540.000,1730.564,1080.000
-949.494,540.000,1898.989,1080.000
-885.304,540.000,1770.608,1080.000
-857.841,540.000,1715.683,1080.000
-845.714,540.000,1691.429,1080.000
-835.591,540.000,1671.182,1080.000
-822.524,540.000,1645.048,1080.000
-815.305,540.000,1630.610,1080.000
-839.317,540.000,1678.634,1080.000
-812.984,540.000,1625.969,1080.000
-846.343,540.000,1692.686,1080.000
-838.258,540.000,1676.517,1080.000
-812.235,540.000,1624.470,1080.000
-834.963,540.000,1669.927,1080.000
-814.273,540.000,1628.547,1080.000
-801.867,540.000,1603.734,1080.000
-860.574,540.000,1721.149,1080.000
-846.752,540.000,1693.505,1080.000
-830.478,540.000,1660.955,1080.000
-803.503,540.000,1607.007,1080.000
-832.868,540.000,1665.735,1080.000
-826.220,540.000,1652.441,1080.000
-808.434,540.000,1616.867,1080.000
-864.532,540.000,1729.064,1080.000
-931.877,540.000,1863.755,1080.000
-960.000,540.000,1920.000,1080.000
-960.000,540.000,1920.000,1080.000
-947.228,540.000,1894.457,1080.000
-882.826,540.000,1765.652,1080.000
-855.149,540.000,1710.298,1080.000
-830.654,540.000,1661.307,1080.000
-816.998,540.000,1633.997,1080.000
-861.891,540.000,1723.782,1080.000
-920.777,540.000,1841.553,1080.000
-960.000,540.000,1920.000,1080.000
-960.000,540.000,1920.000,1080.000
-942.902,540.000,1885.804,1080.000
-960.000,540.000,1920.000,1080.000
-942.910,540.000,1885.819,1080.000
-893.981,540.000,1787.962,1080.000
-945.158,540.000,1890.315,1080.000
-928.156,540.000,1856.312,1080.000
-882.596,540.000,1765.192,1080.000
-853.161,540.000,1706.321,1080.000
-824.234,540.000,1648.468,1080.000
-847.997,540.000,1695.995,1080.000
-815.892,540.000,1631.785,1080.000
-888.587,540.000,1777.173,1080.000
-854.958,540.000,1709.916,1080.000
-835.789,540.000,1671.577,1080.000
-820.313,540.000,1640.626,1080.000
-808.790,540.000,1617.580,1080.000
-869.697,540.000,1739.394,1080.000
-851.187,540.000,1702.373,1080.000
-827.404,540.000,1654.807,1080.000
-801.279,540.000,1602.558,1080.000
-842.468,540.000,1684.936,1080.000
-821.989,540.000,1643.979,1080.000
-872.572,540.000,1745.144,1080.000
-847.488,540.000,1694.976,1080.000
-826.178,540.000,1652.356,1080.000
-819.168,540.000,1638.336,1080.000
-866.298,540.000,1732.596,1080.000
-960.000,540.000,1920.000,1080.000
-947.630,540.000,1895.260,1080.000
-914.975,540.000,1829.950,1080.000
-935.544,540.000,1871.089,1080.000
-919.119,540.000,1838.237,1080.000
-910.360,540.000,1820.720,1080.000
-887.942,540.000,1775.884,1080.000
-872.882,540.000,1745.763,1080.000
-862.316,540.000,1724.632,1080.000
-863.299,540.000,1726.598,1080.000
-875.290,540.000,1750.580,1080.000
-898.295,540.000,1796.589,1080.000
-960.000,540.000,1920.000,1080.000
-907.318,540.000,1814.637,1080.000
-858.728,540.000,1717.456,1080.000
-833.326,540.000,1666.651,1080.000
-811.651,540.000,1623.303,1080.000
-807.424,540.000,1614.848,1080.000
-867.606,540.000,1735.212,1080.000
-951.654,540.000,1903.308,1080.000
-880.953,540.000,1761.906,1080.000
-856.505,540.000,1713.011,1080.000
-834.100,540.000,1668.201,1080.000
-822.946,540.000,1645.891,1080.000
-827.738,540.000,1655.477,1080.000
-805.119,540.000,1610.237,1080.000
-845.333,540.000,1690.667,1080.000
-832.358,540.000,1664.717,1080.000
-837.852,540.000,1675.704,1080.000
-814.323,540.000,1628.645,1080.000
-875.991,540.000,1751.981,1080.000
-919.182,540.000,1838.364,1080.000
-960.000,540.000,1920.000,1080.000
-960.000,540.000,1920.000,1080.000
-960.000,540.000,1920.000,1080.000
-960.000,540.000,1920.000,1080.000
-960.000,540.000,1920.000,1080.000
-960.000,540.000,1920.000,1080.000
-960.000,540.000,1920.000,1080.000
-943.496,540.000,1886.992,1080.000
-923.257,540.000,1846.514,1080.000
-896.545,540.000,1793.090,1080.000
-941.939,540.000,1883.877,1080.000
-922.354,540.000,1844.708,1080.000
-960.000,540.000,1920.000,1080.000
-960.000,540.000,1920.000,1080.000
-960.000,540.000,1920.000,1080.000
-960.000,540.000,1920.000,1080.000
-960.000,540.000,1920.000,1080.000
-960.000,540.000,1920.000,1080.000
-960.000,540.000,1920.000,1080.000
-951.782,540.000,1903.564,1080.000
-896.544,540.000,1793.088,1080.000
-856.912,540.000,1713.825,1080.000
-829.873,540.000,1659.745,1080.000
-790.346,540.000,1580.691,1080.000
-848.797,540.000,1697.594,1080.000
-818.071,540.000,1636.142,1080.000
-851.951,540.000,1703.902,1080.000
-836.299,540.000,1672.599,1080.000
-824.865,540.000,1649.729,1080.000
-896.027,540.000,1792.055,1080.000
-935.476,540.000,1870.952,1080.000
-898.831,540.000,1797.662,1080.000
-867.678,540.000,1735.356,1080.000
-922.328,540.000,1844.657,1080.000
-939.597,540.000,1879.194,1080.000
-890.662,540.000,1781.324,1080.000
-847.443,540.000,1694.885,1080.000
-823.569,540.000,1647.138,1080.000
-808.169,540.000,1616.337,1080.000
-864.359,540.000,1728.718,1080.000
-931.471,540.000,1862.941,1080.000
-907.619,540.000,1815.239,1080.000
-865.746,540.000,1731.491,1080.000
-932.796,540.000,1865.593,1080.000
-866.435,540.000,1732.870,1080.000
-934.543,540.000,1869.086,1080.000
-923.135,540.000,1846.270,1080.000
-944.720,540.000,1889.439,1080.000
-878.015,540.000,1756.029,1080.000
-858.815,540.000,1717.630,1080.000
-838.243,540.000,1676.485,1080.000
-852.933,540.000,1705.867,1080.000
-839.803,540.000,1679.607,1080.000
