0.09368777
0.09415460
0.10977745
0.09414625
0.09410882
0.11542010
0.09415054
0.09426403
0.09408331
0.09433913
0.07852006
0.09410048
0.07851911
0.10977769
0.09413290
0.10989714
0.09415174
0.08313012
0.09415603
0.09419942
0.09432530
0.23530221
0.09421277
0.10026383
0.09422255
0.09417939
0.17266679
0.09425116
0.09414959
0.09414434
0.09423637
0.09414887
0.09415841
0.10983181
0.09415030
0.10371971
0.09412837
0.09410048
0.09416032
0.17267179
0.23534107
0.17287159
0.15675783
0.17267179
0.15670085
0.16367793
0.15705538
0.18831801
0.17292309
0.17276812
0.17272186
0.15660930
0.16366768
0.18836236
0.15711164
0.09416008
0.09424257
0.09415627
0.12552428
0.09420776
0.09632874
0.12541533
0.09428549
0.10981178
0.07852006
0.09419823
0.11031270
0.09414911
0.09415984
0.09408784
0.09428263
0.07853222
0.09414506
0.09421396
0.09420395
0.07847786
0.09429169
0.10977268
0.08764982
0.09675860
0.09415174
0.10977936
0.09414458
0.09418774
0.09415150
0.09415293
0.09414887
0.08963847
0.07812405
0.10014462
0.09415841
0.09725332
0.09414506
0.09369874
0.09410334
0.09410405
0.09426451
0.09408903
0.09416056
0.09416056
0.09415793
0.09415841
0.07812786
0.09826255
0.09414983
0.07907724
0.10978556
0.09416008
0.09415960
0.10978055
0.09370089
0.10977459
0.07853794
0.10978079
0.07818055
0.09374571
0.09416127
0.09576774
0.09414864
0.10989618
0.09435511
0.09415197
0.09422040
0.10977197
0.07812595
0.09128380
0.09434414
0.09415221
0.07857966
0.09423399
0.09415793
0.07847047
0.09415889
0.09415984
0.09420109
0.07854462
0.09414458
0.09414792
0.07852840
0.09415364
0.12128544
0.09534526
0.09415126
0.09415603
0.07858706
0.09427643
0.10935903
0.09421229
0.09416294
0.07873654
0.10977769
0.07812667
0.10014820
0.09531212
0.09415126
0.09415460
0.09413576
0.09415722
0.09414577
0.09415436
0.09415150
0.15708518
0.09410810
0.09415174
0.09415579
0.07859707
0.09415269
0.07870388
0.09416056
0.09425783
0.07795978
0.10976171
0.07853413
0.09422493
0.08526587
0.09931755
0.09421802
0.09424424
0.09421659
0.09415889
0.09413433
0.09409356
0.09417152
0.10977054
0.07853222
0.10991573
0.07812810
0.09926510
0.15681338
0.10977721
0.11793327
0.09407759
0.17284489
0.15664840
0.09422040
0.07859063
0.08525252
0.09926701
0.09415221
0.09421134
0.09415388
0.09415412
0.09415412
0.09432268
0.17226458
0.09415007
0.09417939
0.09415340
0.09419990
0.17262697
0.07852459
0.09415412
0.07878995
0.09410548
0.09415412
0.07853389
0.09423900
0.09415364
0.07860208
0.10977864
0.07813120
0.08764362
0.09626675
0.09421182
0.09428072
0.07847047
0.09433365
0.09418297
0.12546635
0.09415889
0.09114146
0.09421802
0.15659738
0.17292166
0.09414792
0.11343694
0.09421396
0.07800794
0.09414268
0.09421134
0.07845378
0.09430289
0.09428883
0.07865381
0.09425998
0.09431982
0.09415388
0.07852674
0.12538505
0.09364271
0.09414887
0.09415555
0.09409833
0.09415698
0.07872224
0.09410381
0.07862473
0.09408927
0.09423351
0.09415436
0.09416604
0.10977793
0.10966086
0.07857871
0.09423614
0.09421468
0.09425163
0.09415364
0.10976481
0.09419608
0.07847905
0.09419513
0.09414697
0.09415865
0.07812667
0.08868527
0.09575820
0.09427238
0.09408665
0.09420061
0.09416389
0.09426975
0.07865787
0.09422827
0.09409690
0.09424353
0.09368801
0.07872605
0.08169484
0.16964936
0.09415030
0.08913875
0.07812905
0.10916471
0.10982060
0.10971475
0.07853436
0.09363079
0.09415483
0.09414721
0.09414816
0.09415579
0.07920027
0.08871555
0.07812214
0.09226751
0.09415054
0.09782243
0.09416127
0.09414244
0.10975885
0.09414697
0.09419823
0.10995865
0.07852960
0.09414363
0.08313632
0.10019755
0.09420991
0.09414101
0.07857490
0.10975528
0.10976338
0.09410691
0.09420490
0.07853317
0.10990381
0.09416485
0.09419966
0.11001015
0.10971332
0.09407830
0.10976386
0.10013580
0.09415603
0.09414554
0.09415317
0.10926604
0.07857633
0.09415197
0.07851720
0.12533879
0.09375191
0.08970428
0.09537840
0.09420967
0.09424376
0.09419680
0.09428215
0.09374070
0.10977745
0.09415627
0.09414124
0.07817006
0.09926558
0.09422040
0.09413886
0.07850599
0.09428453
0.09413671
0.10977197
0.09422350
0.09421372
0.10975480
0.09118700
0.09433770
0.09427834
0.09422135
0.10977602
0.09426069
0.10978127
0.08003116
0.08624792
0.09825444
0.09414625
0.09413600
0.07860184
0.09410620
0.09412885
0.07848120
0.09364772
0.09416151
0.09433699
0.15708852
0.09412670
0.09422708
0.09419799
0.07855248
0.09433484
0.09426451
0.07853127
0.09431624
0.10931945
0.09420395
0.09412789
0.10976100
0.10977674
0.09415579
0.10982561
0.09213901
0.09415841
0.08274150
0.12540913
0.09411001
0.09415555
0.09413505
0.09419870
0.09440207
0.09369254
0.07853055
0.09427357
0.10014963
0.09415722
0.09427834
0.09409332
0.09407711
0.07851481
0.09427333
0.09421349
0.09415269
0.07880330
0.09414959
0.09420896
0.07851839
0.09414840
0.09431887
0.09413791
0.09526348
0.09414721
0.07852840
0.09414506
0.09415460
0.09373450
0.07847929
0.09415770
0.09415627
0.07859135
0.09414744
0.09413767
0.09415698
0.09420896
0.07866454
0.09415984
0.08963585
0.07812428
0.10019851
0.09420538
0.10982513
0.09413767
0.07852912
0.09415126
0.09427500
0.10996699
0.10990906
0.10987568
0.09416056
0.09370351
0.10977578
0.09413958
0.09414434
0.07875562
0.09420824
0.09416819
0.09415770
0.09415770
0.10265994
0.09416676
0.10990596
0.09422207
0.09408402
0.09413934
0.09415007
0.09425831
0.07853675
0.09415627
0.09421110
0.09213543
0.10217047
0.09432173
0.12556243
0.09413314
0.09422517
0.10989976
0.08713317
0.09426999
0.09418249
0.10983443
0.09411359
0.09414411
0.10977268
0.10014129
0.09370327
0.09417105
0.07857966
0.10988021
0.09422469
0.07848358
0.09415555
0.09419918
0.09438944
0.09420276
0.09413242
0.09067082
0.09372234
0.10026860
0.09422469
0.08113194
0.09415746
0.09421253
0.14101624
0.07852936
0.09414101
0.08613157
0.10985708
0.07853889
0.10978031
0.09414911
0.09415436
0.07857919
0.09419823
0.07853007
0.09415913
0.09413695
0.09413958
0.09434962
0.09415722
0.09062052
0.10021448
0.09408855
0.07851195
0.09414744
0.10973573
0.07858658
0.12538195
0.09413910
0.10976458
0.07812667
0.09826279
0.09427023
0.09408069
0.09412193
0.09414744
0.09418011
0.09414864
0.09362245
0.09414649
0.07851171
0.09422398
0.09427047
0.07852340
0.09415722
0.09419942
0.09219551
0.07812381
0.09826660
0.09414697
0.09412980
0.07851791
0.09433556
0.07852077
0.09415436
0.10993123
0.10978580
0.07858038
0.11772490
0.09415030
0.09412527
0.07850647
0.09413862
0.09415627
0.10989332
0.10979891
0.09438300
0.07859015
0.09435058
0.09415340
0.07700634
0.10273314
0.09413147
0.07851648
0.09373975
0.09415650
0.09420753
0.07853365
0.09415674
0.09433270
0.07853293
0.09415126
0.09431791
0.09413195
0.09414101
0.10982490
0.08427072
0.09373546
0.09415746
0.09414554
0.09409928
0.07852364
0.09419680
0.09414506
0.10975957
0.07851529
0.10977221
0.07854056
0.08418989
0.10014558
0.10978723
0.09428453
0.09415436
0.09418917
0.09410024
0.10977340
0.07851958
0.08613205
0.10978031
0.09417248
0.07858372
0.09421873
0.09427285
0.07853317
0.09415269
0.09414482
0.10975862
0.07812381
0.10021162
0.10979319
0.09421444
0.09418178
0.10971880
0.09415627
0.07848549
0.10978413
0.09416056
0.07812095
0.10022211
0.09676123
0.09413958
0.09423900
0.09412885
0.09423137
0.09420991
0.09426594
0.09415102
0.09414530
0.09413338
0.07852840
0.09415746
0.10978150
0.10976243
0.07812476
0.09925795
0.09434080
0.10972261
0.09421563
0.09408021
0.09413838
0.09415698
0.09433436
0.11027670
0.09420347
0.09414911
0.07860184
0.09429646
0.09420562
0.10976577
0.09413457
0.09414887
0.08964491
0.09475899
0.08513594
0.09432483
0.08121634
0.09421515
0.12543225
0.09415507
0.09415174
0.09413433
0.10016489
0.09776449
0.09414577
0.09408522
0.07851148
0.09415793
0.09424520
0.09420109
0.07858157
0.10975862
0.09413528
0.07852173
0.09415030
0.09415984
0.10015488
0.09435725
0.09414887
0.09415293
0.09414124
0.09415650
0.09406424
0.09413886
0.09428382
0.09422708
0.10971022
0.09422183
0.09013510
0.07812476
0.10989070
0.07847261
0.10989022
0.09413195
0.09416842
0.10977244
0.07853556
0.09413981
0.09414482
0.09825563
0.08863759
0.09476376
0.10994434
0.10977387
0.09413338
0.07851791
0.10925746
0.08764172
0.09676552
0.09415293
0.10978317
0.07848001
0.10977769
0.10975718
0.09414220
0.09826279
0.09415889
0.07912946
0.09414554
0.09409618
0.09417200
0.09410095
0.09364414
0.09427214
0.07853222
0.09413743
0.09415483
0.10989022
0.11018753
0.08012938
0.17238474
0.15665984
0.17268944
0.17272973
0.17277455
0.09360242
0.07851267
0.09410000
0.15663719
0.17239356
0.17298365
0.18828559
0.15726495
0.15727544
0.17236447
0.15665030
0.17268705
0.17267084
0.15702105
0.18834782
0.15665102
0.15671277
0.17269135
0.18836308
0.15705156
0.17224026
0.17528653
0.17233825
0.15665436
0.17278624
0.17273831
0.15704751
0.15670419
0.16616678
0.15710282
0.15705442
0.17428064
0.17228699
0.15872192
0.17285895
0.15702081
0.16565275
0.17233658
0.16727042
0.17267227
0.15723372
0.17264986
0.18487096
0.17228365
0.15665936
0.18825531
0.17270660
0.15712953
0.17263150
0.16965199
0.17228007
0.17215276
0.15715861
0.17263007
0.17263055
0.15669632
0.15560269
0.17269850
0.15702868
0.17268014
0.15679049
0.15712810
0.17274618
0.15707493
0.17576575
0.15665388
0.15661049
0.17268610
0.15705085
0.17226648
0.15664625
0.17272019
0.15706420
0.18846154
0.16009331
0.15677071
0.17222667
0.17265368
0.15703964
0.17272186
0.15670991
0.17268538
0.15705729
0.09410167
0.09414124
0.10976291
0.10015535
0.10938835
0.09430289
0.09410810
0.07851553
0.09414601
0.09430170
0.09419489
0.09408355
0.10977149
0.09421206
0.08213949
0.12541723
0.09415579
0.09433079
0.07847095
0.09415317
0.09420991
0.10978293
0.09416056
0.09425807
0.09416032
0.09419966
0.09420252
0.09415412
0.09415603
0.10996175
0.07812881
0.10015512
0.10979247
0.09420562
0.09424901
0.10995626
0.09420967
0.09420514
0.07858491
0.08464599
0.09374499
0.10978651
0.09410572
0.09415603
0.07867098
0.10978246
0.09415746
0.07865596
0.09414268
0.09415555
0.09014559
0.07818222
0.09380412
0.10367322
0.09431219
0.09419966
0.07853150
0.09409928
0.09416032
0.09420180
0.09426641
0.10982037
0.07853651
0.10976934
0.09363723
0.09064412
0.10987020
0.09411073
0.09431195
0.10971856
0.07852936
0.09408355
0.09414983
0.11328888
0.09415364
0.09370947
0.09409046
0.09421754
0.09416103
0.07853484
0.09455562
0.09420991
0.09423161
0.07878304
0.09414029
0.10976315
0.09064484
0.10033774
0.10972238
0.07853127
0.09422302
0.09410906
0.09414148
0.10978198
0.09415627
0.07852435
0.09420919
0.09421325
0.09014416
0.09382176
0.09417844
0.09410143
0.09414506
0.09419560
0.07854104
0.09414268
0.09415889
0.12539339
0.09218717
0.09776735
0.09414601
0.09373522
0.09411120
0.09415650
0.09415841
0.09415293
0.09442234
0.07853413
0.09411597
0.09429932
0.07852960
0.07812715
0.10022140
0.09364080
0.09417224
0.09414577
0.09416199
0.09427524
0.09420061
0.09422112
0.09414744
0.09422159
0.12348628
0.09776807
0.10978532
0.09414387
0.09415817
0.09423923
0.09422159
0.09415436
0.09415627
0.15736055
0.09420490
0.09413409
0.10976672
0.07853246
0.10137510
0.09414530
0.09421039
0.10978055
0.07853317
0.09422016
0.09415364
0.07865310
