0.09364200
0.08764505
0.09676838
0.09422207
0.07865262
0.09408617
0.09429502
0.07858062
0.09420800
0.09424853
0.09420943
0.09410477
0.09416223
0.07859230
0.09415150
0.10978270
0.09431338
0.09408855
0.09414744
0.09415269
0.09420681
0.09435987
0.09409428
0.07858729
0.09430337
0.09415507
0.07860518
0.09409666
0.08719802
0.15669942
0.17221475
0.17261410
0.17267823
0.17245460
0.15675998
0.15734744
0.17266870
0.17277193
0.18836093
0.15665269
0.15705371
0.17282796
0.15711331
0.17648101
0.17228746
0.15671563
0.17267656
0.15716434
0.17267895
0.15664268
0.16466618
0.17270041
0.15719938
0.17265224
0.15659857
0.15665603
0.17274427
0.17267275
0.17274475
0.17267823
0.17688656
0.15671587
0.17269158
0.15704989
0.17226243
0.25065780
0.23558998
0.23524523
0.24986243
0.25084877
0.25093460
0.23579979
0.26806641
0.15684605
0.15704679
0.17267871
0.17267609
0.18830013
0.16215467
0.25082564
0.23558307
0.25077581
0.24419188
0.24123216
0.31372070
0.31380153
0.29823995
0.31369328
0.31377459
0.31384301
0.31391358
0.31008792
0.29805112
0.31394386
0.31401420
0.30426192
0.31371856
0.29809690
0.31370378
0.29826999
0.30756545
0.31389022
0.32934022
0.30086350
0.32936358
0.31322050
0.32990909
0.32108378
0.31370902
0.31336331
0.31108761
0.32933855
0.31382275
0.32978916
0.29824948
0.31370950
0.31364846
0.32988572
0.29768109
0.31371379
0.29818869
0.29807496
0.30957818
0.31399369
0.31376433
0.31842399
0.29819608
0.31384158
0.31332254
0.31369114
0.29808259
0.31370187
0.32933545
0.31984711
0.29812264
0.32927227
0.31370211
0.30523396
0.29808450
0.32880592
0.31377125
0.31378818
0.31387949
0.31371760
0.31328297
0.30723214
0.25080442
0.23557687
0.09426689
0.09415603
0.09422040
0.10977364
0.09415936
0.10978270
0.09113145
0.09415078
0.09414816
0.09422088
0.09410334
0.09415722
0.09417248
0.07860780
0.09417415
0.07848620
0.09415317
0.10977983
0.07852197
0.08464456
0.09380436
0.09415317
0.10977674
0.09414816
0.09414577
0.09414124
0.07853246
0.09415817
0.09410143
0.10982728
0.08963776
0.09426546
0.09421372
0.07852578
0.09420872
0.07859206
0.09415507
0.09426570
0.10986495
0.09415078
0.07859731
0.09414744
0.09418535
0.10977435
0.10026479
0.09428191
0.09416008
0.09415913
0.09408855
0.07853055
0.09415507
0.07855535
0.09429598
0.09415960
0.07860327
0.09415269
0.07863998
0.10977578
0.10978341
0.09414816
0.08520079
0.09876227
0.09414840
0.07962108
0.10978866
0.09420109
0.09424281
0.10989308
0.10926461
0.09415054
0.09419513
0.09415007
0.09409761
0.09415722
0.10976434
0.09415436
0.09415126
0.09415841
0.09427500
0.09415507
0.09319019
0.09421706
0.09412694
0.09415078
0.09363508
0.07865024
0.09415841
0.09415150
0.09415412
0.09421825
0.10968518
0.07853580
0.09415436
0.08613825
0.09379530
0.10635805
0.09373474
0.07850790
0.10977888
0.09427834
0.10976005
0.09425545
0.10521603
0.09432030
0.09426880
0.10973072
0.07862639
0.09434009
0.07812524
0.09415340
0.09413719
0.09421086
0.09414935
0.07865191
0.10996008
0.09525752
0.09414959
0.09415054
0.07865214
0.12539935
0.09364390
0.09413195
0.09420037
0.10981107
0.09414506
0.09832621
0.09433460
0.09413671
0.09415126
0.09415889
0.10976720
0.09413433
0.10932994
0.07853651
0.09417009
0.07551503
0.08514166
0.09375262
0.09420061
0.08013201
0.10201836
0.09416509
0.07858086
0.09415388
0.10925937
0.09415030
0.09420109
0.10985231
0.09415531
0.10978270
0.08915710
0.09525490
0.08564425
0.10988569
0.09415150
0.09440517
0.07811546
0.12533498
0.07852983
0.09414506
0.09415746
0.07812428
0.08864164
0.07817888
0.09219265
0.09415507
0.08262968
0.12547255
0.10986900
0.07865000
0.09409857
0.09410977
0.09414792
0.09427094
0.08864069
0.09576654
0.10019732
0.09427023
0.09413910
0.07852101
0.10983515
0.10982466
0.09415030
0.11927581
0.10933280
0.07852674
0.09415221
0.07852268
0.09414291
0.07853436
0.10986948
0.10976768
0.09413767
0.08613229
0.09825850
0.08868885
0.09432006
0.08468628
0.09415579
0.08113217
0.09414530
0.09415102
0.09414291
0.09415984
0.07879496
0.09410787
0.10977674
0.09416080
0.07859159
0.09416270
0.09429455
0.08163357
0.09113479
0.07812452
0.10982633
0.09426570
0.07919192
0.09415746
0.09416103
0.09425783
0.09420347
0.09415150
0.10983181
0.09415674
0.07858181
0.09415388
0.09426212
0.09420037
0.08414483
0.10021472
0.09415340
0.08112621
0.09427691
0.10971928
0.09413552
0.09415388
0.09413719
0.07847214
0.10971761
0.07852817
0.08414125
0.07806277
0.08772779
0.07812715
0.10014439
0.09414887
0.09414434
0.07861686
0.10977888
0.10977840
0.09425354
0.09410787
0.09414458
0.07853174
0.09423614
0.09414577
0.09113240
0.09314322
0.09926128
0.08972359
0.09576702
0.09415793
0.09434533
0.09414935
0.09415555
0.09422874
0.09413433
0.09421396
0.09410381
0.09419894
0.10922480
0.09421015
0.10977578
0.09415650
0.10033083
0.10977578
0.09414005
0.09416509
0.09423137
0.09409022
0.09415269
0.07849121
0.10982156
0.07853365
0.09420204
0.09413815
0.09369946
0.08462429
0.09415913
0.09414530
0.09426379
0.09415221
0.07847834
0.09421468
0.07853842
0.09415889
0.07864404
0.09415603
0.10978341
0.07853651
0.08718729
0.07812762
0.09063435
0.09371591
0.10026431
0.09415793
0.09417653
0.07852077
0.09427261
0.10977817
0.09413314
0.09415984
0.09421635
0.07852173
0.09424615
0.09426332
0.07867074
0.09430051
0.09416032
0.09415698
0.10916615
0.09925437
0.09424710
0.09409261
0.09415388
0.07852221
0.10977864
0.09414768
0.10987997
0.08769965
0.07818198
0.10716248
0.09414983
0.09409070
0.09422088
0.10985017
0.07852197
0.09415483
0.09415698
0.09415507
0.09423566
0.09426546
0.09374642
0.10715961
0.09433246
0.07852006
0.09430146
0.09416866
0.07853723
0.09414959
0.09419823
0.09428692
0.10982275
0.09415340
0.09415555
0.09426928
0.09415460
0.09930992
0.09422112
0.07972836
0.09422541
0.07869935
0.09419107
0.09408379
0.07801461
0.09416032
0.09424210
0.09420753
0.09415793
0.09409142
0.09410429
0.07852125
0.10976648
0.09415507
0.09415364
0.08964491
0.08363581
0.10014915
0.09413767
0.08158708
0.10978889
0.09376836
0.07858443
0.09415579
0.09420514
0.09410644
0.09416008
0.10977221
0.08264136
0.09219813
0.07812452
0.09831643
0.08864093
0.10977364
0.10981989
0.09411573
0.10984373
0.07853675
0.10978293
0.09415746
0.07812190
0.09225655
0.09415007
0.09826469
0.09415722
0.09414029
0.09409451
0.10979152
0.09414053
0.09416771
0.10927820
0.07812595
0.09676552
0.08714104
0.10978556
0.07852101
0.12539101
0.09416509
0.09414935
0.10991859
0.09019279
0.07818890
0.11587000
0.09070611
0.09631753
0.09415650
0.09409356
0.09420228
0.10978079
0.09421253
0.09431839
0.09414029
0.09420943
0.09415340
0.07802010
0.10021782
0.09676361
0.09415555
0.09415460
0.09415483
0.09420204
0.09409857
0.09415960
0.09427500
0.10976481
0.10969758
0.07853651
0.09422731
0.07853413
0.09409070
0.08514023
0.07812810
0.08863449
0.12540364
0.07856870
0.09409928
0.09415960
0.09426832
0.09427524
0.09428430
0.09414530
0.10990667
0.09320307
0.10983253
0.07851291
0.10984564
0.09434175
0.09426522
0.07863879
0.09415627
0.09414744
0.09418559
0.09416008
0.09420967
0.07877207
0.09415913
0.08913803
0.07812643
0.10871387
0.07870555
0.09414935
0.10977292
0.09364319
0.09420586
0.07859397
0.09430981
0.10977817
0.07969570
0.10015178
0.09526992
0.09415650
0.09415913
0.09415603
0.09428167
0.07806277
0.09415698
0.10980725
0.09415722
0.09415984
0.09380054
0.10466886
0.09426951
0.09415174
0.07859802
0.09423137
0.09409213
0.09414840
0.09436607
0.09434342
0.07863784
0.09409714
0.09415555
0.09415317
0.09415317
0.11728692
0.10979152
0.10988998
0.07852411
0.09428334
0.09415460
0.07853436
0.09426832
0.10978436
0.09374785
0.10467458
0.09413600
0.09420228
0.09428620
0.09441781
0.10978341
0.09373450
0.11024642
0.09414172
0.09415245
0.09427023
0.09415627
0.09411073
0.10986090
0.09424210
0.09415436
0.07864881
0.08414221
0.10966182
0.09415674
0.09426832
0.07853246
0.09421158
0.07853413
0.09415960
0.10969138
0.09414363
0.09415913
0.11749506
0.10976315
0.09435821
0.09409833
0.10984564
0.07857490
0.10977459
0.10972524
0.07812643
0.10026503
0.09438086
0.09407425
0.09415627
0.09414673
0.09434891
0.10977697
0.09431601
0.09421682
0.09415507
0.09415555
0.09415698
0.07812428
0.08769727
0.09680462
0.08719492
0.09434390
0.09414482
0.10997629
0.10972261
0.09415579
0.09415770
0.09420419
0.09425497
0.09415555
0.07850432
0.10982633
0.09421635
0.09427428
0.07858348
0.09410357
0.09414148
0.09434462
0.07863402
0.09415269
0.09415364
0.07817221
0.08863759
0.09576774
0.09415674
0.07852221
0.09431624
0.09415364
0.09410357
0.09414911
0.09408307
0.07847023
0.09421039
0.09427810
0.09415150
0.07853079
0.09415007
0.10977650
0.07812810
0.10015607
0.09426212
0.09415960
0.07851362
0.09413767
0.09420991
0.07867908
0.10987067
0.10978174
0.09417725
0.09415722
0.09414864
0.10013556
0.09432244
0.08464456
0.09423494
0.09413719
0.09415483
0.07863951
0.09415150
0.09415770
0.09414864
0.07850695
0.09432507
0.09414101
0.09411001
0.09421086
0.09419799
0.07863069
0.09414124
0.09415841
0.09375119
0.08864307
0.09475756
0.09415770
0.09415317
0.09412622
0.09408283
0.07820582
0.09422946
0.09415960
0.09426546
0.09415150
0.09408784
0.07852960
0.09433532
0.09423923
0.09415460
0.09415770
0.09064078
0.09364724
0.10025978
0.09415603
0.09675717
0.09416032
0.09414029
0.09415483
0.10982871
0.07852936
0.09415746
0.07858777
0.09415460
0.09415030
0.09419560
0.08713484
0.09726453
0.09421158
0.09364390
0.09410357
0.09414721
0.09414840
0.07866240
0.09410357
0.09411407
0.07853556
0.09426808
0.09409785
0.09411502
0.07853413
0.09422636
0.09415483
0.09421897
0.09427047
0.07867384
0.09415770
0.09374905
0.08864236
0.09375310
0.10015559
0.10978842
0.07851291
0.10978341
0.07849288
0.10983515
0.12540579
0.08763885
0.10927057
0.10988188
0.07852435
0.09420681
0.07867098
0.10977483
0.07858515
0.09415746
0.09415460
0.11779118
0.09416008
0.07853818
0.09414625
0.09415221
0.07847404
0.09410667
0.07853174
0.09363675
0.09415555
0.10983348
0.09113050
0.10976768
0.09415054
0.09431362
0.07852507
0.10976028
0.07853460
0.10977530
0.07858944
0.12493181
0.11016345
0.09431934
0.09415054
0.09433079
0.09431815
0.07859683
0.09416747
0.07853866
0.10977602
0.09416032
0.09413838
0.09365082
0.09409857
0.07857823
0.09414625
0.09414554
0.09925771
0.08971286
0.09538221
0.11004567
0.09413409
0.09415674
0.07852912
0.09415317
0.09415317
0.09415507
0.09415364
0.07853508
0.09415126
0.08868265
0.09375358
0.10014653
0.09434557
0.09413218
0.09416103
0.07851410
0.09415245
0.09416151
0.10989022
0.07853055
0.09416056
0.09414530
0.11135030
0.08569479
0.09421444
0.08213139
0.09415889
0.07863498
0.09415674
0.09416151
0.09413195
0.09416056
0.09427214
0.09415960
0.09415317
0.09415126
0.09428763
0.10977340
0.09416246
0.09414840
0.12581229
0.09414673
0.09415770
0.09415841
0.10943532
0.07858253
0.09433794
0.09415627
0.09410548
0.09413981
0.09428215
0.09525847
0.09415340
0.09419870
0.09415174
0.09428787
0.09424901
0.09420872
0.09432006
0.09413958
0.09415531
0.12580919
0.09416032
0.09413981
0.09419250
0.07860279
0.09415817
0.09415531
0.07853413
0.09439588
0.07853007
0.09419847
0.07852077
0.09364581
0.09415627
0.09415984
0.10021257
0.09428954
0.08357787
0.10978842
0.07851410
0.09415388
0.07853055
0.10977292
0.09419465
0.07847142
0.12541413
0.09379482
0.10024762
0.09416175
0.09413815
