0.13699961
0.12699962
0.13899922
0.12899995
0.14599919
0.13100004
0.13099837
0.13499880
0.14099884
0.15100026
0.13099980
0.13400030
0.13300061
0.12900043
0.12700081
0.15300107
0.14100027
0.13599992
0.12899971
0.15400052
0.14699936
0.14099908
0.13399982
0.13900042
0.14500022
0.15500259
0.14500403
0.14300013
0.12999964
0.13499975
0.14399934
0.13200045
0.13999987
0.13899899
0.15299964
0.13800049
0.13600111
0.13399982
0.13099957
0.13900018
0.16000009
0.15300107
0.14100027
0.12699962
0.13699961
0.13399410
0.13600278
0.13799953
0.15700459
0.13899922
0.13299918
0.15000033
0.13200045
0.14399981
0.15400028
0.13200068
0.13200235
0.12899947
0.12900066
0.13699913
0.14900064
0.14799976
0.15200233
0.12800121
0.13200212
0.12999988
0.13099980
0.13199902
0.14499998
0.15299606
0.14099860
0.13599968
0.13099980
0.13200045
0.13999486
0.14599919
0.12800097
0.13399935
0.14600158
0.14799905
0.13300586
0.13199830
0.14000201
0.13800001
0.13799834
0.15000415
0.15300131
0.15800238
0.14298725
0.13600063
0.14199972
0.12599969
0.13099909
0.12399960
0.12699747
0.14700007
0.12699866
0.11599970
0.13100028
0.13499928
0.12700343
0.12699938
0.12999964
0.12799954
0.13400030
0.13099909
0.15999746
0.14499950
0.14400005
0.14399552
0.15199947
0.15599728
0.13400006
0.13300085
0.13099957
0.12499928
0.12699962
0.13099980
0.12500024
0.15299892
0.14699984
0.15999842
0.16199994
0.14499521
0.13100004
0.13299727
0.13000011
0.13000059
0.15199947
0.14999986
0.14899921
0.16600037
0.16099572
0.14499998
0.12900043
0.12899780
0.13799810
0.14800000
0.15500474
0.14899969
0.14099908
0.14900064
0.15899920
0.15999985
0.14999962
0.15399909
0.14899993
0.12999940
0.12500000
0.12699986
0.12800050
0.13000059
0.12999964
0.12599969
0.14799571
0.14599895
0.14200044
0.13099980
0.12900043
0.12499976
0.12699580
0.15000010
0.13799930
0.12699938
0.12899995
0.13100004
0.14700031
0.15600300
0.13700032
0.13299847
0.13800001
0.14599967
0.14499974
0.15000057
0.13399959
0.13600063
0.13700032
0.12999892
0.12799978
0.13399982
0.12600040
0.12999940
0.13199997
0.13599968
0.13100100
0.12799978
0.12899923
0.14200068
0.16500163
0.16000080
0.18599916
0.17599916
0.18799949
0.19900036
0.22399664
0.28399873
0.32800055
0.39299965
0.42800045
0.40799928
0.42999578
0.42999911
0.41800117
0.42299986
0.43099976
0.43599796
0.42499971
0.40999937
0.42100143
0.39999986
0.41100001
0.42899871
0.47499943
0.41899896
0.42499971
0.41299844
0.42499924
0.48300004
0.40599990
0.44600749
0.41499996
0.41799951
0.45000005
0.42499995
0.40100002
0.41400170
0.41599727
0.42299938
0.41499782
0.44199944
0.40699935
0.42699957
0.40499926
0.41399932
0.42999935
0.44599915
0.42100000
0.40300107
0.42599988
0.46000051
0.41900015
0.43200016
0.44299483
0.41400003
0.41699958
0.43499994
0.40400219
0.42599845
0.42399979
0.41499805
0.42599797
0.40900040
0.42600012
0.42999911
0.45699859
0.41399860
0.43599916
0.42799878
0.41899943
0.43499780
0.40599990
0.42200017
0.41399908
0.41099930
0.42999935
0.39500022
0.42599845
0.43500161
0.40599942
0.39999533
0.43800068
0.43900037
0.42499924
0.43699837
0.39900208
0.42299843
0.40799928
0.43600011
0.46900010
0.41699982
0.42299962
0.42300320
0.39500093
0.41599965
0.41100001
0.42200017
0.46300030
0.38699746
0.41899371
0.43699908
0.41599965
0.42799950
0.46699929
0.40499902
0.41899943
0.41099334
0.42699838
0.45999718
0.44400620
0.40199971
0.46199942
0.46199894
0.41558003
0.46799946
0.40800285
0.45999956
0.43799973
0.40999937
0.43000054
0.44300032
0.43399930
0.42699933
0.41699457
0.45399904
0.40999985
0.40100741
0.47299552
0.42400122
0.42599964
0.44999814
0.43400073
0.41799879
0.41899967
0.41099977
0.41699934
0.42099953
0.41699481
0.43999934
0.39699936
0.39400053
0.40499759
0.43199968
0.42700028
0.42099547
0.40199995
0.43600011
0.40200162
0.38800001
0.41699886
0.45599961
0.41199970
0.43199992
0.41600013
0.43000102
0.46999907
0.40299964
0.41199970
0.42900062
0.42900038
0.42999721
0.41999960
0.45499969
0.40300035
0.44099855
0.39599943
0.42500019
0.45399976
0.45799732
0.43399906
0.43299937
0.42999959
0.41099977
0.39399910
0.40299916
0.40700006
0.37100053
0.35399985
0.35900068
0.38399959
0.37999940
0.36299896
0.37000012
0.37499714
0.38099957
0.37805581
0.37800455
0.38999915
0.36299515
0.39300013
0.38899922
0.37699938
0.37299943
0.37899947
0.39200234
0.36099982
0.34499955
0.39399958
0.36605763
0.37099981
0.38199925
0.39499927
0.33300114
0.35699916
0.35399961
0.34800100
0.36300015
0.34699821
0.37600017
0.35399961
0.34499717
0.33799982
0.34399939
0.35899997
0.35099626
0.34499884
0.32799983
0.35600233
0.35599947
0.35000038
0.37399912
0.36500001
0.34399891
0.36099529
0.37700057
0.36299944
0.34499860
0.34700036
0.35999966
0.35099864
0.34500074
0.35800028
0.38099909
0.36199903
0.34600091
0.36700010
0.35300064
0.36799979
0.37499976
0.35500002
0.35299993
0.35500097
0.36099911
0.38199878
0.37999582
0.34499931
0.34899998
0.35300016
0.34699559
0.35299540
0.33999920
0.34899855
0.34699583
0.38299775
0.35600328
0.34499979
0.35899973
0.36199951
0.35499978
0.37400079
0.35199761
0.33599877
0.37199974
0.35499978
0.34200001
0.35399818
0.34200311
0.36599994
0.41000056
0.37799954
0.32900047
0.36700010
0.36900139
0.34199977
0.33799911
0.36199951
0.38400102
0.36100078
0.36100078
0.34399891
0.36299872
0.38700008
0.34100080
0.36100006
0.41599941
0.36699986
0.34300041
0.36500120
0.34700036
0.38200021
0.40699983
0.53799987
0.43999887
0.46099973
0.38199902
0.37600040
0.35300374
0.31300044
0.32000303
0.32099605
0.36799622
0.35300326
0.48199987
0.31000304
0.30599928
0.31700397
0.30499744
0.31800056
0.30799937
0.31200051
0.30799603
0.29699993
0.31099677
0.39199471
0.31099939
0.35305643
0.32300210
0.31499982
0.29999924
0.30800104
0.31200361
0.30500007
0.31300020
0.30700016
0.30499721
0.30399585
0.29700303
0.29900479
0.30405617
0.33400345
0.30699658
0.30900288
0.30799985
0.30699968
0.31299901
0.30700016
0.30899954
0.30099821
0.29800034
0.30799866
0.30900264
0.31999588
0.33099914
0.31900120
0.30299616
0.32500005
0.30799913
0.30899477
0.30300450
0.31398821
0.30399704
0.30799580
0.30699897
0.30499840
0.30700064
0.30899358
0.32700038
0.30999970
0.30200028
0.30499578
0.30699706
0.30799985
0.31400299
0.30699563
0.30700016
0.31599522
0.30900025
0.30799818
0.30699968
0.31900454
0.30899954
0.30799985
0.31499553
0.31299901
0.31199908
0.31899548
0.32000065
0.30691266
0.31500101
0.32099581
0.30900288
0.30399919
0.31300306
0.32100034
0.30500007
0.30600047
0.30599952
0.30400038
0.30700421
0.30499601
0.30899477
0.30699992
0.30799937
0.30899930
0.30999494
0.30800366
0.31700373
0.29399920
0.31799984
0.31199980
0.30999923
0.30699944
0.30599880
0.30400062
0.30700397
0.30999947
0.32600260
0.33300018
0.30899930
0.32600021
0.31700253
0.30599928
0.30500031
0.32799530
0.31400013
0.32200050
0.31599426
0.31200457
0.30899978
0.31399822
0.31899929
0.30700397
0.31800532
0.31000376
0.32299614
0.30500317
0.31499887
0.31099963
0.30799842
0.30800009
0.30699825
0.31099629
0.30899930
0.30600357
0.32899570
0.30699635
0.33700585
0.32799339
0.31699991
0.32900333
0.30999398
0.31500173
0.32699800
0.30800414
0.33099627
0.34700489
0.32299995
0.32393932
0.30999827
0.32600021
0.31900024
0.31199932
0.34000015
0.35700393
0.35100341
0.37799907
0.35899544
0.34800005
0.34799933
0.35600042
0.37399936
0.34499860
0.35399580
0.33699942
0.35699534
0.36299562
0.35199904
0.38100338
0.36700368
0.35099959
0.36300063
0.37100029
0.35599589
0.34500408
0.33499956
0.35399961
0.34500408
0.35499883
0.36800003
0.34599996
0.36400032
0.35499907
0.36500335
0.34999967
0.35700369
0.34500051
0.35699940
0.35099888
0.35699654
0.34800076
0.35400033
0.36100054
0.37100124
0.36200404
0.35200000
0.36099958
0.36299634
0.35200453
0.35099959
0.33699965
0.35199523
0.35399985
0.36800170
0.37099600
0.35900021
0.36700058
0.34899735
0.36200476
0.35799599
0.35299921
0.36899972
0.38199997
0.36700130
0.34699917
0.36000085
0.36099911
0.37500381
0.35599995
0.36099792
0.35399961
0.35000348
0.40199518
0.35199904
0.36600065
0.37699652
0.35600376
0.34999585
0.38500476
0.36799955
0.37599921
0.34900045
0.34500360
0.35400200
0.33799982
0.36099935
0.35899663
0.37500048
0.35799503
0.37899590
0.38099957
0.37400389
0.34799552
0.37599921
0.37400389
0.37199593
0.38100076
0.40699863
0.38000059
0.40299487
0.37999463
0.41799998
0.35200286
0.35100389
0.37299848
0.41099596
0.35699940
0.38400364
0.42299914
0.42099929
0.40699768
0.42599654
4.39400125
0.30899978
0.31670308
0.31276107
0.31800318
0.32099843
0.30900002
0.30600166
0.31300449
0.31300235
0.30699611
0.32800007
0.31400657
0.30588984
0.30987644
0.31515622
0.30501890
0.30999970
0.30899954
0.31700301
0.30599618
0.31199646
0.31299925
0.31099963
0.31500006
0.31099463
0.32299852
0.31506181
0.30399919
0.31999636
0.30799580
0.32800364
0.30799556
0.31100321
0.31299925
0.31900382
0.31099653
0.31500292
0.30799675
0.31299901
0.30999827
0.31399751
0.32299948
0.31199479
0.31300330
0.32700109
0.34099722
0.53100038
0.31199765
0.32100224
0.31899548
0.31700277
0.30399609
0.31699944
0.31399584
0.31400037
0.30400395
0.31499910
0.32900357
0.31300330
0.31299615
0.31199884
0.31000018
0.30599952
0.30300474
0.30500078
0.30500126
0.31299663
0.31899452
0.30800200
0.32100034
0.31200361
0.31099939
0.31699967
0.30800343
0.30599976
0.31199622
0.31300092
0.30999970
0.32199526
0.32300782
0.32699513
0.31400371
0.31100392
0.31400394
0.32099962
0.29499960
0.30699849
0.31699610
0.31500387
0.30799460
0.31599903
0.30699968
0.30699635
0.32599950
0.30599642
0.31599951
0.31499648
0.31900287
0.31200004
0.32399964
0.31199956
0.30900311
0.32299972
0.30199981
0.31200004
0.33999944
0.31999969
0.31599951
0.31700039
0.31900334
0.30699277
0.31599951
0.32600307
0.30400324
0.30499959
0.32099485
0.30500221
0.32500005
0.30799580
0.30293131
0.30600357
0.29899859
0.30199981
0.32599974
0.31099701
0.31500173
0.30899978
0.30799675
0.29600048
0.30400872
0.31500125
0.30699968
0.31700039
0.31400013
0.30400348
0.30999613
0.32000303
0.31199551
0.30500412
0.31500006
0.30500317
0.32899952
0.30700469
0.30200243
0.32700396
0.30799699
0.31499863
0.30500293
0.31899738
0.30600476
0.30399966
0.32900047
0.30599952
0.33300328
0.31705379
0.30499530
0.31599998
0.30900264
0.30500603
0.28599501
0.30900025
0.32699656
0.31399727
0.31400204
0.31300282
0.31099916
0.30300069
0.31199980
0.30499721
0.31499982
0.31100059
0.31600094
0.31600118
0.30899978
0.30600333
0.30500484
0.30800009
0.31000257
0.30999923
0.30700040
0.30399990
0.30999970
0.30999494
0.31499887
0.31100821
0.31099510
0.30500317
0.31099486
0.31999564
0.33400154
0.30800295
0.30699873
0.31399870
0.30699968
0.30399871
0.31900001
0.30799866
0.31799984
0.31399322
0.30799508
0.30599999
0.32800388
0.30599999
0.30699825
0.30999613
0.30999923
0.30599546
0.30299950
0.30800128
0.31299973
0.31800032
0.31299591
0.31299996
0.32500076
0.30499959
0.30799556
0.30700469
0.31099510
0.31100035
0.33400106
0.30499983
0.31200004
0.31399918
0.31500316
0.30599976
0.32400465
0.31299710
0.31599855
0.30700040
0.31299973
0.30400324
0.31899953
0.30699754
0.31099534
0.31200409
0.31399870
0.30999589
0.31199932
0.31899953
0.30699754
0.31799984
0.31199980
0.30500436
0.31399989
0.31399608
0.30400348
0.31000447
0.31399584
0.32000303
