816.000,583.000,171.000,85.000
816.139,572.526,179.043,104.257
825.111,577.473,168.431,99.097
805.716,573.057,172.017,100.522
770.864,573.866,179.150,104.825
749.853,579.954,171.663,101.159
731.704,577.136,175.015,102.320
700.099,574.605,179.723,105.107
682.171,578.270,169.434,99.722
692.709,572.028,182.097,106.199
695.596,576.430,170.004,100.055
701.969,577.096,175.644,102.310
705.174,576.642,171.712,100.450
703.552,576.682,178.919,104.307
707.883,578.252,179.016,104.493
705.333,578.319,177.709,103.945
709.996,576.856,180.295,105.112
711.803,582.242,172.344,101.174
716.247,576.905,179.332,104.546
716.768,580.144,172.955,101.598
718.970,579.320,174.368,101.916
722.076,578.352,180.230,105.296
727.378,581.990,174.183,102.334
734.175,586.021,169.617,99.799
733.763,579.829,176.744,103.057
733.524,589.315,167.797,98.944
736.653,585.528,175.269,102.472
737.091,581.517,184.094,107.582
740.861,588.513,167.595,98.894
746.963,585.923,171.314,100.029
750.967,584.528,171.041,100.219
746.086,586.948,169.583,99.381
754.816,583.327,176.671,103.286
755.805,589.547,166.732,98.389
757.206,584.886,173.859,101.692
760.133,585.261,175.701,102.698
767.887,587.147,170.439,100.092
770.228,586.411,172.013,100.604
767.361,590.247,166.121,97.955
776.426,592.136,166.381,97.685
778.421,586.569,175.464,102.688
775.720,591.989,167.900,98.946
781.675,587.828,177.301,103.824
783.863,589.732,172.800,101.607
783.266,589.847,173.491,101.808
788.492,587.386,178.481,104.546
789.751,597.234,168.710,100.034
792.137,589.888,181.846,106.638
798.383,588.504,179.907,105.412
800.243,590.522,174.528,102.774
809.428,586.880,177.639,104.015
810.601,593.003,164.932,97.564
808.475,586.389,179.450,104.857
814.350,593.259,171.899,101.438
819.289,590.496,174.598,102.398
817.639,590.590,178.200,104.482
825.751,588.815,177.068,104.043
827.286,587.911,180.753,105.879
831.560,593.867,171.020,101.060
838.700,588.644,177.876,104.305
836.589,592.679,170.305,100.515
842.441,589.192,177.631,104.122
849.240,586.716,179.725,105.170
851.510,592.022,168.243,99.429
852.005,587.462,181.187,106.062
854.851,592.251,173.260,102.170
863.970,589.966,179.500,105.318
863.128,590.389,177.227,104.335
851.428,592.391,177.439,104.793
833.560,590.158,186.727,109.700
809.867,593.880,175.541,104.021
789.996,589.591,184.789,108.423
776.159,594.063,179.263,105.921
781.145,593.117,182.521,106.822
797.526,590.124,185.115,108.144
802.845,594.560,176.463,103.909
808.118,592.401,177.335,103.768
824.711,594.472,172.437,101.261
819.075,594.441,174.266,102.144
827.515,591.894,176.180,103.085
835.099,592.242,178.665,104.628
834.393,595.157,172.968,101.823
844.086,593.958,174.529,102.230
842.735,594.524,177.732,104.062
843.976,592.847,177.310,103.661
858.045,595.881,173.416,101.751
852.731,593.912,178.772,104.538
861.660,590.865,178.761,104.560
869.020,592.428,175.733,103.013
872.007,594.443,171.209,100.406
879.837,589.793,176.290,102.883
884.080,596.740,165.678,97.703
890.877,592.812,173.273,101.009
889.256,598.333,166.897,98.183
897.906,593.446,174.005,101.646
901.428,595.499,168.798,99.310
907.146,592.326,175.227,102.170
907.368,592.689,174.595,102.268
915.471,598.681,169.303,99.296
908.043,593.123,177.417,103.675
896.545,598.432,167.962,99.055
862.476,593.342,180.192,105.544
840.264,593.980,178.901,105.376
824.604,590.998,182.401,106.987
796.438,594.417,173.215,102.206
806.826,590.063,180.245,104.967
813.058,594.289,173.382,101.844
820.230,590.264,181.680,105.871
831.886,592.054,174.425,102.154
838.066,594.214,168.349,98.713
844.970,591.156,176.594,102.916
849.397,595.017,168.770,99.206
853.639,593.034,173.863,101.283
854.320,589.560,179.272,104.444
862.181,593.773,167.670,98.784
866.012,591.244,174.310,101.554
870.990,592.039,173.864,101.632
877.328,595.291,166.673,98.019
874.261,591.595,177.717,103.927
858.889,594.311,171.046,100.945
835.838,594.105,165.872,97.904
812.929,592.610,173.828,101.841
792.649,593.821,169.977,99.932
777.709,591.989,170.434,99.642
785.636,591.032,178.290,103.681
800.826,592.499,175.656,102.711
803.654,595.207,173.276,101.210
809.461,592.592,180.221,105.107
813.414,595.118,175.667,103.166
818.063,593.556,179.606,105.000
823.728,589.863,186.077,108.810
832.308,598.594,169.474,100.371
835.468,593.991,179.638,105.085
837.689,594.720,172.016,101.259
847.647,592.802,176.836,103.621
843.947,591.560,177.497,103.902
857.463,593.049,171.361,100.571
859.639,592.151,175.928,102.781
858.738,595.493,166.650,98.099
872.985,594.260,169.190,99.127
867.456,596.318,164.362,96.802
856.357,595.000,172.619,101.164
830.112,598.620,164.859,97.452
808.561,594.566,174.982,102.194
780.424,595.219,172.166,101.519
763.710,600.749,162.751,96.252
735.690,594.817,175.775,102.783
723.693,600.679,169.412,99.779
735.363,599.704,166.343,97.370
742.294,599.562,169.322,98.823
746.708,598.602,170.278,99.463
757.140,601.706,162.576,95.671
757.108,597.317,171.203,99.907
760.340,603.956,164.079,96.510
768.741,600.341,171.408,100.152
768.775,605.108,161.097,95.090
774.939,602.281,169.417,98.826
775.392,603.012,165.656,97.153
783.774,602.618,168.941,98.768
786.959,605.803,165.683,97.352
786.927,607.265,170.253,99.484
784.750,606.305,174.016,101.845
796.033,609.549,170.575,99.915
801.531,612.253,166.157,97.665
803.786,607.346,175.674,102.676
803.894,613.342,162.755,95.899
815.347,609.402,169.812,99.367
813.302,612.991,166.179,97.733
820.814,610.652,174.525,101.800
822.677,615.416,166.030,97.683
826.613,613.210,175.006,102.304
828.192,617.125,169.647,99.761
838.970,619.043,168.543,98.698
836.951,616.260,176.312,103.075
839.882,617.210,173.106,101.585
842.558,606.429,180.163,105.479
844.258,593.369,179.707,105.010
850.600,583.971,179.381,105.043
854.602,573.022,174.984,102.428
859.946,558.996,175.096,102.371
863.329,547.447,172.790,100.666
870.610,540.279,177.397,103.443
869.744,546.248,166.189,98.063
866.484,547.612,164.747,96.961
842.188,544.814,170.533,99.924
819.449,548.974,161.803,95.798
798.317,546.911,168.777,98.950
779.182,547.800,164.298,96.839
762.114,551.332,161.537,95.156
780.792,550.133,165.060,96.689
781.758,551.314,166.965,97.603
799.817,552.528,163.136,95.480
795.117,551.844,164.345,96.187
807.915,557.277,157.934,92.782
807.834,552.754,168.532,98.193
807.433,555.950,163.767,96.177
816.389,560.650,160.872,94.225
814.686,559.849,159.614,93.462
818.151,561.268,164.014,95.931
818.595,560.545,169.519,99.021
824.901,560.424,165.933,97.375
823.271,558.899,172.253,100.676
825.565,562.015,167.428,98.539
829.601,563.786,170.850,99.966
832.571,567.076,162.637,95.695
830.532,564.331,169.211,99.000
827.610,567.468,164.193,96.796
808.154,571.469,158.933,93.925
779.664,565.716,169.109,98.756
760.236,571.589,165.604,97.585
731.643,569.766,167.488,98.385
712.401,567.280,170.772,100.111
716.830,567.853,170.907,99.755
722.407,567.788,171.488,100.085
732.676,567.179,173.908,101.670
739.888,567.133,173.239,101.466
737.364,567.852,171.699,100.586
744.054,567.351,174.916,102.315
748.439,566.902,174.638,102.378
754.387,567.922,171.047,100.610
754.874,572.243,167.255,98.168
760.234,572.790,167.222,97.891
766.001,565.608,176.635,102.999
766.548,570.965,163.260,96.226
770.616,564.364,175.699,102.544
773.875,565.791,169.681,99.640
773.829,562.721,176.888,103.287
781.287,565.195,171.201,100.696
785.561,563.045,170.066,99.350
790.438,566.579,162.550,95.518
794.272,565.558,166.914,97.627
791.350,568.557,165.047,96.573
798.816,565.522,171.574,100.111
796.257,568.610,163.241,96.110
801.777,567.807,166.126,97.176
801.469,565.103,170.642,99.621
804.281,570.658,160.069,94.313
804.015,564.932,172.725,100.768
806.433,569.297,164.494,96.963
809.877,564.153,171.400,100.108
814.144,567.272,162.761,95.772
812.787,566.801,161.180,94.380
817.827,566.621,161.639,94.835
816.309,564.592,166.921,97.585
818.176,567.221,166.827,97.912
813.985,565.461,165.640,97.099
816.881,565.198,165.221,96.972
815.454,562.826,171.445,100.539
794.892,561.949,172.497,101.813
774.067,567.276,161.599,96.057
749.212,561.340,171.949,101.102
719.146,562.981,176.236,103.853
699.097,567.033,164.973,97.834
697.354,564.708,167.859,98.356
706.828,564.524,167.276,98.029
711.550,564.005,168.645,99.008
709.298,564.059,169.213,99.320
716.254,564.496,169.641,99.576
718.445,562.371,170.710,100.118
720.594,562.656,173.708,102.005
718.924,562.882,172.024,101.211
723.285,562.457,176.898,104.007
721.905,561.742,175.212,103.179
718.124,560.410,176.973,104.202
720.113,562.131,175.808,103.142
722.885,563.721,174.045,102.262
726.779,563.510,176.055,103.604
722.718,563.031,175.733,103.446
727.501,564.117,177.141,104.072
728.478,564.922,171.127,101.034
730.120,563.689,172.292,101.190
731.636,562.159,176.241,103.477
737.699,564.858,171.760,101.407
736.480,563.482,171.048,100.612
738.346,563.915,171.465,100.815
736.781,562.706,175.224,102.949
742.652,568.883,169.065,99.751
741.919,567.723,174.140,102.200
746.903,568.048,172.963,101.798
739.593,565.911,178.604,104.848
751.014,569.593,171.278,100.978
750.052,567.565,180.966,106.013
745.900,567.658,173.555,102.433
756.831,567.462,173.088,101.796
760.500,568.440,172.091,101.033
764.328,570.657,167.812,98.830
756.584,564.631,180.896,105.876
759.277,567.834,174.692,103.039
764.389,567.573,175.011,102.669
765.201,567.208,177.199,104.016
771.791,571.448,175.639,103.430
775.068,569.700,175.187,103.016
783.244,571.756,173.792,102.005
780.329,570.032,173.000,101.572
790.061,570.754,173.148,101.807
790.992,572.740,165.996,97.942
792.906,570.093,172.637,101.232
798.350,574.443,170.525,100.546
801.737,573.487,169.144,99.218
804.929,575.038,168.028,98.734
803.895,575.030,168.666,98.699
812.027,574.255,170.450,99.934
794.756,575.838,168.711,99.385
777.231,577.603,164.862,97.398
747.357,576.828,169.682,99.945
723.267,578.406,171.132,100.949
725.114,576.819,176.055,103.509
735.450,573.678,178.225,104.490
748.319,576.950,175.578,103.134
750.554,576.981,173.484,102.003
752.258,573.481,180.355,105.426
764.028,577.877,167.781,99.211
763.409,574.740,172.359,100.870
761.970,573.355,176.220,103.374
770.600,575.463,176.659,103.729
767.440,573.501,177.478,104.393
774.518,574.996,179.107,104.992
778.750,574.583,174.669,102.887
783.885,571.833,174.972,102.858
789.312,572.420,171.207,100.829
793.690,569.772,175.174,102.672
790.797,571.731,165.639,98.064
764.937,565.555,173.345,102.067
743.908,569.958,164.323,97.823
717.275,567.769,167.429,98.690
697.668,569.952,162.781,96.522
678.548,568.601,164.427,96.940
674.485,567.817,164.299,96.979
681.141,563.744,172.847,100.898
695.132,565.696,168.893,99.241
696.034,563.479,174.321,102.115
704.737,561.512,179.842,105.443
701.258,562.370,177.968,104.771
710.576,561.773,180.810,106.106
714.324,562.860,177.215,104.216
720.701,558.274,186.154,109.233
722.132,559.867,174.962,103.233
728.997,559.834,183.209,107.287
730.063,558.005,180.401,106.108
738.947,559.202,179.691,105.522
733.639,556.947,179.450,105.423
750.689,561.103,176.822,104.323
747.250,554.735,183.301,107.388
759.514,558.764,181.066,106.790
757.459,555.091,181.884,106.933
768.002,557.465,184.291,108.409
773.458,559.691,179.084,105.726
780.825,559.592,178.789,105.363
786.584,559.531,176.699,103.847
787.216,558.755,178.141,104.772
801.594,562.182,171.028,101.033
803.418,562.295,169.815,100.019
814.171,562.658,169.565,99.619
814.776,563.687,165.942,97.769
803.237,562.488,169.456,99.642
775.597,563.589,169.762,100.216
754.833,560.823,172.308,101.613
735.972,563.348,166.786,98.763
711.462,560.960,169.955,100.319
718.971,560.387,168.499,99.438
734.374,562.434,165.418,97.328
743.018,562.933,165.133,97.216
745.960,561.000,170.203,99.938
753.849,563.955,165.358,97.628
752.860,556.350,179.016,104.783
760.157,559.463,171.566,101.349
768.344,557.665,173.710,102.071
773.062,558.010,170.742,100.708
778.972,558.006,173.891,102.257
781.530,557.361,172.883,101.915
785.294,558.950,173.212,102.092
797.109,559.609,170.753,100.850
800.309,556.808,169.406,99.945
807.363,557.530,171.258,100.703
801.815,560.860,167.418,99.044
774.439,558.198,171.256,101.281
753.316,559.111,169.126,100.406
733.158,558.874,169.292,100.210
713.093,559.315,169.266,100.123
692.655,557.126,171.461,101.334
692.174,564.164,158.547,94.086
707.447,557.179,170.179,99.797
716.917,561.849,163.860,96.625
728.629,561.499,162.495,95.468
727.732,563.731,165.204,96.974
738.273,563.043,168.824,99.133
741.957,561.915,168.755,99.083
752.814,561.432,169.432,99.459
753.414,563.371,167.585,98.601
764.679,562.414,171.112,100.498
766.373,562.745,171.426,100.663
771.624,565.211,169.168,99.539
776.086,564.600,171.676,100.769
783.394,566.249,169.965,99.784
788.114,565.603,172.050,100.794
791.981,566.749,172.018,101.062
795.227,565.461,175.878,102.700
799.947,567.836,173.734,101.900
803.718,563.805,181.899,106.299
804.704,573.313,172.239,101.871
793.143,570.431,174.996,102.670
767.668,566.654,176.838,104.250
750.859,568.523,176.844,104.385
727.781,567.404,173.809,102.527
708.521,566.676,174.665,102.923
687.685,567.639,172.553,101.707
682.515,569.953,170.062,100.233
705.575,566.943,169.558,99.492
707.603,571.122,169.693,99.963
714.291,567.400,173.530,101.674
724.267,564.679,173.607,102.032
731.715,568.997,166.379,98.204
740.896,574.791,155.920,92.189
737.898,574.724,165.989,96.983
744.567,572.053,169.190,99.075
734.420,573.584,166.513,98.107
707.781,571.260,166.842,98.202
692.275,578.324,164.017,97.099
669.623,574.269,167.507,98.457
641.449,573.852,169.584,99.728
633.304,575.106,166.433,98.320
648.149,569.430,169.411,99.131
664.696,570.942,161.555,95.129
669.066,570.230,166.384,97.489
676.329,569.497,167.216,97.946
676.926,574.704,164.025,96.636
683.883,575.624,163.695,96.143
681.646,575.077,165.559,97.219
667.105,574.473,164.057,96.626
641.408,569.849,170.049,99.741
622.968,570.289,166.771,98.630
601.913,572.584,161.742,95.774
597.802,570.674,171.053,100.448
613.854,570.695,169.130,99.276
616.980,568.197,177.013,103.558
641.349,575.479,159.580,94.642
638.277,570.617,165.916,97.050
645.487,573.234,162.251,95.638
652.567,574.709,163.362,96.012
649.575,570.997,170.182,99.947
656.238,575.108,166.391,98.413
667.173,575.271,165.214,97.369
663.545,575.277,168.021,98.917
676.821,577.094,161.488,95.366
672.934,576.470,172.784,101.160
677.238,574.548,173.357,101.800
681.799,578.742,167.241,98.965
675.450,577.788,171.829,101.166
650.745,578.090,167.629,99.411
631.080,579.321,165.551,98.088
606.378,578.082,166.556,98.502
588.487,582.195,163.853,96.977
569.761,581.648,167.515,98.756
571.449,580.591,170.874,100.666
586.389,577.237,174.525,102.234
592.624,583.584,167.083,98.597
603.397,579.961,177.106,103.873
605.686,582.805,169.783,100.564
611.611,585.030,171.486,100.963
612.559,582.852,174.309,102.410
620.054,584.265,170.718,100.540
625.332,587.103,167.744,99.021
629.482,583.504,175.677,103.144
624.878,585.178,177.387,104.361
634.410,584.636,181.905,106.721
639.063,585.362,178.003,104.983
643.007,579.670,182.186,106.870
649.602,586.676,169.255,100.370
661.661,586.373,169.802,99.607
660.232,588.155,163.976,96.683
674.597,590.100,164.801,96.633
674.022,592.456,163.754,96.380
680.546,589.771,170.651,99.947
677.634,592.574,167.450,98.739
690.873,592.404,166.398,97.749
689.143,592.054,166.423,97.768
697.157,595.937,164.627,96.990
703.385,595.405,169.479,99.460
699.506,595.091,178.773,105.071
705.048,597.891,180.110,105.894
709.069,597.553,178.930,105.144
719.814,598.988,173.879,102.461
721.746,598.708,176.447,103.639
729.120,600.883,177.619,104.813
739.321,602.645,165.738,97.787
741.931,604.072,164.782,96.860
748.913,602.109,164.370,96.526
753.990,604.532,165.645,97.226
757.053,602.076,171.179,100.391
764.725,605.436,168.838,99.544
774.383,604.623,170.492,100.175
782.050,604.244,168.011,98.775
781.167,603.732,167.181,98.071
762.411,606.230,164.415,97.073
737.902,601.187,171.098,100.548
722.239,604.597,167.978,99.065
726.655,604.785,165.640,97.427
747.580,604.962,162.129,95.259
753.716,607.035,163.334,95.816
760.927,605.868,169.120,99.048
767.534,600.338,177.990,104.043
770.612,607.302,168.970,99.689
787.503,608.833,167.262,98.362
782.442,610.914,171.576,100.782
782.094,604.334,191.226,111.667
788.493,607.363,184.956,109.277
795.027,608.983,180.803,106.412
808.038,607.718,175.305,103.070
807.487,610.790,168.434,99.056
794.328,610.148,169.102,99.477
774.164,613.924,166.915,98.223
753.985,611.502,176.302,103.199
730.719,613.365,173.505,102.021
707.091,613.247,178.531,104.586
684.348,607.214,186.320,108.713
680.209,608.055,184.823,108.330
709.445,613.844,177.366,104.227
706.328,614.465,181.531,106.169
719.311,611.082,183.178,107.348
727.791,612.887,178.041,104.509
743.597,611.307,175.452,102.699
752.253,612.472,167.195,98.127
764.779,611.808,173.463,101.605
769.029,611.371,167.261,98.221
769.251,613.182,175.055,102.536
780.134,612.638,177.440,104.116
785.397,611.281,177.741,104.024
790.977,611.820,173.592,101.962
808.656,615.637,168.195,98.844
807.338,617.125,167.285,98.054
820.555,619.087,168.265,98.783
816.445,617.725,176.179,103.183
817.016,615.625,186.383,109.028
810.174,618.463,195.914,115.193
822.805,619.491,191.452,112.565
825.395,622.749,188.125,110.787
836.446,624.266,184.217,108.584
844.107,621.248,193.404,113.577
847.215,620.685,175.985,103.931
854.413,624.371,183.783,108.177
848.020,619.290,199.381,116.438
845.299,622.288,197.218,116.037
852.505,628.112,198.042,116.851
865.883,624.621,187.118,110.273
865.126,627.605,192.328,112.844
860.701,632.402,200.735,118.107
841.821,634.299,202.285,118.360
825.174,636.151,192.916,113.398
807.651,640.972,177.096,104.741
789.547,634.678,179.112,104.942
786.925,633.600,174.364,102.373
800.194,634.845,173.909,102.254
797.863,637.666,176.761,103.482
814.929,638.505,168.088,98.856
811.477,639.867,171.337,100.166
813.724,639.056,180.189,105.604
809.212,642.976,183.624,107.618
805.691,641.193,192.620,112.741
817.388,648.078,179.426,105.864
810.607,644.916,192.914,112.855
802.491,642.677,198.433,116.248
807.516,644.335,198.331,116.133
805.423,648.832,199.193,116.871
821.012,650.726,194.627,113.988
812.244,649.473,197.180,114.930
809.647,656.593,197.583,115.626
805.943,652.755,205.905,119.645
818.446,640.917,195.670,114.340
836.193,633.158,182.475,106.962
840.355,613.000,181.919,106.418
842.934,601.566,178.944,104.641
842.371,593.501,170.341,100.050
845.428,588.236,169.246,98.861
839.996,583.181,177.932,103.706
842.446,586.052,173.788,102.008
841.784,585.522,177.014,103.502
851.628,586.902,166.303,97.624
848.872,585.721,171.795,100.192
855.539,591.677,169.133,99.273
840.105,588.769,187.142,108.981
841.211,598.450,195.494,114.273
834.123,587.391,191.286,111.572
844.401,589.299,184.715,108.184
840.788,593.737,195.003,114.081
841.115,597.119,196.220,114.914
850.047,595.299,191.175,112.174
856.264,594.355,180.135,105.593
852.149,597.201,184.244,107.701
845.785,608.775,198.992,115.751
834.107,620.361,210.541,122.713
826.588,623.937,234.203,136.237
755.460,613.681,286.665,164.292
575.119,526.329,411.285,229.691
324.785,438.435,531.159,301.053
109.881,419.392,737.640,417.942
-22.248,340.557,1021.051,579.661
-202.086,309.674,1445.577,816.915
-497.151,311.555,1920.000,1080.000
-558.426,468.912,1920.000,1080.000
-251.407,283.101,1920.000,1080.000
-180.906,166.659,1920.000,1080.000
-480.919,356.480,1920.000,1080.000
-741.567,540.000,1920.000,1080.000
-548.185,442.535,1920.000,1080.000
-284.105,284.987,1920.000,1080.000
-362.127,348.251,1920.000,1080.000
-716.075,540.000,1920.000,1080.000
-468.729,391.905,1920.000,1080.000
-483.441,432.632,1920.000,1080.000
-287.819,342.757,1920.000,1080.000
-513.366,456.693,1920.000,1080.000
-435.985,443.883,1920.000,1080.000
-474.667,479.516,1920.000,1080.000
-334.078,297.596,1920.000,1080.000
-337.863,312.454,1920.000,1080.000
-323.915,341.995,1920.000,1080.000
-676.233,534.764,1920.000,1080.000
-409.403,359.607,1920.000,1080.000
-729.172,540.000,1920.000,1080.000
-346.930,336.483,1920.000,1080.000
-623.563,539.115,1920.000,1080.000
-561.008,504.659,1920.000,1080.000
-228.672,308.909,1920.000,1080.000
-403.513,447.833,1920.000,1080.000
-475.347,435.423,1920.000,1080.000
-381.264,286.496,1920.000,1080.000
-418.820,340.037,1920.000,1080.000
-535.068,435.368,1920.000,1080.000
-517.529,480.524,1920.000,1080.000
-306.958,287.118,1920.000,1080.000
-235.569,249.101,1920.000,1080.000
-348.064,431.289,1920.000,1080.000
-556.442,540.000,1920.000,1080.000
-355.389,465.539,1920.000,1080.000
-566.049,539.634,1920.000,1080.000
-393.827,426.870,1920.000,1080.000
-524.958,495.533,1920.000,1080.000
-582.438,540.000,1920.000,1080.000
-594.252,540.000,1920.000,1080.000
-492.141,491.772,1920.000,1080.000
-441.911,453.358,1920.000,1080.000
-449.434,404.267,1920.000,1080.000
-599.423,514.662,1920.000,1080.000
-590.118,540.000,1920.000,1080.000
-700.603,540.000,1920.000,1080.000
-625.677,540.000,1920.000,1080.000
-610.602,540.000,1920.000,1080.000
-556.019,540.000,1920.000,1080.000
-329.862,423.254,1920.000,1080.000
-410.803,433.910,1920.000,1080.000
-422.711,421.427,1920.000,1080.000
-455.617,410.210,1920.000,1080.000
-386.995,384.150,1920.000,1080.000
-661.095,461.548,1920.000,1080.000
-566.165,352.293,1920.000,1080.000
-759.347,540.000,1920.000,1080.000
-572.491,445.720,1920.000,1080.000
-613.362,470.732,1920.000,1080.000
-823.317,540.000,1920.000,1080.000
-925.108,540.000,1920.000,1080.000
-627.465,402.142,1920.000,1080.000
-690.021,513.126,1920.000,1080.000
-370.478,355.752,1920.000,1080.000
-705.395,540.000,1920.000,1080.000
-708.807,536.278,1920.000,1080.000
-648.862,454.414,1920.000,1080.000
-840.950,540.000,1920.000,1080.000
-649.265,501.988,1920.000,1080.000
-697.079,540.000,1920.000,1080.000
-581.540,516.608,1920.000,1080.000
-657.253,517.376,1920.000,1080.000
-917.189,540.000,1920.000,1080.000
-615.963,441.487,1920.000,1080.000
-927.357,540.000,1920.000,1080.000
-700.355,458.484,1920.000,1080.000
-777.272,516.880,1920.000,1080.000
-530.779,413.250,1920.000,1080.000
-730.413,540.000,1920.000,1080.000
-764.782,540.000,1920.000,1080.000
-722.571,540.000,1920.000,1080.000
-743.031,540.000,1920.000,1080.000
-795.967,540.000,1920.000,1080.000
-738.748,540.000,1920.000,1080.000
-648.366,465.821,1920.000,1080.000
-577.386,430.338,1920.000,1080.000
-596.228,439.875,1920.000,1080.000
-509.023,351.970,1920.000,1080.000
-530.348,337.714,1920.000,1080.000
-536.984,422.349,1920.000,1080.000
-540.413,435.796,1920.000,1080.000
-586.570,517.184,1920.000,1080.000
-649.544,453.753,1920.000,1080.000
-673.750,464.348,1920.000,1080.000
-625.536,469.060,1920.000,1080.000
-798.212,540.000,1920.000,1080.000
-902.533,540.000,1920.000,1080.000
-785.736,510.988,1920.000,1080.000
-692.559,454.922,1920.000,1080.000
-672.320,513.025,1920.000,1080.000
-710.824,522.621,1920.000,1080.000
-777.352,540.000,1920.000,1080.000
-494.582,346.376,1920.000,1080.000
-735.905,492.190,1920.000,1080.000
-928.605,540.000,1920.000,1080.000
-522.364,274.227,1920.000,1080.000
-540.664,347.083,1920.000,1080.000
-826.093,540.000,1920.000,1080.000
-611.146,388.007,1920.000,1080.000
-760.180,517.113,1920.000,1080.000
-777.562,539.429,1920.000,1080.000
-782.804,531.112,1920.000,1080.000
-793.710,499.370,1920.000,1080.000
-960.000,540.000,1920.000,1080.000
-362.129,91.474,1920.000,1080.000
-576.141,347.573,1920.000,1080.000
-661.688,451.027,1920.000,1080.000
-748.419,534.687,1920.000,1080.000
-588.510,439.371,1920.000,1080.000
-736.516,492.634,1920.000,1080.000
-705.573,462.613,1920.000,1080.000
-764.046,539.530,1920.000,1080.000
-590.787,381.216,1920.000,1080.000
-701.457,477.390,1920.000,1080.000
-713.834,520.309,1920.000,1080.000
-580.881,314.019,1920.000,1080.000
-372.512,251.366,1920.000,1080.000
-397.053,300.029,1920.000,1080.000
-350.119,310.316,1920.000,1080.000
-561.629,472.407,1920.000,1080.000
-470.674,382.982,1920.000,1080.000
-352.940,214.029,1920.000,1080.000
-575.468,349.286,1920.000,1080.000
-567.870,381.741,1920.000,1080.000
-782.365,528.598,1920.000,1080.000
-544.392,367.641,1920.000,1080.000
-682.883,454.866,1920.000,1080.000
-610.648,492.016,1920.000,1080.000
-505.333,369.132,1920.000,1080.000
-276.442,227.454,1920.000,1080.000
-575.809,424.898,1920.000,1080.000
-703.114,512.175,1920.000,1080.000
-913.825,540.000,1920.000,1080.000
-371.695,134.607,1920.000,1080.000
-240.472,125.811,1920.000,1080.000
-607.569,434.530,1920.000,1080.000
-307.649,234.020,1920.000,1080.000
-371.887,216.289,1920.000,1080.000
-347.329,238.530,1920.000,1080.000
-479.126,346.068,1920.000,1080.000
-429.058,325.586,1920.000,1080.000
-470.927,393.543,1920.000,1080.000
-472.604,300.324,1920.000,1080.000
-459.953,303.297,1920.000,1080.000
-417.217,262.134,1920.000,1080.000
-428.596,276.767,1920.000,1080.000
-441.368,331.235,1920.000,1080.000
-363.967,282.307,1920.000,1080.000
-391.886,300.400,1920.000,1080.000
-317.554,249.242,1920.000,1080.000
-529.477,402.053,1920.000,1080.000
-612.906,433.583,1920.000,1080.000
-485.326,295.067,1920.000,1080.000
-298.772,217.036,1920.000,1080.000
-645.501,463.842,1920.000,1080.000
-801.724,540.000,1920.000,1080.000
-710.094,473.576,1920.000,1080.000
-781.538,540.000,1920.000,1080.000
-577.879,412.883,1920.000,1080.000
-846.869,540.000,1920.000,1080.000
-439.046,256.405,1920.000,1080.000
-630.518,423.525,1920.000,1080.000
-537.351,393.787,1920.000,1080.000
-590.473,412.368,1920.000,1080.000
-793.623,525.424,1920.000,1080.000
-602.188,379.014,1920.000,1080.000
-428.711,308.131,1920.000,1080.000
-382.775,311.202,1920.000,1080.000
-341.162,224.615,1920.000,1080.000
-524.763,369.646,1920.000,1080.000
-728.735,479.081,1920.000,1080.000
-540.013,349.060,1920.000,1080.000
-570.843,446.267,1920.000,1080.000
-847.008,540.000,1920.000,1080.000
-439.329,228.489,1920.000,1080.000
-461.764,286.502,1920.000,1080.000
-454.208,304.114,1920.000,1080.000
-528.233,366.565,1920.000,1080.000
-810.450,540.000,1920.000,1080.000
-755.755,489.969,1920.000,1080.000
-948.268,540.000,1920.000,1080.000
-458.747,204.122,1920.000,1080.000
-396.055,152.228,1920.000,1080.000
-735.734,406.910,1920.000,1080.000
-427.188,272.899,1920.000,1080.000
-657.135,466.205,1920.000,1080.000
-729.491,540.000,1920.000,1080.000
-476.120,313.554,1920.000,1080.000
-637.284,403.874,1920.000,1080.000
-755.251,496.694,1920.000,1080.000
-900.802,540.000,1920.000,1080.000
-569.052,318.172,1920.000,1080.000
-382.522,232.307,1920.000,1080.000
-659.676,450.253,1920.000,1080.000
-708.661,504.542,1920.000,1080.000
-874.161,540.000,1920.000,1080.000
-867.324,499.861,1920.000,1080.000
-860.828,521.760,1920.000,1080.000
-871.520,532.368,1920.000,1080.000
-791.659,449.249,1920.000,1080.000
-842.299,540.000,1920.000,1080.000
-322.363,162.511,1920.000,1080.000
-641.456,432.191,1920.000,1080.000
-829.001,532.723,1920.000,1080.000
-517.997,244.447,1920.000,1080.000
-644.772,365.955,1920.000,1080.000
-960.000,540.000,1920.000,1080.000
-379.442,183.354,1920.000,1080.000
-461.415,242.431,1920.000,1080.000
-721.094,467.704,1920.000,1080.000
-769.087,480.648,1920.000,1080.000
-869.061,515.609,1920.000,1080.000
-960.000,540.000,1920.000,1080.000
-315.526,99.192,1920.000,1080.000
-658.996,429.655,1920.000,1080.000
-728.133,495.689,1920.000,1080.000
-450.531,299.242,1920.000,1080.000
-469.736,284.430,1920.000,1080.000
-625.908,385.883,1920.000,1080.000
-839.132,540.000,1920.000,1080.000
-393.900,240.545,1920.000,1080.000
-608.439,398.544,1920.000,1080.000
-550.372,406.055,1920.000,1080.000
-582.345,416.941,1920.000,1080.000
-865.171,540.000,1920.000,1080.000
-664.802,393.018,1920.000,1080.000
-754.872,464.216,1920.000,1080.000
-960.000,540.000,1920.000,1080.000
-358.851,135.405,1920.000,1080.000
-747.522,423.780,1920.000,1080.000
-662.712,484.264,1920.000,1080.000
-728.740,537.387,1920.000,1080.000
-403.971,214.330,1920.000,1080.000
-819.392,523.113,1920.000,1080.000
-960.000,540.000,1920.000,1080.000
-417.385,209.329,1920.000,1080.000
-638.528,414.686,1920.000,1080.000
-841.716,540.000,1920.000,1080.000
-367.419,193.354,1920.000,1080.000
-320.856,215.372,1920.000,1080.000
-576.146,400.548,1920.000,1080.000
-903.644,540.000,1920.000,1080.000
-727.487,361.263,1920.000,1080.000
-960.000,540.000,1920.000,1080.000
-511.588,169.929,1920.000,1080.000
-667.154,384.437,1920.000,1080.000
-648.803,447.399,1920.000,1080.000
-892.906,540.000,1920.000,1080.000
-960.000,540.000,1920.000,1080.000
-572.228,216.756,1920.000,1080.000
-747.579,482.926,1920.000,1080.000
-835.775,540.000,1920.000,1080.000
-944.834,540.000,1920.000,1080.000
-709.210,297.026,1920.000,1080.000
-743.839,538.633,1920.000,1080.000
-834.530,540.000,1920.000,1080.000
-960.000,540.000,1920.000,1080.000
-476.232,150.697,1920.000,1080.000
-814.315,405.611,1920.000,1080.000
-960.000,540.000,1920.000,1080.000
-474.387,139.062,1920.000,1080.000
-744.404,371.640,1920.000,1080.000
-831.243,518.491,1920.000,1080.000
-960.000,540.000,1920.000,1080.000
-512.871,154.685,1920.000,1080.000
-720.383,376.714,1920.000,1080.000
-867.369,535.951,1920.000,1080.000
-912.249,530.073,1920.000,1080.000
-790.923,503.614,1920.000,1080.000
-927.520,540.000,1920.000,1080.000
-919.409,489.646,1920.000,1080.000
-853.448,540.000,1920.000,1080.000
-564.992,279.140,1920.000,1080.000
-487.762,346.850,1920.000,1080.000
-771.431,499.730,1920.000,1080.000
-876.720,540.000,1920.000,1080.000
-801.389,468.826,1920.000,1080.000
-952.774,540.000,1920.000,1080.000
-646.220,310.785,1920.000,1080.000
-640.979,444.238,1920.000,1080.000
-674.032,494.892,1920.000,1080.000
-698.308,530.339,1920.000,1080.000
-882.401,540.000,1920.000,1080.000
-826.228,540.000,1920.000,1080.000
-882.989,540.000,1920.000,1080.000
-738.026,478.443,1920.000,1080.000
-674.591,436.377,1920.000,1080.000
-488.334,386.148,1920.000,1080.000
-658.052,502.052,1920.000,1080.000
-793.021,540.000,1920.000,1080.000
-771.486,486.945,1920.000,1080.000
-712.816,436.701,1920.000,1080.000
-720.032,540.000,1920.000,1080.000
-706.879,540.000,1920.000,1080.000
-939.035,540.000,1920.000,1080.000
-875.754,540.000,1920.000,1080.000
-911.632,540.000,1920.000,1080.000
-802.212,540.000,1920.000,1080.000
-615.199,442.602,1920.000,1080.000
-521.980,380.820,1920.000,1080.000
-672.424,489.046,1920.000,1080.000
-517.167,358.804,1920.000,1080.000
-624.955,457.293,1920.000,1080.000
-695.531,540.000,1920.000,1080.000
-553.670,436.144,1920.000,1080.000
-253.202,255.012,1920.000,1080.000
-247.071,260.642,1920.000,1080.000
-204.824,229.889,1920.000,1080.000
-260.624,319.345,1920.000,1080.000
-213.028,167.380,1920.000,1080.000
-342.146,229.993,1920.000,1080.000
-115.179,245.667,1920.000,1080.000
-183.657,235.173,1920.000,1080.000
-170.116,188.216,1920.000,1080.000
-230.419,140.989,1920.000,1080.000
-312.269,256.127,1920.000,1080.000
-260.619,237.617,1920.000,1080.000
-261.245,261.199,1920.000,1080.000
-212.469,162.462,1920.000,1080.000
-253.819,184.263,1920.000,1080.000
-196.013,211.671,1920.000,1080.000
-253.158,315.110,1920.000,1080.000
-233.485,258.123,1920.000,1080.000
-292.270,264.886,1920.000,1080.000
-280.352,286.074,1920.000,1080.000
-348.877,303.804,1920.000,1080.000
-295.520,301.193,1920.000,1080.000
-278.733,304.572,1920.000,1080.000
-240.426,248.284,1920.000,1080.000
-156.106,253.411,1920.000,1080.000
-225.009,267.383,1920.000,1080.000
-197.520,204.673,1920.000,1080.000
-278.006,246.239,1920.000,1080.000
-275.012,318.618,1920.000,1080.000
-303.485,257.827,1920.000,1080.000
-262.298,248.553,1920.000,1080.000
-223.181,211.524,1920.000,1080.000
-261.998,266.518,1920.000,1080.000
-185.600,216.150,1920.000,1080.000
-298.155,423.579,1920.000,1080.000
-244.762,352.272,1920.000,1080.000
-297.501,368.741,1920.000,1080.000
-222.409,380.668,1920.000,1080.000
-442.428,485.464,1920.000,1080.000
-153.466,225.339,1920.000,1080.000
-224.758,326.103,1920.000,1080.000
-429.351,456.594,1920.000,1080.000
-467.813,439.699,1920.000,1080.000
-363.948,324.973,1920.000,1080.000
-205.652,298.716,1920.000,1080.000
-255.774,284.535,1920.000,1080.000
-133.462,217.133,1920.000,1080.000
-178.814,296.334,1920.000,1080.000
-422.474,420.909,1920.000,1080.000
-272.497,339.762,1920.000,1080.000
-412.958,465.520,1920.000,1080.000
-480.819,378.270,1920.000,1080.000
-154.777,400.667,1920.000,1080.000
-165.535,280.703,1920.000,1080.000
-334.496,347.523,1920.000,1080.000
-346.899,286.273,1920.000,1080.000
-163.876,236.679,1920.000,1080.000
-374.098,303.978,1920.000,1080.000
-222.824,263.958,1920.000,1080.000
-360.616,280.998,1920.000,1080.000
-201.266,186.503,1920.000,1080.000
-459.412,334.151,1920.000,1080.000
-440.490,354.774,1920.000,1080.000
-80.449,255.521,1920.000,1080.000
-314.063,283.148,1920.000,1080.000
-305.850,232.340,1920.000,1080.000
-190.929,208.100,1920.000,1080.000
-628.454,456.336,1920.000,1080.000
-207.246,354.519,1920.000,1080.000
-213.582,347.318,1920.000,1080.000
-97.516,236.045,1920.000,1080.000
-245.045,230.733,1920.000,1080.000
-354.076,353.943,1920.000,1080.000
-564.841,472.598,1920.000,1080.000
-266.061,267.976,1920.000,1080.000
-453.051,303.292,1920.000,1080.000
-395.583,290.150,1920.000,1080.000
-728.436,481.418,1920.000,1080.000
-219.363,231.954,1920.000,1080.000
-504.950,362.002,1920.000,1080.000
-456.702,257.310,1920.000,1080.000
-575.282,434.213,1920.000,1080.000
-132.111,211.297,1920.000,1080.000
-484.282,382.608,1920.000,1080.000
-302.437,251.534,1920.000,1080.000
-393.483,292.490,1920.000,1080.000
