0.09425855
0.10978317
0.09425569
0.09414887
0.09414625
0.07846737
0.09415555
0.10982418
0.09423280
0.09415412
0.07863879
0.10982585
0.08063769
0.10014701
0.12561083
0.09415674
0.09425473
0.10974860
0.08525610
0.10983539
0.09435058
0.10977077
0.15705466
0.21949697
0.29820919
0.31381345
0.29829264
0.29821873
0.29823732
0.29825783
0.31375718
0.31393766
0.29779482
0.32949948
0.31421614
0.29820704
0.31322074
0.29808092
0.32141280
0.29806232
0.31375909
0.29820061
0.29820919
0.31394744
0.31380916
0.29836774
0.32933640
0.30869484
0.31387377
0.31320405
0.31370783
0.29821110
0.30033064
0.29839468
0.31380463
0.31375313
0.29820776
0.31476760
0.29820895
0.31331086
0.29837108
0.29820490
0.31787133
0.31394839
0.29807305
0.32939482
0.30066800
0.31383109
0.29818559
0.31391215
0.31741452
0.29771519
0.31374645
0.29809022
0.29821658
0.31329632
0.32988667
0.29813862
0.29840350
0.31322527
0.31431389
0.29811358
0.31378579
0.32908034
0.30783749
0.29813385
0.31379986
0.31389689
0.30724955
0.31381965
0.29831910
0.31380439
0.30728149
0.29812336
0.31405711
0.29754972
0.30687261
0.31384134
0.29825497
0.29793477
0.29822826
0.31394386
0.31371999
0.29819489
0.31379676
0.32990694
0.31381989
0.29818296
0.31374955
0.31027508
0.29832149
0.31366396
0.31406045
0.29825211
0.31372809
0.29775953
0.29851913
0.31377125
0.29807210
0.29771709
0.29819489
0.30068970
0.29807305
0.31388378
0.29767489
0.29826450
0.30572534
0.31404281
0.29805279
0.31366229
0.29817748
0.29812813
0.31321907
0.32938290
0.30920863
0.31382704
0.29766870
0.29822850
0.29984045
0.32941842
0.31397462
0.29824305
0.29814315
0.31377292
0.29828954
0.31378818
0.29805565
0.31318140
0.29829073
0.29928446
0.29804945
0.29829550
0.29838490
0.31387138
0.31218123
0.31397867
0.29807067
0.31325912
0.30373859
0.31390858
0.31400847
0.29777527
0.31369591
0.29835606
0.31378412
0.29813290
0.31399274
0.30021930
0.29806018
0.31377435
0.29828191
0.31379175
0.29830813
0.31381822
0.31394982
0.29776764
0.29821086
0.30529881
0.29813361
0.31404805
0.31387138
0.29765701
0.31370616
0.29826355
0.29828095
0.29833961
0.29826140
0.29979825
0.31384587
0.31380868
0.31377268
0.31380725
0.31364727
0.31334448
0.28560042
0.31384492
0.32927775
0.31399989
0.29765987
0.29819202
0.31386137
0.31375337
0.29826283
0.30062413
0.31389523
0.31380606
0.31363392
0.30062151
0.31331396
0.29834151
0.29811168
0.31401443
0.30066824
0.31374979
0.29833484
0.29809809
0.31398129
0.30067778
0.31381392
0.29839945
0.31380320
0.29817176
0.30073142
0.32933569
0.29811835
0.31395721
0.29766250
0.31386709
0.31376386
0.31391692
0.31064749
0.31394553
0.31370735
0.31378007
0.29756880
0.29812121
0.29827261
0.31387830
0.31362629
0.29823589
0.30091524
0.31374002
0.29816318
0.32965636
0.29776335
0.31168866
0.29825306
0.29828858
0.31329942
0.31395030
0.29828596
0.29823852
0.31374764
0.29814720
0.32191896
0.31379914
0.31380749
0.33553243
0.31386638
0.31385016
0.31375122
0.30985928
0.29825091
0.29811287
0.32938194
0.30076122
0.31366301
0.29808283
0.29814744
0.31369019
0.31413889
0.29831815
0.29831696
0.29761982
0.31376934
0.28917456
0.31403637
0.31322670
0.29813170
0.30977798
0.29821634
0.31390524
0.29828596
0.29813552
0.31425738
0.29820442
0.31377602
0.31375432
0.30282092
0.31369305
0.29828238
0.31325936
0.31746101
0.29827881
0.31360984
0.31396031
0.29823637
0.31380033
0.31382489
0.29833555
0.31382418
0.32940698
0.29831719
0.30054951
0.29828191
0.29834270
0.29828000
0.32941294
0.29771471
0.29811502
0.31370878
0.31372094
0.29824996
0.30024266
0.31381941
0.29844856
0.29818058
0.31371212
0.30061817
0.29827738
0.31375170
0.29819536
0.29771972
0.29835391
0.30564809
0.31372905
0.31379247
0.29821730
0.30068159
0.29816222
0.31393123
0.31368160
0.29827619
0.31883621
0.31399035
0.31367660
0.29842043
0.31375527
0.31392574
0.29829931
0.29812384
0.29811001
0.28254104
0.29827881
0.29769349
0.31381941
0.29973412
0.29830194
0.31394029
0.29818010
0.29773283
0.30068994
0.31408620
0.29818058
0.31335235
0.29819870
0.29811740
0.29817748
0.31328440
0.29824519
0.29834461
0.30765057
0.29766417
0.29809594
0.29810047
0.32952261
0.29816246
0.31391644
0.29819250
0.32930827
0.31329727
0.31391287
0.29822564
0.29829836
0.30358934
0.31327462
0.29824877
0.29807806
0.31369853
0.29829359
0.31394100
0.31364655
0.31369615
0.29883575
0.29805517
0.29762101
0.29814625
0.31374574
0.29829907
0.32679319
0.31398702
0.29805660
0.29806924
0.31114364
0.29818153
0.31381345
0.31370354
0.30069351
0.29820347
0.31380892
0.31361151
0.31983614
0.31370926
0.31369543
0.29827237
0.32045555
0.31385684
0.29806781
0.29812503
0.31367397
0.30726695
0.29755282
0.29810739
0.31381011
0.29828715
0.30373454
0.32896638
0.29807043
0.29813170
0.30259967
0.29806709
0.29823041
0.31319690
0.32849646
0.31368661
0.29834318
0.29784274
0.29826808
0.31382918
0.31741071
0.31327105
0.29807758
0.31377721
0.31389093
0.29817343
0.29815650
0.31331992
0.29812837
0.34555817
0.29811168
0.29772377
0.29831314
0.32170916
0.31386828
0.29769492
0.31372356
0.29830050
0.30628848
0.31389785
0.31373978
0.32983398
0.31375360
0.29829335
0.29769230
0.32233334
0.31376052
0.29826140
0.31339240
0.32982588
0.29819393
0.31380534
0.31369352
0.30023122
0.31410623
0.29815459
0.31322217
0.30726457
0.31376028
0.29814196
0.31385374
0.30680752
0.29816318
0.31379557
0.29817796
0.29812527
0.31380081
0.31397057
0.29822016
0.31370187
0.32528663
0.31381869
0.29786253
0.31369138
0.29770088
0.29818797
0.29937267
0.31369185
0.31396532
0.29806185
0.32979083
0.29818392
0.29832625
0.31382203
0.29810119
0.32811403
0.31379175
0.29819775
0.31588888
0.29829311
0.31385207
0.31380153
0.29770017
0.31107259
0.29819989
0.29822755
0.31338787
0.29822350
0.30611038
0.29830313
0.29820132
0.31551981
0.29755569
0.29818225
0.30571651
0.31374216
0.31389260
0.31380725
0.29820633
0.29804087
0.29807043
0.31369090
0.29828572
0.30263281
0.29806018
0.29841733
0.29762530
0.29813623
0.29814529
0.30062079
0.29819465
0.31374836
0.32940793
0.31265640
0.29786539
0.29826331
0.29812694
0.31390119
0.30065441
0.29805827
0.31322742
0.29815483
0.29815006
0.31371236
0.31395864
0.31391788
0.29829645
0.29814529
0.30336165
0.31379533
0.31399536
0.31394243
0.31015110
0.29836345
0.31385112
0.29813981
0.29812860
0.31381345
0.32945418
0.32944036
0.29833078
0.29869413
0.29826307
0.31367064
0.29811502
0.29806781
0.31377387
0.30061698
0.32961273
0.29815745
0.29832554
0.32083392
0.29813957
0.31335425
0.29836822
0.31371117
0.31422138
0.31377029
0.32941151
0.29288507
0.29808664
0.31397939
0.31383085
0.32098269
0.31374979
0.29764056
0.29836941
0.31373906
0.31374907
0.31326699
0.29815340
0.31381106
0.32351160
0.31335545
0.29832864
0.29813743
0.31379318
0.29822302
0.29808474
0.29822397
0.32945704
0.31377482
0.29760599
0.31374288
0.31387186
0.31398869
0.31374598
0.31376100
0.29782391
0.31376815
0.32961392
0.29810572
0.29789424
0.31320882
0.31369114
0.31372905
0.29825687
0.29812098
0.31624556
0.31386733
0.31388330
0.32935309
0.31385040
0.29823422
0.32942724
0.29836297
0.31392598
0.32942843
0.32989955
0.29802513
0.29822540
0.31379008
0.31420875
0.31350899
0.29823065
0.31368995
0.31409740
0.29816866
0.29801965
0.31395698
0.31384587
0.29881835
0.31369400
0.29753494
0.29826045
0.29819536
0.30217218
0.29797626
0.31401443
0.29815364
0.31372762
0.30967164
0.29805827
0.31331110
0.29811335
0.29824686
0.32222676
0.29766798
0.29817796
0.29821968
0.31371951
0.30380368
0.29807639
0.29825544
0.31389737
0.29775047
0.30161047
0.31380939
0.29819345
0.31376505
0.29808569
0.29979420
0.29823494
0.31369472
0.29812956
0.31335735
0.31114006
0.31378317
0.31380105
0.29769278
0.32743144
0.31382060
0.31372261
0.30075216
0.31382751
0.31380153
0.31374693
0.30056334
0.31332278
0.31399965
0.31382942
0.30076432
0.31395173
0.31382418
0.29822898
0.33008838
0.29757905
0.29807496
0.32939386
0.31250000
0.29803109
0.31374955
0.29785061
0.29816508
0.29809165
0.31394291
0.29780507
0.29829240
0.29822254
0.31400371
0.29821825
0.29813457
0.31378484
0.29816723
0.29821205
0.31378984
0.29852223
0.29825640
0.29778838
0.30189061
0.29806066
0.29817557
0.29762268
0.31400132
0.29807472
0.31255674
0.29815555
0.29821086
0.29823732
0.33002329
0.29827738
0.31393623
0.29826474
0.29824209
0.31012392
0.32935452
0.29807353
0.31386447
0.29823351
0.29810810
0.31324530
0.29830027
0.29813147
0.30611014
0.29815054
0.29780078
0.29818463
0.31368208
0.31439137
0.29753828
0.29812813
0.31381845
0.29827809
0.31452584
0.31370711
0.32945704
0.29819322
0.31380534
0.29844761
0.31381989
0.29829431
0.30031824
0.29828238
0.31386232
0.29823685
0.31378579
0.30037928
0.29833508
0.31377077
0.31385159
0.31630015
0.29813004
0.29814219
0.29830337
0.31397390
0.31973362
0.29831529
0.31376553
0.31390285
0.32976222
0.29815030
0.29825377
0.31368804
0.31380916
0.29839993
0.29827476
0.29806876
0.29818416
0.29826474
0.29815292
0.31382465
0.31379390
0.31397104
0.30063963
0.31383872
0.31374788
0.29830599
0.30062795
0.31388378
0.29829931
0.29816604
0.29780102
0.29823756
0.31376529
0.29818869
0.31375599
0.29813766
0.29841590
0.32885098
0.32953930
0.31390738
0.29824448
0.29823923
0.29807854
0.29830003
0.29829812
0.34496331
0.29816985
0.30279040
0.31370020
0.31374812
0.31392121
0.29825354
0.29761958
0.29823637
0.31374168
0.30271554
0.29807401
0.29818630
0.31337786
0.31380773
0.29919529
0.29827929
0.31323528
0.29807019
0.31388068
0.32840610
0.32944798
0.29827356
0.29979825
0.31375241
0.31390429
0.29812074
0.31625557
0.31385469
0.31383181
0.31371522
0.30074501
0.31381631
0.29823279
0.29818249
0.31371856
0.31370378
0.29824829
0.31381536
0.31377411
0.31390476
0.29819655
0.29832792
0.31322503
0.31394696
0.31376719
0.31375742
0.30059958
0.31375408
0.29822803
0.29822850
0.29829526
0.31932354
0.29830050
0.31392312
0.31326246
0.29819775
0.30878925
0.29818201
0.31319261
0.31912208
0.29825473
0.29814291
0.31371236
0.29820013
0.29822922
0.30732775
0.29781175
0.28249288
0.29813147
0.31429076
0.31346273
0.31375742
0.29817057
0.29813385
0.31409264
0.32958126
0.31369591
0.29830170
0.29770803
0.31385517
0.29817009
0.29806328
0.29780245
0.32892966
0.29835486
0.29814124
0.31367660
0.31394053
0.29801059
0.29823351
0.29807687
0.31392670
0.31380677
0.31380081
0.29811001
0.29816890
0.30040979
0.29811096
0.31393576
0.29820347
0.31593275
0.31371307
0.29808164
0.29828811
0.29756999
0.31129217
0.29816389
0.31416011
0.31373858
0.31107497
0.29830313
0.29804873
0.29810929
0.31334901
0.32951427
0.31369948
0.31376576
0.29818439
0.29821730
0.31376886
0.29812002
0.31385756
0.31382775
0.31346798
0.31386042
0.31432056
0.31369305
0.32886004
0.29823923
0.31388474
0.31385469
0.31676745
0.31388688
0.32938480
0.31631923
0.31377554
0.29813790
0.31385088
0.31386042
0.29817176
0.31342316
0.29811716
0.29806185
0.31223059
0.31389594
0.29829121
0.31367230
0.30040479
0.31385469
0.31368232
0.31366062
0.30029202
0.31386042
0.31377983
0.29817462
0.31370234
0.29816532
0.31380486
0.31330848
0.31880760
0.31375551
0.29802632
0.31372380
0.31927252
0.29830098
0.32952619
0.29820943
0.31009030
0.31380916
0.29828334
0.29817533
0.32088637
0.29825687
0.31393218
0.29803681
0.29818773
0.31383157
0.31370568
0.29824448
0.31381035
0.29813981
0.31422257
0.29822159
0.31348109
