0.09426498
0.10977602
0.07853627
0.09415650
0.10013747
0.09574842
0.09415746
0.10980844
0.10977769
0.10987902
0.07757425
0.08714151
0.07812595
0.10019898
0.07799482
0.09413934
0.07850432
0.09414649
0.07851934
0.09426188
0.10984039
0.09426928
0.09423041
0.09421349
0.09374547
0.08769393
0.10934973
0.09420538
0.09420609
0.09418154
0.09408164
0.10990858
0.08863354
0.09575105
0.09414554
0.10976648
0.07857537
0.10983062
0.09373975
0.10977888
0.09688187
0.09414983
0.07846761
0.10976648
0.07851768
0.09416413
0.09415054
0.09423614
0.09419894
0.09415913
0.09367514
0.07812619
0.10989738
0.07851267
0.09421086
0.09408188
0.09413195
0.10989690
0.07867146
0.09410334
0.09415698
0.07851791
0.12600350
0.07850194
0.09414530
0.12547517
0.09407163
0.09415150
0.07859612
0.09430146
0.07859087
0.08068776
0.09014177
0.09375119
0.09413624
0.09414077
0.07857299
0.07852530
0.09421301
0.09415078
0.09421039
0.09421802
0.09415579
0.07852101
0.09422159
0.08363771
0.09313869
0.10977459
0.09415555
0.09416723
0.09364319
0.09414673
0.07856750
0.09420538
0.10976267
0.07812667
0.08866501
0.10976791
0.09412742
0.07851791
0.10988450
0.09421992
0.09428644
0.09415817
0.09415770
0.07551122
0.08513737
0.09375000
0.09413862
0.09413767
0.09414983
0.07857490
0.09420657
0.10982156
0.07866240
0.09415603
0.10972714
0.07860446
0.08523750
0.10977268
0.09422803
0.10968781
0.09433341
0.10972261
0.10027051
0.09426188
0.09414172
0.09433627
0.12538290
0.07851815
0.09420395
0.09420419
0.12700915
0.08563495
0.09420943
0.09418392
0.07850862
0.10990071
0.09413457
0.09420443
0.09414721
0.12597513
0.09416199
0.09420657
0.10986662
0.07853365
0.10977292
0.10973048
0.07812190
0.10020518
0.10976410
0.09412670
0.07851100
0.09414554
0.10998964
0.09416771
0.09419751
0.10277271
0.10982347
0.10971522
0.10930181
0.08764005
0.09675670
0.09414935
0.07850957
0.09414458
0.07853127
0.09413505
0.07852626
0.09434676
0.09414220
0.09414864
0.07858777
0.09417820
0.09418297
0.11841989
0.07862115
0.09412718
0.09427452
0.09413838
0.09413648
0.07851315
0.10976005
0.07856584
0.09370542
0.09410620
0.09735823
0.08713436
0.09413505
0.09432364
0.09430122
0.09414792
0.10984421
0.07860398
0.09425473
0.07864308
0.10926843
0.09420180
0.09627008
0.09430218
0.09429598
0.09414792
0.09414005
0.07869887
0.10976863
0.10975504
0.09409928
0.08464217
0.07812834
0.10365224
0.10988641
0.09420085
0.09415150
0.09419370
0.07858253
0.09415245
0.10984969
0.07812762
0.10015059
0.09369588
0.09408784
0.10987949
0.07856297
0.09413528
0.07870317
0.10988116
0.09420371
0.07751751
0.10019898
0.09724832
0.09414554
0.09364390
0.09409308
0.09413052
0.07852721
0.09415269
0.09429073
0.10986209
0.10032439
0.07853174
0.09421110
0.09415817
0.09420919
0.09410405
0.09414554
0.07859516
0.09423590
0.08564138
0.07812762
0.10015178
0.14102602
0.09412169
0.09414959
0.07853246
0.10975814
0.07800269
0.08768630
0.09375215
0.08714151
0.09414601
0.08361816
0.09415627
0.10983467
0.09411335
0.09414577
0.09413862
0.07864976
0.09421229
0.07852936
0.10027313
0.09426022
0.09407973
0.08057904
0.10859323
0.07796001
0.09414053
0.10980034
0.09413314
0.09415674
0.09926653
0.09414816
0.08012700
0.10977983
0.09414005
0.09416008
0.10982609
0.09413791
0.07853508
0.08120513
0.09113574
0.09432125
0.09412837
0.09426737
0.10984468
0.09415698
0.09421253
0.09414577
0.07851887
0.09420538
0.08867693
0.09375048
0.08613348
0.10992360
0.07851553
0.10996819
0.10932016
0.10977745
0.10977268
0.09418893
0.09415746
0.07859278
0.09432340
0.09411097
0.09421682
0.09421182
0.07853389
0.09409785
0.10976768
0.09419656
0.08162522
0.09415340
0.09363723
0.09416032
0.09426904
0.09426594
0.07859468
0.10969949
0.09411764
0.09415197
0.07651997
0.08618498
0.09782982
0.10982108
0.07811642
0.09413552
0.09427404
0.09434366
0.10983396
0.09413886
0.09414983
0.07859015
0.09415007
0.10287833
0.08162689
0.09431028
0.09368324
0.07852292
0.14109588
0.09415007
0.09263706
0.12533236
0.09413958
0.10993075
0.07853103
0.09421349
0.10014796
0.09414959
0.09412789
0.09414673
0.09415078
0.09420705
0.07857442
0.10977983
0.07866406
0.09408617
0.09427261
0.10031986
0.09414053
0.09422922
0.09414244
0.09425664
0.10976386
0.07873416
0.09409881
0.09433413
0.11029220
0.10991502
0.10987830
0.09428549
0.09414625
0.09414053
0.07853413
0.10026598
0.09420013
0.07846069
0.09409642
0.09432912
0.07850456
0.09409547
0.12539077
0.07851696
0.09434485
0.12579131
0.10989690
0.09422588
0.07850766
0.09421444
0.09412384
0.09429169
0.10931659
0.09416080
0.08112669
0.09413648
0.09414029
0.07857108
0.09422326
0.07850313
0.09413815
0.09419680
0.07850933
0.07854748
0.07801747
0.07812357
0.09675336
0.09421778
0.09414053
0.07855678
0.09414482
0.09429693
0.07858777
0.10979843
0.07853913
0.09413481
0.09419966
0.08773446
0.10982347
0.09417510
0.09429646
0.07853389
0.09426188
0.10981202
0.09415245
0.07812214
0.10014153
0.09426188
0.09420371
0.09414029
0.09425664
0.09409571
0.07858276
0.07852197
0.09414339
0.09415054
0.09415627
0.11428833
0.07844782
0.09412885
0.07850003
0.09427285
0.09419680
0.07852244
0.09413171
0.09413838
0.09408712
0.09413457
0.09426618
0.09414697
0.09415221
0.09475183
0.09420586
0.09434986
0.09419990
0.09421659
0.07877374
0.09407759
0.10975671
0.09414101
0.09421229
0.09417844
0.09415889
0.09414339
0.07851529
0.09427500
0.09413719
0.09419203
0.07851839
0.07853413
0.09415269
0.07857966
0.09420562
0.09422278
0.09415007
0.09364033
0.08458805
0.10991931
0.09415579
0.07852650
0.09413552
0.09414411
0.09420180
0.09421492
0.10978532
0.09379792
0.09415674
0.09413767
0.09419608
0.10975790
0.09416366
0.09445810
0.09420896
0.11025310
0.10971284
0.10977435
0.09414983
0.09419060
0.10013843
0.09413147
0.09415174
0.10977483
0.09416342
0.09415746
0.10976100
0.09575367
0.09415603
0.09414983
0.09410167
0.10976815
0.07851362
0.09428048
0.09423685
0.10983133
0.09369469
0.10975766
0.09413648
0.09414506
0.09408903
0.10976672
0.07852888
0.09419823
0.10023117
0.09414268
0.09413815
0.10976315
0.10936069
0.09424281
0.09414625
0.09112692
0.09413910
0.09413862
0.09414148
0.09418464
0.07851505
0.09422255
0.09416461
0.09415388
0.10991430
0.09427357
0.10976243
0.07852387
0.09414053
0.09414172
0.10975933
0.07846212
0.10970616
0.09421611
0.10014486
0.10976386
0.09426594
0.09413457
0.09414601
0.07853532
0.10976171
0.09414649
0.07851887
0.09409046
0.08613729
0.09825826
0.09414911
0.10976458
0.10977221
0.12895465
0.08769941
0.09364390
0.09407544
0.09415817
0.09414434
0.07853127
0.12545395
0.07848430
0.10975790
0.10015821
0.10991573
0.07855988
0.09431505
0.09368062
0.07854271
0.10977006
0.09409142
0.09415865
0.09426713
0.08863139
0.07812333
0.10023880
0.09414530
0.09414482
0.09414959
0.07849956
0.09415054
0.09413266
0.09413075
0.09414172
0.09369493
0.09423375
0.08163762
0.10721922
0.09427118
0.09411120
0.10984564
0.07864833
0.10977578
0.09420371
0.07852054
0.08462906
0.10978079
0.09419298
0.09428835
0.09411287
0.09414721
0.07858658
0.09413815
0.09414411
0.09421015
0.07851005
0.09412789
0.08421254
0.10025597
0.09415889
0.08112597
0.10979199
0.07851410
0.07851911
0.09410048
0.09413910
0.07852578
0.10976768
0.09415221
0.09420419
0.07751822
0.10326648
0.08162665
0.09429002
0.09370708
0.10984015
0.09413791
0.09416413
0.09415674
0.09427619
0.07853699
0.08269167
0.09214163
0.08613658
0.10981870
0.09421039
0.09410286
0.07859850
0.09413409
0.07851434
0.09427285
0.10982227
0.07858443
0.09422922
0.09414005
0.07851863
0.09630418
0.08813238
0.09426260
0.09415126
0.10976934
0.09436297
0.09431267
0.10993481
0.09420943
0.09575820
0.09415627
0.09414196
0.12538362
0.09421706
0.09425831
0.07854056
0.08163738
0.10722971
0.09412599
0.10977292
0.09418106
0.09408188
0.09415555
0.11428404
0.08863831
0.10977101
0.09420347
0.09415579
0.07847548
0.09422851
0.10926056
0.09413791
0.09414744
0.07859635
0.10116816
0.08370662
0.09413576
0.09417486
0.09433365
0.07860184
0.07850385
0.10976648
0.09413338
0.09432960
0.08119345
0.10715055
0.09415579
0.07850242
0.09431458
0.09421897
0.07865214
0.10983443
0.09413552
0.09419370
0.09373069
0.08763194
0.09375024
0.08714342
0.09415150
0.08362842
0.09426689
0.09414625
0.10976148
0.07853651
0.09409833
0.09415221
0.09419489
0.08763790
0.09375000
0.08719754
0.09426665
0.09410310
0.09413242
0.10977197
0.07852197
0.09415412
0.09420228
0.09414697
0.10986090
0.09414744
0.08069086
0.09413433
0.09413791
0.09414673
0.09415579
0.07851028
0.09419107
0.09427953
0.07851386
0.09414244
0.09363604
0.10983586
0.09375143
0.08714366
0.10989594
0.09408212
0.09414363
0.07865524
0.09422421
0.07851958
0.09426856
0.09415030
0.09370327
0.08763433
0.09676576
0.09421968
0.07850003
0.10983753
0.10984540
0.09423256
0.07864213
0.09414911
0.09421659
0.09415555
0.07800555
0.10027504
0.09675765
0.09416199
0.10984898
0.10985112
0.09415507
0.09415460
0.10215068
0.08263612
0.10983372
0.07856774
0.10980225
0.10978341
0.09064078
0.09363914
0.08462644
0.10978007
0.09413981
0.09414148
0.10975814
0.09419966
0.09422302
0.09263945
0.09415627
0.09409952
0.09426403
0.09373975
0.10977268
0.09421825
0.11830020
0.10978150
0.07863641
0.09413838
0.10977626
0.07847667
0.07868648
0.09414339
0.09415197
0.07864356
0.12589216
0.08055210
0.10977507
0.07844353
0.07850313
0.12546706
0.07865453
0.09423804
0.09414792
0.09014177
0.07817721
0.10966873
0.09427476
0.09414530
0.09427643
0.07851744
0.09421277
0.07847261
0.09413719
0.10978055
0.09422493
0.10616040
0.09417892
0.12542295
0.07851648
0.09414935
0.10984087
0.09374595
0.08963299
0.10989666
0.09414840
0.09413886
0.09422278
0.09414363
0.09367490
0.07852197
0.09411907
0.09414935
0.07858801
0.09418130
0.08863282
0.09575200
0.09421301
0.09418464
0.09414339
0.09437919
0.10973144
0.09412646
0.09426689
0.09414029
0.09415436
0.07812786
0.08919883
0.07818389
0.10875773
0.09419751
0.07846451
0.09408450
0.10988188
0.09411144
0.07853389
0.09423161
0.09415650
0.07963014
0.10028911
0.12551641
0.07870913
0.09427691
0.09422779
0.09415317
0.09362745
0.09408903
0.09413958
0.07551408
0.10115957
0.09421396
0.10995197
0.09429407
0.09438372
0.09433150
0.09413242
0.10972452
0.09413743
0.09413934
0.09422898
0.07854652
0.09414983
0.09420824
0.07858253
0.10982060
0.09414673
0.09416270
0.07853079
0.10023642
0.08463025
0.09421229
0.09408283
0.09436607
0.09414577
0.09436965
0.09414124
0.07851434
0.09416175
0.10982704
0.11034656
0.09424353
0.07845879
0.09413815
0.09419394
0.09420776
0.09414148
0.09414816
0.07853365
0.09414172
0.10014772
0.09826541
0.09416032
0.09414101
0.09431314
0.09409523
0.10976863
0.07850957
0.09363556
0.10993552
0.07812691
0.09113216
0.07812548
0.09925437
0.09422350
0.09416628
0.09414792
0.09414077
0.09413290
0.09415507
0.09414291
0.09415913
0.09414935
0.10021591
0.09363413
0.09425449
0.07850027
0.10990477
0.09415317
0.09414124
0.09422231
0.07849360
0.10988879
0.07852983
0.09984231
0.10977292
0.09364271
0.07865596
0.09409761
0.09414577
0.07853866
0.09420848
0.09421182
0.07853007
0.09416294
0.10237074
0.09413409
0.07852387
0.10931373
0.10971570
0.09413791
0.10982323
0.07812095
0.09926105
0.09426451
0.09407330
0.09414744
0.07863092
0.10979462
0.09409118
0.09385371
0.09421682
0.09430099
0.10016036
0.09415770
0.08361864
0.10989642
0.09417868
0.09415078
