0.10000110
0.11005735
0.08456540
0.09004474
0.09995556
0.10034299
0.09520125
0.09503293
0.09979439
0.11011767
0.08479738
0.08951497
0.09071064
0.10167003
0.11057186
0.10028529
0.09997344
0.09494281
0.08463907
0.12679052
0.09921288
0.09026957
0.11018634
0.08844924
0.10020041
0.09147382
0.09106112
0.09517479
0.08987617
0.09043217
0.09987020
0.10986042
0.09006715
0.11588073
0.09001851
0.09028101
0.10033202
0.09029007
0.09000111
0.09508586
0.08977556
0.08998632
0.09021878
0.08981848
0.10539103
0.08990216
0.09984756
0.09730649
0.08980823
0.09997201
0.09023380
0.09031534
0.08761621
0.10001588
0.08983040
0.08997917
0.09205770
0.09053612
0.09987426
0.09021378
0.08670831
0.09365749
0.09016585
0.09016323
0.09014201
0.08836722
0.11021543
0.08980465
0.10000229
0.08989549
0.08985615
0.08962250
0.08950853
0.09002614
0.10021210
0.10012579
0.08625817
0.08231878
0.08243847
0.08992171
0.09979367
0.09948850
0.10015368
0.10022092
0.08503032
0.09746432
0.10036469
0.11987519
0.09297109
0.09980488
0.10033154
0.09362555
0.08035231
0.09997630
0.08983016
0.08977032
0.10749412
0.08681607
0.09254098
0.09243798
0.09142494
0.09484863
0.09981465
0.09028006
0.09401727
0.09030962
0.09003258
0.08999252
0.08983803
0.08310199
0.08315992
0.10032773
0.08822870
0.08990860
0.08997440
0.08984280
0.08495951
0.10502100
0.08987451
0.08504939
0.09019089
0.10042286
0.09014964
0.08430791
0.10730529
0.08957219
0.09007597
0.08993721
0.08984447
0.07992458
0.08984900
0.08514762
0.08979964
0.09022212
0.09999561
0.10004163
0.10249925
0.08461022
0.08028150
0.09013414
0.10864830
0.10006166
0.09021211
0.09967661
0.08512282
0.10993791
0.08996391
0.08498573
0.09002972
0.08822942
0.09531546
0.08955336
0.08984566
0.08997726
0.09011102
0.08019543
0.09030104
0.10022092
0.09012461
0.09113955
0.09496450
0.07966185
0.09026432
0.08996725
0.09006548
0.09020734
0.08968806
0.09008503
0.08987403
0.08820200
0.09965777
0.09702611
0.09442735
0.08989072
0.09013534
0.09026790
0.08815742
0.08379030
0.09181762
0.09093070
0.09448862
0.08990288
0.09024811
0.09226727
0.09490657
0.08001900
0.09028769
0.08429432
0.08470249
0.08980894
0.09972858
0.10028124
0.09961557
0.09485316
0.09750390
0.09533668
0.08779478
0.08860350
0.10007286
0.09502363
0.09030795
0.12010837
0.08979416
0.08713317
0.08967829
0.10037827
0.09016943
0.08987236
0.09049773
0.08983493
0.10006952
0.09374547
0.09034109
0.09005523
0.09015656
0.10802031
0.09513068
0.10007405
0.07977176
0.09418750
0.08987212
0.08489180
0.08989215
0.10000896
0.08999062
0.08482933
0.10010076
0.08956122
0.08969760
0.11022019
0.10000539
0.09028101
0.09021020
0.08967805
0.08984137
0.10000682
0.10963607
0.08787227
0.08202934
0.09011507
0.09043860
0.08982325
0.08467698
0.08951163
0.10012436
0.08973956
0.09568501
0.08503008
0.08956528
0.09977746
0.08437109
0.08995771
0.09599280
0.08790207
0.08404875
0.08514404
0.09979939
0.10005307
0.08030009
0.09007406
0.09879398
0.08818245
0.09027314
0.08659124
0.08964777
0.09980249
0.09006906
0.10017419
0.10014844
0.09012723
0.09419703
0.09004045
0.09040761
0.10020709
0.08608460
0.10507703
0.09624553
0.09008145
0.10431409
0.08985949
0.09021640
0.09421301
0.09410048
0.09782982
0.09033585
0.09547019
0.07960343
0.08998394
0.09166551
0.09531689
0.09029627
0.07989120
0.09002614
0.08986425
0.08990169
0.09520602
0.10202622
0.09029388
0.08999705
0.11013389
0.08633995
0.08829641
0.08839059
0.10001302
0.08994651
0.07978964
0.08967280
0.10013270
0.08988118
0.09043527
0.09403920
0.10482717
0.09998751
0.09027505
0.08013630
0.09981155
0.10001278
0.10193086
0.08547711
0.08986044
0.08494854
0.08397532
0.09025240
0.09403038
0.08984113
0.09997797
0.08986425
0.08971858
0.09005117
0.08985829
0.08006287
0.08996344
0.08462620
0.08975172
0.09481883
0.10183358
0.08975792
0.10006189
0.08988357
0.09967685
0.08968592
0.08982944
0.11025810
0.08964872
0.09817457
0.09021759
0.09016490
0.09290814
0.12014794
0.11025548
0.09017062
0.09004188
0.08977818
0.08018684
0.08978820
0.08616710
0.09009624
0.09017658
0.09986496
0.09109187
0.09222960
0.09512377
0.10013866
0.08990860
0.08486915
0.09015822
0.09805059
0.10964084
0.09002328
0.09837556
0.10481071
0.09018111
0.11036205
0.08849168
0.09016871
0.09008789
0.08603644
0.09913349
0.11044455
0.09220791
0.08205175
0.09008622
0.11492610
0.09070802
0.09043574
0.09474635
0.07915187
0.08904338
0.08903432
0.10961175
0.09490514
0.10031748
0.09005117
0.08988523
0.08463526
0.07995367
0.08965683
0.08970046
0.09005523
0.08648300
0.09235930
0.08988976
0.10002136
0.09208655
0.09075809
0.09044433
0.08826137
0.08583283
0.08984637
0.08881474
0.08982468
0.08465195
0.11033392
0.10032177
0.09987617
0.08520436
0.08997369
0.08514071
0.09465313
0.10114551
0.10384679
0.09033465
0.07996845
0.09188008
0.08989239
0.08990073
0.08863258
0.08973908
0.09214902
0.09092402
0.07973981
0.08966517
0.10005283
0.08982635
0.09026933
0.08974123
0.09999514
0.08995914
0.09038901
0.09014559
0.10991883
0.09984016
0.10002804
0.08968115
0.10022426
0.08968139
0.09965062
0.09520745
0.09802413
0.08427930
0.08295131
0.10030985
0.08987379
0.09029150
0.08992863
0.08007812
0.10007954
0.08988643
0.09000421
0.08477759
0.09449911
0.09012413
0.09228158
0.10017109
0.10970140
0.08810711
0.09005976
0.09984016
0.09023190
0.09022331
0.08987999
0.11013889
0.08986545
0.09886909
0.09099293
0.10975814
0.09416151
0.08494902
0.09454226
0.09008718
0.09313512
0.10039759
0.08997107
0.08979511
0.08950782
0.09007812
0.09014750
0.10986590
0.08004022
0.09979081
0.09084964
0.08980012
0.08991885
0.09471130
0.09015703
0.10013962
0.10021734
0.09006596
0.11102462
0.07964921
0.09035158
0.08995509
0.08980751
0.09459019
0.09005618
0.10001636
0.09027481
0.08470774
0.11010122
0.08986425
0.08993864
0.10026336
0.09454918
0.08952141
0.10035372
0.09969234
0.08990622
0.09001398
0.09551096
0.08521008
0.10469890
0.08814526
0.08472896
0.09013319
0.08991528
0.08510900
0.11001539
0.09136009
0.09193730
0.09014344
0.08990955
0.07998323
0.09005928
0.08820844
0.10004950
0.08990312
0.09015369
0.09988427
0.09939885
0.08891010
0.09018373
0.09444523
0.08678651
0.08983493
0.08903909
0.10019064
0.09523225
0.10569596
0.09007788
0.09006405
0.09209919
0.09513688
0.08973503
0.08525133
0.08485031
0.09447575
0.09497046
0.09049845
0.09476924
0.09027719
0.09027123
0.08966160
0.07996583
0.09002185
0.10323882
0.08970499
0.09144163
0.08507752
0.10028815
0.09042072
0.09053040
0.10983038
0.09584141
0.09622908
0.10006976
0.08604741
0.09413290
0.09009004
0.07960773
0.09991693
0.09044290
0.08990312
0.09011579
0.10001040
0.09024668
0.08970046
0.09987235
0.08984065
0.09505558
0.08164215
0.09036398
0.10003924
0.10123277
0.09007859
0.08942366
0.08984280
0.09987617
0.10211062
0.09002209
0.08538175
0.08252430
0.09219265
0.10001326
0.09969783
0.10041070
0.09044147
0.08959270
0.10021138
0.08604479
0.08780360
0.10912609
0.11001301
0.08867216
0.09511733
0.10010934
0.11525345
0.08948159
0.10039878
0.08996201
0.10014200
0.10014677
0.08460712
0.09104013
0.09021378
0.09985161
0.09022927
0.08399129
0.09030342
0.08973360
0.08966637
0.09044123
0.08030486
0.10980463
0.09426045
0.09947181
0.09497166
0.09019279
0.10016632
0.09976196
0.09499645
0.10981917
0.09994173
0.08488441
0.08998418
0.08978963
0.09029961
0.09022713
0.08990884
0.08466816
0.08997893
0.09493065
0.08998299
0.10028958
0.09010959
0.09008074
0.08522677
0.09825540
0.08799744
0.09213686
0.08981538
0.09990478
0.09017825
0.09029531
0.09031296
0.09989667
0.08988976
0.08972859
0.09037256
0.09002686
0.09032202
0.10043812
0.09551072
0.10661149
0.08971596
0.08535576
0.09014702
0.09005713
0.08992052
0.08485460
0.10028410
0.10039163
0.08497667
0.09197640
0.08254766
0.09000754
0.08971071
0.08981276
0.09998536
0.10553956
0.08638906
0.09197855
0.08993316
0.08998299
0.08987617
0.08430696
0.08971977
0.09017730
0.09372282
0.09006214
0.08500004
0.08953428
0.08964372
0.09016037
0.09025621
0.08439422
0.08444285
0.08449507
0.09989858
0.08002138
0.09002423
0.07972693
0.09014583
0.09019756
0.11037993
0.08025980
0.08980536
0.08991671
0.08998656
0.09973383
0.08776140
0.09580040
0.09050727
0.08787441
0.10006070
0.08941269
0.09016752
0.10008931
0.10002375
0.08991432
0.09180140
0.09003806
0.09009886
0.09004307
0.08407283
0.10007763
0.09946942
0.09051132
0.10974121
0.10158873
0.08299446
0.08979917
0.09989023
0.09041929
0.09475636
0.10035896
0.07980895
0.09020638
0.09978342
0.08245850
0.07972836
0.08998275
0.08471417
0.09506083
0.09634876
0.09181547
0.08326960
0.08985615
0.11023736
0.08958960
0.09480119
0.09011984
0.09982777
0.09043574
0.10027695
0.09367490
0.09005547
0.08770561
0.09001184
0.08486629
0.08879471
0.09023809
0.09004807
0.08512545
0.09032512
0.10660625
0.08963418
0.10021901
0.09997821
0.09824204
0.11035943
0.09434342
0.08972168
0.09019542
0.09405780
0.09006786
0.09986424
0.08986974
0.09512901
0.08534217
0.09066367
0.09096789
0.09967017
0.08992147
0.08998632
0.08533382
0.11045241
0.09003282
0.08508873
0.08977485
0.09148550
0.08268380
0.08992410
0.09033561
0.09241271
0.10007095
0.10007882
0.09008932
0.09972835
0.09013057
0.09022021
0.10024762
0.10152316
0.08252358
0.09024572
0.09996176
0.08445597
0.10679889
0.10283136
0.08706665
0.09223866
0.09982038
0.09709263
0.08467722
0.09026098
0.08999944
0.10022068
0.08439636
0.08987474
0.09511423
0.08589745
0.08703923
0.08992577
0.08788776
0.08399463
0.09978652
0.09030604
0.09959650
0.08989763
0.09006071
0.08811259
0.08478832
0.08985162
0.09992313
0.09975314
0.08983088
0.08958173
0.11007071
0.09029937
0.08992648
0.08996964
0.08644199
0.09402990
0.08986664
0.09388137
0.10002565
0.08973932
0.09037447
0.09001946
0.08681488
0.09662652
0.09671164
0.10989332
0.08995366
0.08486581
0.07995892
0.07963157
0.08999443
0.08967400
0.09045792
0.08512759
0.09999418
0.08977938
0.08960366
0.09031582
0.10287595
0.08523941
0.10020089
0.10980153
0.10002279
0.10967684
0.11027408
0.09505177
0.10018039
0.08994961
0.09500980
0.09999228
0.08412313
0.09973240
0.09994268
0.08987617
0.10999179
0.09330702
0.09803939
0.08483291
0.10034513
0.08386493
0.10028005
0.09012842
0.11416650
0.08982372
0.09504080
0.09010768
0.09522867
0.09014583
0.08981872
0.09502792
0.08484197
0.08985281
0.09025526
0.08975720
0.09017372
0.09024715
0.08992028
0.10988283
0.09121847
0.09098816
0.08795238
0.08989811
0.09028125
0.09808540
0.09014487
0.08965564
0.10531139
0.09992743
0.10001302
0.09826088
0.09231853
0.09264398
0.08998990
0.09784698
0.10027862
0.08971715
0.09850788
0.09001732
0.09008598
0.09974790
0.11212158
0.08976436
0.09993672
0.08999395
0.11000800
0.08543062
0.11134148
0.08689046
0.09385037
0.08955288
0.08504701
0.09203029
0.08172107
0.08993292
0.09533215
0.10997295
0.10521126
0.10006523
0.08186913
0.08956647
0.09510684
0.09026408
0.08983421
0.09092832
0.09987855
0.08955383
0.09997177
0.09482455
0.09007478
0.09006262
0.09013057
0.08026218
0.09026194
0.08951163
0.09614253
0.09832501
0.09991789
0.09025860
0.09992075
0.10373545
0.08797956
0.09008765
0.11022544
0.08992791
0.09393525
0.08494687
0.08975720
0.09669518
0.09033751
0.08792591
0.08990335
0.09369874
0.09475398
0.09679985
0.09984732
0.10017490
0.09025574
0.09977579
0.09479547
0.10007024
0.08429193
0.09175229
0.08981156
0.09847665
