0.09414697
0.09407949
0.09413290
0.10977149
0.10977864
0.09415984
0.10478663
0.10988903
0.09415507
0.09421992
0.09409285
0.10983324
0.09413600
0.09415913
0.07812762
0.10015655
0.09413934
0.09424329
0.09409308
0.09413719
0.09415483
0.09410286
0.09414029
0.10976458
0.09476089
0.09420228
0.09424090
0.09415317
0.10989857
0.14146018
0.17881393
0.23515701
0.26699042
0.25102997
0.25088286
0.28243423
0.28257155
0.28202534
0.25130987
0.26847291
0.26654124
0.26254559
0.25138712
0.26638532
0.26662064
0.26666451
0.25141525
0.25131631
0.26646876
0.26646829
0.25150347
0.25126743
0.25079417
0.25073409
0.25124216
0.25108647
0.26529574
0.26706457
0.26688910
0.26696134
0.25080633
0.25941205
0.26695085
0.25125480
0.26653671
0.25097942
0.28261876
0.26631689
0.26693439
0.25086522
0.24940038
0.28279924
0.26691771
0.25646353
0.26665378
0.28246021
0.25142050
0.26682210
0.26645923
0.26657057
0.25080276
0.28242803
0.25124240
0.26662660
0.26390624
0.25121331
0.26722956
0.25084114
0.24474573
0.26688123
0.28267622
0.26688838
0.28248811
0.25078702
0.25081801
0.25129151
0.26653385
0.26491070
0.25134301
0.26696253
0.25113368
0.26130700
0.25131011
0.26696253
0.25079370
0.26689935
0.26693392
0.24574566
0.26612473
0.26684809
0.28205514
0.25129580
0.25096583
0.26491022
0.25125241
0.26683569
0.27256584
0.28218126
0.26653552
0.26682281
0.25119543
0.26642132
0.26645684
0.25104928
0.26701880
0.28205514
0.26686358
0.27161455
0.25090718
0.27492976
0.26710939
0.25123429
0.26694536
0.27986813
0.28220081
0.25073838
0.26696920
0.26684141
0.25095153
0.26241541
0.26695657
0.25080943
0.26711202
0.26647520
0.25079727
0.26693797
0.26648116
0.28276372
0.29812169
0.26690197
0.26616836
0.25081921
0.26689053
0.26716185
0.26679277
0.26660299
0.25080681
0.26713967
0.26701331
0.26645422
0.28467083
0.26653671
0.26194000
0.25136805
0.26685166
0.25077152
0.25783443
0.28256249
0.25119424
0.26662111
0.25081348
0.26636267
0.25117946
0.26848674
0.28238010
0.25083590
0.26688409
0.25145674
0.26657462
0.26651645
0.25128436
0.26692653
0.25095177
0.25084877
0.26706290
0.26636839
0.26685977
0.26653123
0.28059578
0.26700997
0.25126266
0.28256917
0.25846910
0.26655364
0.26642418
0.25146341
0.26199126
0.29806161
0.26648331
0.25095105
0.26698375
0.25237870
0.26647615
0.26664734
0.25126529
0.26702166
0.25083995
0.25879478
0.26700902
0.26676536
0.26703978
0.25091672
0.25127125
0.26700497
0.26689649
0.26671338
0.26544237
0.25080323
0.26695943
0.25108480
0.26182699
0.26699924
0.28204250
0.26696920
0.28257203
0.25089502
0.23548555
0.26642847
0.25092435
0.26642656
0.25131440
0.25085473
0.25088358
0.25118899
0.25132155
0.26663613
0.26649094
0.24481153
0.26701999
0.25116825
0.25080895
0.26637125
0.24385118
0.25079393
0.28243876
0.25124860
0.26695967
0.25088286
0.26695895
0.26682997
0.26699662
0.25104332
0.24817371
0.28279567
0.25130534
0.26641178
0.28212452
0.25096059
0.28257418
0.25124359
0.26694322
0.25104666
0.25135517
0.26687908
0.25085759
0.25023007
0.26643229
0.25392151
0.26650763
0.26136589
0.25140429
0.26601434
0.26642013
0.25127339
0.26715422
0.25084996
0.26640821
0.26741624
0.26695943
0.25143361
0.26640558
0.26652670
0.26709461
0.25118232
0.26639867
0.25091338
0.25123715
0.26705122
0.26661158
0.26642871
0.26705813
0.26697946
0.25133467
0.28192067
0.25093174
0.26720929
0.25138664
0.26621461
0.25098276
0.26701140
0.26683521
0.25538993
0.26655793
0.25133657
0.26687384
0.26689863
0.26654339
0.25103545
0.26717210
0.26698804
0.26682758
0.25102282
0.25077629
0.25119591
0.26640463
0.26536965
0.25124311
0.25385427
0.26639748
0.26142859
0.25131512
0.25127363
0.28253007
0.25026369
0.25436163
0.25133204
0.26688170
0.25084496
0.25081205
0.26712656
0.26766515
0.26648879
0.24731636
0.25136232
0.25089097
0.26186967
0.29822493
0.25127363
0.26688051
0.28240514
0.25110292
0.25095844
0.26685596
0.25125146
0.26805019
0.26664400
0.25086784
0.25133467
0.27171493
0.26647234
0.25128031
0.26691270
0.25986934
0.26640272
0.25150371
0.26686382
0.25089240
0.25085497
0.26683807
0.26712179
0.25076628
0.25080729
0.26700044
0.25283933
0.26642585
0.24686050
0.25132728
0.25100446
0.26192117
0.26688790
0.25079036
0.25079560
0.25778389
0.26692510
0.25112820
0.25082612
0.25392485
0.26642036
0.25085545
0.23522282
0.26687193
0.25145340
0.28518224
0.25104451
0.25150347
0.25479627
0.26619887
0.25137973
0.25127220
0.26646686
0.26648402
0.26709795
0.25137997
0.26687217
0.25084114
0.25120974
0.25219798
0.25078344
0.26695561
0.25137401
0.25104856
0.26641512
0.26701498
0.26714015
0.25431752
0.26593447
0.26054311
0.26689982
0.28246832
0.25113535
0.26653600
0.26640701
0.26703858
0.26687717
0.26686144
0.25085139
0.26397371
0.26688170
0.29825163
0.26648879
0.28249669
0.26694703
0.25073361
0.25078821
0.26679111
0.25133014
0.25099158
0.25132847
0.25123978
0.29825854
0.26717830
0.26648498
0.25996065
0.25074649
0.28249598
0.26203346
0.25078392
0.23563480
0.28216720
0.25080347
0.26646328
0.25130367
0.26691437
0.25102639
0.24866700
0.25134730
0.28268075
0.27243614
0.25078869
0.25130486
0.26696062
0.25088143
0.25644422
0.25133610
0.26202822
0.25085688
0.26699686
0.25060725
0.25087333
0.25153613
0.26674438
0.25090051
0.25035191
0.25084472
0.26941895
0.26648951
0.26180148
0.25127316
0.25746417
0.26660275
0.23575830
0.26707196
0.26022720
0.25040388
0.25133228
0.26694226
0.23526287
0.25125527
0.23522043
0.26640987
0.25068831
0.25122857
0.26646113
0.23573852
0.26705074
0.25079799
0.24819374
0.25142908
0.26651573
0.26652408
0.24486732
0.23562980
0.26658273
0.25078297
0.25130033
0.23533964
0.24220347
0.26692533
0.28249407
0.26394105
0.28204060
0.25080776
0.25129414
0.26657224
0.23532414
0.26644731
0.26702929
0.25091195
0.26248336
0.25136638
0.26641107
0.26634026
0.26645994
0.28243804
0.25129414
0.25129604
0.25078654
0.26643705
0.25124216
0.28256559
0.25087523
0.25030565
0.25131011
0.26709962
0.26640248
0.25085545
0.28210449
0.26695538
0.26691699
0.28270221
0.26757789
0.26653886
0.25073504
0.25115490
0.25090456
0.25118327
0.25126886
0.27311277
0.26649141
0.25130343
0.26700091
0.26679063
0.25088787
0.25141478
0.26681924
0.26685905
0.26651216
0.26592541
0.26644158
0.28267550
0.26710486
0.26697922
0.27707982
0.26646662
0.25105453
0.26654029
0.26678729
0.26797771
0.26648855
0.25075364
0.26705241
0.25645351
0.26655221
0.25125957
0.28256941
0.26679754
0.25048399
0.25077581
0.26689982
0.26673627
0.26749396
0.25079370
0.26661563
0.26686430
0.25628638
0.26641154
0.25122738
0.26678562
0.26691151
0.25027728
0.26713657
0.26691866
0.25129151
0.25103426
0.26656055
0.26680970
0.28262162
0.26680493
0.26646829
0.25085330
0.27343512
0.25154090
0.26702619
0.26694250
0.29822350
0.25090361
0.24969983
0.28209472
0.26696348
0.25639129
0.26660275
0.25881863
0.26681709
0.25132012
0.29832602
0.26479506
0.25086641
0.26690793
0.25162625
0.25082231
0.26480389
0.28254366
0.26683235
0.26642489
0.26683378
0.25089478
0.26694727
0.26693964
0.25075746
0.28261209
0.26659083
0.26555181
0.26631880
0.26703262
0.26713562
0.26694489
0.26641107
0.25089216
0.25141811
0.26693583
0.26647687
0.25279403
0.26698089
0.26694918
0.26842642
0.28223920
0.25086784
0.26699829
0.26686692
0.26694465
0.26653314
0.26596141
0.26697779
0.25118542
0.28255343
0.26650882
0.26641798
0.27954054
0.25124788
0.28262067
0.28208518
0.26683760
0.25096822
0.26649261
0.26693392
0.26691866
0.26689935
0.28266549
0.25106788
0.27840590
0.26679492
0.26685119
0.25885057
0.26645851
0.27206302
0.26688266
0.25130963
0.26674843
0.26653981
0.29761267
0.26380992
0.26679802
0.26682997
0.26698279
0.25098753
0.27241635
0.25130010
0.26703954
0.26691341
0.26643324
0.25081825
0.26677823
0.25192118
0.25090003
0.26280332
0.26684999
0.26692796
0.26678967
0.25083017
0.25634933
0.26696563
0.25080872
0.28265905
0.26649141
0.29667783
0.26659656
0.25138021
0.26692653
0.26676297
0.27696633
0.26659918
0.26695657
0.26684713
0.26698899
0.26747036
0.25092649
0.25079298
0.25130939
0.27187705
0.26648140
0.25144529
0.28261495
0.26675963
0.26699924
0.27962828
0.28212953
0.25077581
0.26693249
0.26714349
0.25094843
0.27847290
0.27603126
0.26682234
0.25129437
0.28253841
0.28261232
0.25091386
0.26657033
0.26695704
0.25141382
0.25129580
0.28243446
0.26648688
0.24381471
0.28262424
0.25129390
0.26648474
0.26667452
0.25284696
0.25146270
0.26642466
0.25079727
0.25144219
0.25258303
0.26655054
0.24715471
0.28281498
0.25124645
0.25100255
0.25929832
0.25124526
0.26702237
0.25093675
0.25632572
0.23566461
0.26602721
0.23516917
0.26693320
0.25090456
0.25097013
0.25072861
0.28262353
0.26645684
0.23533368
0.28243756
0.25151300
0.27193475
0.26656723
0.25140810
0.25134635
0.25076032
0.27355146
0.25126147
0.26725626
0.26633120
0.26639986
0.25077415
0.25134921
0.26740599
0.25079894
0.25078821
0.25391984
0.26660800
0.25130749
0.25132513
0.28265715
0.25081134
0.25798202
0.26702356
0.25124454
0.25039697
0.25125599
0.28264785
0.26693106
0.25085759
0.26628423
0.25131845
0.25124216
0.28247762
0.26633859
0.25079727
0.25095081
0.25128984
0.27795076
0.25097418
0.25130391
0.26697063
0.26644754
0.26644135
0.26688409
0.26720023
0.26678371
0.25034738
0.25141907
0.25122809
0.26692224
0.26639032
0.26662874
0.28255701
0.28258419
0.28244996
0.26686740
0.25133681
0.27245283
0.28249669
0.25086045
0.25587296
0.26871705
0.26688147
0.26612210
0.26667595
0.25121307
0.25116920
0.25143051
0.25080132
0.24823380
0.28243971
0.25134611
0.25083566
0.25130200
0.26628399
0.26691270
0.25085545
0.26694632
0.26686549
0.28244305
0.26701498
0.26805019
0.28603292
0.26641512
0.25139380
0.25136185
0.26648521
0.26653814
0.26688981
0.25121689
0.28240609
0.26683331
0.25085306
0.26592112
0.25081563
0.26686835
0.25614977
0.26653314
0.25938058
0.26642275
0.26690483
0.28257418
0.26679182
0.26646948
0.26586413
0.26638317
0.26699853
0.26680350
0.28250718
0.27608299
0.26595998
0.25429153
0.26702690
0.25139832
0.26654363
0.26580787
0.25079632
0.25129342
0.27198291
0.26640511
0.25902724
0.26710749
0.26707554
0.26687837
0.26687002
0.26650596
0.26587296
0.26622772
0.26698542
0.25635123
0.26665974
0.25934768
0.25132489
0.26707888
0.26663637
0.25078201
0.26694727
0.26694965
0.26691270
0.28415251
0.26642013
0.26240301
0.26694632
0.28201890
0.25127578
0.28247833
0.26651978
0.26646948
0.28249788
0.26696014
0.25131321
0.28248572
0.26653934
0.26641583
0.26707339
0.26702166
0.26684809
0.28214073
0.28286314
0.28247213
0.27047992
0.26646662
0.26705813
0.26683116
0.26688695
0.26052833
0.28154159
0.26647067
0.26680446
0.26720214
0.26696110
0.26996946
0.26589990
0.26046968
0.26708508
0.26693249
0.28238130
0.26327372
0.25093198
0.26701283
0.26697445
0.26702642
0.26848650
0.26656175
0.26278806
0.26714396
0.26705122
0.28254604
0.28257990
0.26682496
0.26639533
0.26653147
0.26687551
0.28220391
0.26688790
0.26682758
0.26643658
0.26642728
0.28250742
0.26682591
0.28192496
0.28252268
0.26687765
0.26692200
0.28250623
0.27554536
0.28217149
0.26649117
0.28248763
0.26680517
0.26683760
0.29826427
0.26680875
0.28278208
0.26684237
0.27794576
0.28206110
0.26647401
0.26690745
0.28268290
0.28267741
0.26680326
0.28194952
0.28260398
0.28242707
0.28288484
0.26640034
0.28512645
0.26648426
0.27749109
0.26700735
0.28258204
0.26686907
0.28239512
