0.10190320
0.13927913
0.10689902
0.08513856
0.08613133
0.13518143
0.08027291
0.07374310
0.08060265
0.20749331
0.08589697
0.08120584
0.08907294
0.13910246
0.08934999
0.09444189
0.10019112
0.10871696
0.08745670
0.10247827
0.08438706
0.09077072
0.09081912
0.08992934
0.08358431
0.08120823
0.08023596
0.09173608
0.07816195
0.08628082
0.09167147
0.07699919
0.16600990
0.10593343
0.07597709
0.08863664
0.08876777
0.08644390
0.08024764
0.08006573
0.16418672
0.13806486
0.14171624
0.08174253
0.08782911
0.07491136
0.07898402
0.08463645
0.08739352
0.08287597
0.08328342
0.12648559
0.08876014
0.14655447
0.10898876
0.08591366
0.08463812
0.08509254
0.11489201
0.10836959
0.08810139
0.14014935
0.10993910
0.13865161
0.13872528
0.13503599
0.10850191
0.10691619
0.08755183
0.14792562
0.09008193
0.09374571
0.21436501
0.15321636
0.17695832
0.14676619
0.15907431
0.16178346
0.21763873
0.23134208
0.23460054
0.15846300
0.16968966
0.08028054
0.08540583
0.08018804
0.09242463
0.09398913
0.07507873
0.07908201
0.09656239
0.11793447
0.11167288
0.08222032
0.09631014
0.09171033
0.10771394
0.08787036
0.10190034
0.08224916
0.08187604
0.08121753
0.07752228
0.16564846
0.08371973
0.16173267
0.08016181
0.09033942
0.08873868
0.08215189
0.08819199
0.07924056
0.16012764
0.15535426
0.14941263
0.16370749
0.15175009
0.14481544
0.15310407
0.15510416
0.16248131
0.16599727
0.15382695
0.08121157
0.08123899
0.15948129
0.16511703
0.16280699
0.15216613
0.15100765
0.07477832
0.11284733
0.08835983
0.08548093
0.08468199
0.09106112
0.08660960
0.09483624
0.07827020
0.08782721
0.09149933
0.08673954
0.15040469
0.10268474
0.08039308
0.15931249
0.08797765
0.08030367
0.08799028
0.08766627
0.08947301
0.10000253
0.08595181
0.07924342
0.16520715
0.20014262
0.15785027
0.17927670
0.14816976
0.17917299
0.21136808
0.15932560
0.17790747
0.14914775
0.16195869
0.15349317
0.12897229
0.10689521
0.10676455
0.16419721
0.13904738
0.15828156
0.11738777
0.07414603
0.10554123
0.11412740
0.14273238
0.07812166
0.07170177
0.07881975
0.08339548
0.09188676
0.07932782
0.07635617
0.11934137
0.08563519
0.08115292
0.09104490
0.07739878
0.08115458
0.09114313
0.09000874
0.08774471
0.08049846
0.08621335
0.08121443
0.08850265
0.08435988
0.07310033
0.15990281
0.14965796
0.09205532
0.08015466
0.09257269
0.10068750
0.10074401
0.08563304
0.08501959
0.08284569
0.08015513
0.07582045
0.08191180
0.09088135
0.14470816
0.12950349
0.08673453
0.08115625
0.07406187
0.08260846
0.08260894
0.07348537
0.08135986
0.07916427
0.09648108
0.09870076
0.09378076
0.07367325
0.08214426
0.08627701
0.07838249
0.08209324
0.08667421
0.07920504
0.09168673
0.08637953
0.16447949
0.08653188
0.15876079
0.08072591
0.16139221
0.18085623
0.22972298
0.15320301
0.15431905
0.15900540
0.15940952
0.16321826
0.17537951
0.19964123
0.16321158
0.19291234
0.22903776
0.15899897
0.18648696
0.15095043
0.17190909
0.15960193
0.08002853
0.07170987
0.08022571
0.08040857
0.08928514
0.08999991
0.14065051
0.09148169
0.08996487
0.08068681
0.08153057
0.08790350
0.08675838
0.08674741
0.08016610
0.07575393
0.15972519
0.07652211
0.09328270
0.08241653
0.08723497
0.08722997
0.08542347
0.07878852
0.08646870
0.07878757
0.08651471
0.07400465
0.08109188
0.09017777
0.09226656
0.09069920
0.09234047
0.08629203
0.08115792
0.09158015
0.15203094
0.08950949
0.09395766
0.15321732
0.10477662
0.09033442
0.09059644
0.08594966
0.08364105
0.08393693
0.07806253
0.07923675
0.09161687
0.09323287
0.08883333
0.10887837
0.07812071
0.08577323
0.09074306
0.07817006
0.08319426
0.09494328
0.09380007
0.08943176
0.16656137
0.09176493
0.16775632
0.20701504
0.15865350
0.15861177
0.14684200
0.14923072
0.15860176
0.16506362
0.14847708
0.16927814
0.14397454
0.14714098
0.15160203
0.16037202
0.16297340
0.08736205
0.07292199
0.08194661
0.08909631
0.08845663
0.09634495
0.08546758
0.08857417
0.11607671
0.13299966
0.10409188
0.09286404
0.10113478
0.12639213
0.14466524
0.09122014
0.09374404
0.16129398
0.08065319
0.16409183
0.14485097
0.16118884
0.14893842
0.15124655
0.15143704
0.16686559
0.14225984
0.09374452
0.08024812
0.08705473
0.11178613
0.07309794
0.08704638
0.08610439
0.08644867
0.08143544
0.07811642
0.08566093
0.08829188
0.07546139
0.08219814
0.08049107
0.07700229
0.16053820
0.09580827
0.08859468
0.08989668
0.10079646
0.07494378
0.07646871
0.08225322
0.08850384
0.08497405
0.08371186
0.09977484
0.09440303
0.07476306
0.09069133
0.08920169
0.09127045
0.07813048
0.07963824
0.08566022
0.09157586
0.15627241
0.08929038
0.09374595
0.08736181
0.09090185
0.09428120
0.08975911
0.09332108
0.10955381
0.08475351
0.08386874
0.07344508
0.09336281
0.19092155
0.09016562
0.08289123
0.09117365
0.09123564
0.09265304
0.09793806
0.13347125
0.09497094
0.08726311
0.08642006
0.07525873
0.09009576
0.08714557
0.09031224
0.09229398
0.07772779
0.08682323
0.09294415
0.08477545
0.15792298
0.15910864
0.14303732
0.16446328
0.09237623
0.15802789
0.15633798
0.07924533
0.09029198
0.09123325
0.07928038
0.07726192
0.07353568
0.08531189
0.08021879
0.08460641
0.07866478
0.08015347
0.07139969
0.08001614
0.07971311
0.08795476
0.13679361
0.11900926
0.09479618
0.08973026
0.11181307
0.10325456
0.08428097
0.08884430
0.08623886
0.07333565
0.08881760
0.07751060
0.08929682
0.15280175
0.09878421
0.17205191
0.07985091
0.09105229
0.09374118
0.08084011
0.08615494
0.09133434
0.09179139
0.11732745
0.08468509
0.07860184
0.08448887
0.09306073
0.09691954
0.12212467
0.08757854
0.08753514
0.13138080
0.11717534
0.09364963
0.10875463
0.07361293
0.16166544
0.07833409
0.08018374
0.07298851
0.09386992
0.09022570
0.09156203
0.10040164
0.17523670
0.15326071
0.15113473
0.16352987
0.16707826
0.16417146
0.16650701
0.15540600
0.15624928
0.15520787
0.08746719
0.15799689
0.08457494
0.07481599
0.08156681
0.15826273
0.15614653
0.08697009
0.09817910
0.08691049
0.17702055
0.20868015
0.07811761
0.08761573
0.08527303
0.09044647
0.08853722
0.07303357
0.08679509
0.08183360
0.08227563
0.08992624
0.08168912
0.08300209
0.08170414
0.11509514
0.08060026
0.08715200
0.23928976
0.15464711
0.08794904
0.16406083
0.15209675
0.16137624
0.14501429
0.14564371
0.08120608
0.16174769
0.09014845
0.09066224
0.09323597
0.08649397
0.11073041
0.07509160
0.08213878
0.09000230
0.12707210
0.08458996
0.08433247
0.09678769
0.07925916
0.08822465
0.11831498
0.07659459
0.13853550
0.08497453
0.07654071
0.10953212
0.10541487
0.09558725
0.08882499
0.08017087
0.09018755
0.08024883
0.15831304
0.07443333
0.08125377
0.07635403
0.08589077
0.07282066
0.08020854
0.09304619
0.07875204
0.08024526
0.07947683
0.08122730
0.09281421
0.10507059
0.15706134
0.21369386
0.15719414
0.15912509
0.19678950
0.09183383
0.16003346
0.15870118
0.16163206
0.17789221
0.15110993
0.15225434
0.15330482
0.14758992
0.15954304
0.16033292
0.08165646
0.16050410
0.15458918
0.09053874
0.17183328
0.19089580
0.08025956
0.08665800
0.08371711
0.08015990
0.13651228
0.12306428
0.10899448
0.08128381
0.08644676
0.08509183
0.13472629
0.18999171
0.15645742
0.08111191
0.07166862
0.08016300
0.19881201
0.07192063
0.07803392
0.07895613
0.08123207
0.10925293
0.07501221
0.10758185
0.08573723
0.07229376
0.08007574
0.08602905
0.07690382
0.09079623
0.07776666
0.08345580
0.11244678
0.09216309
0.08735609
0.08957219
0.07986760
0.09011197
0.07817435
0.08231473
0.08965373
0.08728886
0.08358383
0.07943511
0.07788086
0.09120011
0.08966732
0.07317924
0.08882999
0.08022141
0.07741666
0.08992481
0.08390641
0.08023000
0.16211939
0.08655024
0.09103727
0.07577276
0.16182923
0.07602549
0.15966892
0.15191364
0.17982507
0.15736079
0.16214252
0.07399535
0.15749741
0.14817095
0.15362430
0.15077567
0.14806318
0.08285737
0.16034222
0.14920521
0.15366483
0.14823580
0.15935016
0.17696762
0.15840411
0.08664465
0.08952379
0.13164020
0.09658360
0.07971764
0.07319522
0.08908510
0.10034323
0.13198423
0.10347080
0.09030008
0.08705950
0.13728619
0.08269620
0.08833957
0.07957029
0.08855891
0.08642268
0.09018898
0.07543254
0.08328581
0.09731078
0.07917118
0.08860803
0.08610106
0.07321596
0.08627892
0.12498951
0.09031057
0.08526897
0.07380223
0.08134151
0.08016825
0.12357259
0.08076191
0.09584188
0.08128095
0.08657312
0.07420516
0.08913541
0.08640742
0.08478689
0.09149790
0.09936190
0.09260106
0.09604955
0.08838415
0.09101272
0.09036016
0.08223724
0.08721399
0.07926202
0.08497167
0.07984495
0.07297134
0.09190845
0.08471799
0.08368683
0.08995581
0.15636182
0.09105825
0.07699609
0.08083558
0.09212828
0.09600210
0.08770347
0.09572625
0.09382510
0.08397675
0.16696262
0.24121976
0.21470261
0.13226175
0.22785950
0.08804250
0.07440901
0.08710790
0.10090828
0.10289145
0.08181167
0.08445811
0.09203124
0.09325790
0.14318490
0.07742071
0.08021474
0.12511969
0.11473536
0.08157396
0.17978096
0.08799362
0.07922006
0.07677293
0.08514690
0.08553505
0.15462780
0.23546743
0.14677358
0.15213227
0.08592272
0.08532262
0.08551025
0.09505033
0.07590866
0.08810568
0.07915640
0.07778573
0.08149314
0.07335997
0.08125973
0.09288168
0.09336424
0.07829309
0.09550691
0.09374022
0.07742310
0.10870719
0.11347198
0.12781310
0.10302424
0.08586240
0.11800957
0.10576010
0.09225512
0.09317899
0.09199977
0.07862401
0.08657312
0.08618474
0.08890748
0.08671427
0.08124971
0.11976957
0.08027196
0.09252429
0.07624459
0.08025932
0.09087133
0.07816291
0.07453394
0.08936620
0.09246421
0.07600212
0.08157659
0.08741260
0.08003998
0.09423757
0.12021327
0.08083057
0.08882761
0.08461022
0.07969928
0.07806134
0.08124471
0.09048533
0.08020830
0.08039212
0.09432030
0.09368539
0.08700323
0.08658147
0.08030748
0.07337928
0.09092355
0.08023620
0.08128357
0.08057427
0.08669543
0.08750176
0.08993030
0.08017230
0.07599759
0.08093119
0.16648984
0.09593177
0.08770204
0.11380696
0.09624743
0.08224535
0.08012509
0.08015442
0.08690166
0.08583856
0.07925272
0.07626367
0.08267903
0.08483648
0.07332921
0.08090210
0.08558702
0.10001755
0.09970713
0.08428741
0.07907653
0.07827902
0.08113670
0.09174514
0.07680678
0.08079863
0.09157753
0.09636784
0.08813977
0.07900667
0.08116603
0.08425570
0.08197165
0.08352661
0.10663652
0.11160660
0.08916092
0.08998108
0.07555556
0.08634377
0.08115625
0.08982325
0.13321519
0.08710313
0.09595156
0.08123922
0.13977647
0.08119607
0.08552074
0.08493400
0.09124351
0.08971024
0.09003735
0.09353018
0.08118057
0.08099270
0.08597326
0.07597375
0.07993269
0.07227516
0.10252690
0.08966088
0.08672237
0.08242512
0.07993364
0.08132172
0.09260392
0.09378576
0.07689691
0.11194038
0.08135509
0.08023143
0.09395742
0.09378886
0.08023477
0.07774234
0.08113098
0.09105492
0.08392525
0.08138561
0.08928084
0.08636594
0.08273435
0.08969808
0.09103775
0.08793378
0.09023476
0.08910465
0.08116198
0.07422876
0.08244705
0.08811879
0.11182880
0.10084891
0.14228106
0.10800290
0.10022354
0.08823085
0.07271361
0.08023334
0.08116889
0.07969451
0.08960962
0.08878064
0.07926393
0.09394455
0.09338832
0.09031034
0.07613778
0.07923317
0.09024048
0.09379649
0.08210993
0.08172107
0.07603121
0.07993221
0.09103060
0.09963870
0.09094715
0.08450246
0.08021092
0.09047151
0.09561086
0.08017349
0.09530187
0.08373976
0.08942461
0.08705449
0.12179279
0.07620358
0.07669234
0.08020377
0.09052372
0.07928014
0.08022928
0.09096169
0.09531045
0.08602476
0.08716893
0.08015990
