5.45965624
0.18457127
0.10250235
0.11650372
0.11566973
0.10058045
0.11724424
0.10660982
0.09489560
0.09064460
0.11562061
0.11949134
0.09790182
0.09285665
0.09375811
0.10001206
0.09159374
0.10272932
0.11892390
0.09401107
0.07708716
0.09421420
0.10235047
0.10184813
0.09570694
0.10486627
0.09943247
0.10667086
0.10541892
0.09946990
0.07969475
0.11252236
0.10831332
0.12737656
0.09274578
0.10889220
0.09176683
0.09891391
0.10427618
0.10115719
0.10279942
0.09095263
0.19286871
0.08973980
0.10565495
0.08728313
0.16369772
0.16997004
0.08562493
0.09031630
0.08785343
0.17122889
0.09273243
0.18143272
0.10753560
0.10220838
0.08513498
0.08671713
0.08789206
0.10024619
0.10201931
0.09644318
0.12459993
0.12171102
0.09734035
0.08831191
0.09799862
0.10121179
0.08924246
0.08988523
0.11094975
0.10144806
0.09937644
0.09883976
0.09151745
0.11208725
0.08895206
0.11328554
0.09404826
0.08805633
0.08365011
0.11668110
0.08800983
0.08792067
0.08978891
0.09022093
0.11094046
0.09098148
0.10596681
0.10967016
0.15352821
0.10290623
0.09041762
0.07579565
0.07774472
0.07926106
0.08608627
0.09092569
0.08678341
0.08027172
0.09193611
0.09746194
0.09250903
0.09351492
0.08850336
0.09216070
0.07831740
0.08856416
0.11514354
0.07720685
0.08015561
0.08832526
0.09136939
0.09027958
0.08114743
0.07772279
0.08578563
0.07930684
0.09790468
0.07919216
0.08953261
0.09335351
0.08216023
0.08921003
0.09198499
0.07859206
0.08534265
0.07901788
0.07660222
0.07926559
0.09338617
0.09695745
0.08868599
0.08440280
0.08018064
0.07457423
0.08010459
0.08018398
0.15928149
0.08019233
0.07918739
0.08017898
0.09051609
0.09124970
0.09228802
0.08019805
0.08894205
0.08651376
0.07922149
0.16063070
0.08024645
0.08847547
0.08693242
0.11393476
0.15551782
0.11705971
0.09585547
0.07726765
0.08221769
0.08579469
0.07524633
0.08216739
0.08450937
0.07506704
0.07972884
0.08365464
0.08749437
0.08378744
0.08091092
0.08024144
0.09099865
0.09410310
0.08476043
0.08227158
0.08078504
0.09135342
0.09097934
0.08725834
0.09084487
0.14018393
0.08739924
0.08122492
0.14376473
0.14165545
0.14035439
0.07785106
0.09579587
0.14482450
0.09267330
0.08767033
0.08937883
0.08017707
0.09164500
0.08799648
0.08016944
0.08132768
0.08120751
0.08467031
0.08062506
0.08146620
0.08022332
0.09088016
0.08640242
0.08486557
0.07953668
0.08018208
0.09142137
0.08564615
0.07917237
0.08967090
0.09377861
0.07572007
0.09374261
0.08480167
0.07493567
0.08073306
0.08570552
0.09131551
0.08940172
0.07589865
0.08289170
0.08023429
0.08714628
0.09213805
0.10805798
0.08655286
0.09516191
0.09098577
0.08698177
0.08790827
0.12419510
0.07969546
0.08641934
0.07520866
0.10222220
0.11901522
0.09304953
0.10542369
0.09027672
0.10176635
0.08749437
0.09214377
0.08124804
0.11788154
0.12682080
0.09745479
0.08837342
0.07879972
0.07744837
0.08328271
0.07398415
0.07977009
0.08656549
0.07703996
0.09121394
0.09531474
0.09536552
0.08052969
0.08978176
0.09026790
0.08098888
0.08832073
0.08440852
0.09080863
0.07267594
0.08149385
0.09222412
0.09378982
0.08951831
0.08871484
0.08950329
0.09035993
0.08410263
0.08719730
0.11692667
0.08020997
0.07991433
0.09030271
0.07799101
0.08118534
0.09073186
0.08767056
0.09050441
0.08613849
0.08024168
0.09073758
0.09374213
0.08981419
0.12941909
0.08760691
0.08655071
0.09689045
0.08273673
0.08069658
0.08682680
0.08619976
0.08015966
0.07350802
0.08161712
0.08531332
0.08121419
0.09200835
0.09415817
0.07566953
0.08739686
0.08019233
0.08770132
0.11299515
0.08022642
0.08121920
0.09473848
0.09736371
0.07828331
0.08371425
0.08913112
0.07587147
0.08396029
0.07457256
0.08039522
0.09164619
0.07711768
0.08353424
0.09290266
0.10335135
0.08879733
0.09421110
0.09458017
0.08498025
0.08659101
0.08353591
0.08123016
0.08675218
0.09288907
0.07812071
0.08523464
0.13916492
0.08218956
0.13569403
0.07327533
0.07761669
0.11962247
0.10498452
0.09119892
0.08922219
0.13544011
0.09242511
0.11524177
0.10281181
0.13219857
0.08122420
0.08592057
0.09166074
0.07535291
0.10541868
0.08495450
0.08745933
0.13018894
0.08129382
0.12658453
0.09741998
0.10808396
0.08697510
0.08359766
0.18905401
0.10264039
0.11211705
0.07573390
0.08575416
0.09173203
0.07853627
0.08117723
0.14298153
0.10745978
0.13900805
0.12708879
0.12008333
0.10028052
0.09254408
0.08964467
0.10497475
0.09214187
0.13079333
0.07605958
0.07909846
0.08121133
0.09090924
0.07916737
0.08120608
0.11467528
0.08894253
0.09072804
0.08831596
0.08018541
0.08342147
0.08124733
0.08027458
0.09105182
0.08934617
0.09903765
0.10714722
0.09321165
0.08803153
0.12681270
0.08125472
0.08669019
0.08664560
0.07779193
0.08674884
0.08046412
0.08315420
0.12916160
0.07607508
0.08400202
0.10064912
0.14248061
0.09294724
0.07921982
0.08604002
0.08581042
0.08026052
0.08453560
0.09116602
0.08651876
0.07537580
0.08135962
0.08814120
0.11312079
0.08792019
0.08637643
0.11057520
0.10163474
0.08625460
0.08656549
0.08016133
0.08453321
0.10141206
0.10135102
0.09236383
0.08499503
0.07303071
0.08735037
0.08331680
0.07397938
0.09248352
0.09829736
0.09134412
0.09898806
0.08973312
0.09189224
0.08028078
0.07772160
0.07273865
0.08097863
0.09179616
0.08480668
0.10224843
0.08566427
0.08468962
0.09005332
0.07822824
0.09361577
0.08253479
0.08641315
0.08947301
0.08752894
0.08561373
0.08641839
0.08628297
0.08634329
0.09099913
0.08215880
0.07461143
0.08174562
0.08121943
0.08115935
0.08326650
0.08491111
0.07675433
0.09276891
0.09380293
0.08703303
0.08190227
0.08540750
0.09232235
0.08864498
0.08065748
0.08217263
0.09126663
0.08015084
0.08317518
0.09000826
0.07966900
0.08320284
0.09070754
0.09027743
0.09013653
0.09235239
0.09593487
0.07152319
0.08287382
0.08417249
0.08217311
0.09178519
0.09166574
0.08165312
0.09192920
0.09625268
0.07609200
0.08252740
0.08705664
0.07699966
0.08426118
0.08119106
0.08217621
0.09112906
0.07891226
0.07505989
0.09426761
0.09239340
0.09023023
0.08637929
0.08019471
0.09148026
0.08216524
0.08123279
0.08369803
0.08218837
0.07655144
0.08474135
0.09329772
0.09039259
0.07958555
0.08018947
0.09147120
0.09673667
0.10549068
0.08496356
0.08340263
0.09100366
0.13392353
0.08723307
0.08117437
0.08124542
0.09017944
0.12541151
0.07292747
0.08874583
0.08130169
0.08861828
0.14293504
0.11484885
0.07969213
0.09076691
0.08727646
0.08121538
0.12782097
0.12329817
0.08940196
0.08564711
0.08019090
0.08129311
0.14506841
0.13974929
0.12805748
0.11223316
0.08664727
0.08633256
0.09316158
0.09932828
0.10803914
0.08922577
0.14478016
0.11573553
0.08464170
0.07324290
0.11265206
0.08930516
0.07952428
0.08742857
0.07378125
0.08257365
0.09398484
0.10105777
0.08793497
0.08610320
0.08134294
0.09170151
0.09967756
0.08862543
0.13255000
0.08262920
0.08116007
0.07992411
0.08295774
0.08011985
0.07404017
0.08348465
0.08735085
0.07969046
0.08935976
0.07811570
0.08669448
0.09059238
0.09498739
0.08114958
0.08531237
0.08104992
0.08118176
0.08904433
0.07811618
0.07655668
0.09058881
0.08673930
0.07472873
0.08118057
0.08117223
0.08836555
0.08219957
0.08316827
0.08368206
0.08668876
0.08503556
0.08511066
0.08776975
0.08733511
0.09142518
0.07811666
0.07854080
0.08099651
0.08217072
0.08629012
0.09874678
0.09455061
0.08217239
0.08273387
0.08771873
0.08218718
0.08181787
0.08167315
0.08590293
0.09107852
0.08068228
0.08220124
0.09117317
0.08563733
0.08569741
0.09027719
0.07811570
0.08315039
0.09603572
0.09080076
0.08463478
0.09107184
0.08265424
0.07146096
0.08825707
0.08221245
0.08569884
0.08985615
0.07811689
0.08787465
0.09788084
0.10088515
0.08417964
0.08961821
0.09118176
0.08652377
0.08220482
0.08081174
0.07208824
0.08889389
0.08116484
0.08218789
0.09389925
0.09824705
0.07670689
0.08377457
0.08870363
0.08632660
0.09122920
0.08562613
0.07152772
0.09102559
0.09247470
0.07727647
0.08104706
0.08184910
0.07309890
0.09151363
0.08666563
0.07976723
0.08429861
0.08015752
0.08215332
0.08890700
0.07645011
0.08221173
0.08628631
0.08829379
0.08683634
0.09297633
0.07764769
0.08070803
0.08958960
0.07806110
0.08118057
0.08935857
0.09677553
0.09282207
0.08503938
0.08117628
0.09186006
0.13435006
0.08917904
0.08678269
0.08220315
0.11541557
0.09149718
0.10061312
0.08472013
0.08117294
0.09113050
0.07918668
0.08903813
0.08541536
0.07271051
0.08121920
0.13299465
0.09690213
0.14428973
0.08804250
0.07928824
0.08557439
0.09077883
0.14392710
0.08717108
0.07981157
0.10854435
0.10559034
0.14610147
0.10329008
0.08883643
0.13912511
0.12827682
0.12216473
0.12885594
0.10690522
0.11370587
0.13601756
0.12646723
0.08015966
0.07892370
0.08194685
0.08760262
0.08022189
0.09211540
0.08736134
0.07492781
0.08029509
0.08424616
0.09166551
0.08155346
0.08122516
0.09190607
0.09380007
0.08639383
0.09040952
0.07817316
0.08849692
0.09130597
0.10446286
0.09059191
0.09053874
0.08646274
0.09207892
0.09103346
0.08326697
0.08976579
0.08015990
0.08360553
0.09444284
0.07817674
0.09339595
0.08766127
0.07383990
0.08761430
0.08483267
0.07756090
0.08463240
0.08730459
0.07867169
0.09043837
0.07811284
0.08522415
0.08629918
0.07591200
0.08263803
0.09147525
0.07789254
0.08035660
0.09146619
0.08872032
0.08018303
0.09700203
0.14104438
0.07629037
0.08821559
0.08016443
0.09323812
0.08732486
0.07795167
0.08686709
0.08024597
0.07986736
0.09186149
0.08172822
0.08676863
0.08246732
0.09335256
0.09000349
0.08931327
0.07541084
0.09886456
0.08504272
0.09710670
0.12091732
0.13665724
0.11139941
0.08859134
0.08772182
0.08129883
0.12813902
0.08115983
0.08456731
0.09115767
0.08288455
0.08968306
0.11067390
0.09373975
0.08118296
0.09123874
0.09868479
0.08130908
0.08926916
0.07755518
0.08018184
0.07597947
0.08870411
0.08695960
0.09276628
0.09351969
0.08937001
0.08227324
0.07924461
0.09129071
0.08622217
0.08728218
0.07920432
0.08362794
0.07969213
0.07775021
0.09248543
0.08374977
0.08020353
0.09352946
0.08970666
0.08018351
0.08382869
0.07517767
0.08042908
0.08736420
0.07315397
0.08124804
0.07892799
0.08818960
0.08224416
0.09030390
0.09378767
0.07508588
0.08558321
0.08806515
0.07359958
0.08355737
0.08124804
0.08975554
0.08481503
0.07923698
0.07398272
0.08135676
0.08805895
0.07599211
0.08751678
0.08018517
0.07988477
0.08473897
0.08711696
0.09126043
0.08292603
0.08013892
0.08754086
0.09100890
0.09582734
0.09636426
0.08639359
0.08765650
0.09109378
0.07698536
0.07990956
0.08016515
0.08528614
0.07871795
0.09620810
0.08966517
0.09063148
0.08027935
0.09245276
0.09374547
0.09095931
0.08510494
0.08128357
0.09054112
0.09374785
0.13744521
0.08275676
0.08127713
0.09319901
0.09828472
0.09184098
0.08292770
0.08026958
0.08640552
0.09144711
0.09191608
0.08724785
0.08009076
0.09029770
0.07561088
0.08026576
0.08122039
0.07766676
0.08026814
0.09394932
0.09284210
0.07910204
0.08749247
0.07916546
0.08637786
0.08265829
0.08944726
0.08671069
0.07985210
0.09320068
0.14162636
0.08817697
0.07918310
0.09039903
0.09310842
0.08020258
0.08279800
0.08126140
0.07767510
0.09547138
0.13323689
0.14097142
0.08177757
0.08974981
0.08636260
0.09334421
0.09888816
0.11492157
0.10569215
0.10135150
0.09669709
0.08730578
0.07394528
0.07864475
0.08179164
0.08728886
0.08372283
0.08004594
0.08116436
0.08916712
0.13798738
0.12893200
0.09786797
0.10506344
0.09249902
0.08261895
0.08137321
0.07807994
0.08116603
0.08907676
0.07611203
0.08116841
0.08893418
0.07655334
0.09920239
0.08797431
0.08229113
0.09136510
