0.10094333
0.09366870
0.08466172
0.07919693
0.08199859
0.07556534
0.08897018
0.08562541
0.08562732
0.08272457
0.08863544
0.07904625
0.08584189
0.08739352
0.09110832
0.08931160
0.08623576
0.08263469
0.08355665
0.08973503
0.08498287
0.07811666
0.08680391
0.08016562
0.08016968
0.09167123
0.10340190
0.09045935
0.08592606
0.07919955
0.08088756
0.07456374
0.07918930
0.12006521
0.09041142
0.08799934
0.09121084
0.07916832
0.10631442
0.10742736
0.08541465
0.08365870
0.08763003
0.09405518
0.07812166
0.08881974
0.09032083
0.07816720
0.09263873
0.08699799
0.08737803
0.08443880
0.08649349
0.08134723
0.08297896
0.08669400
0.10311842
0.07948589
0.09760427
0.09195566
0.09642768
0.08539581
0.09208155
0.07587719
0.09039688
0.08148932
0.07918787
0.08934879
0.09291053
0.09374332
0.08800721
0.08722854
0.08121681
0.09391928
0.08976483
0.07924151
0.08606839
0.10960221
0.09190345
0.09200072
0.09808350
0.08731008
0.07837892
0.09230018
0.08082056
0.08022189
0.08668232
0.08773065
0.07812071
0.07755661
0.08551979
0.07817292
0.07928848
0.09265423
0.11106300
0.08727789
0.09172416
0.07817006
0.08519602
0.15079832
0.08787465
0.08912897
0.15623808
0.22251511
0.16068983
0.14845729
0.16492939
0.15058994
0.09233665
0.07455206
0.08968639
0.08486795
0.07268095
0.08763623
0.16126204
0.09090257
0.09374118
0.08766961
0.16738343
0.10742664
0.25972271
0.09417295
0.07764506
0.15784979
0.22751403
0.14918113
0.15802717
0.16156697
0.17112446
0.15716076
0.15550542
0.16170430
0.15404201
0.15022731
0.14920807
0.15299487
0.15201902
0.16364121
0.15844154
0.16007376
0.17101598
0.15626431
0.14981747
0.15524316
0.16329026
0.17391634
0.14578867
0.21146297
0.15919828
0.15906286
0.14499450
0.15973687
0.14992785
0.09243536
0.15714955
0.15097785
0.16681361
0.16512632
0.07261252
0.23645568
0.09206152
0.08665943
0.11990285
0.10942292
0.09110141
0.10138035
0.09673834
0.08550572
0.08218646
0.08068657
0.09033203
0.07616520
0.09451628
0.07812166
0.07234430
0.09125566
0.08775568
0.07531404
0.08175468
0.08238125
0.12209105
0.08346152
0.09095216
0.08431602
0.07834315
0.09069586
0.16342783
0.22878957
0.23069906
0.23521447
0.22641540
0.24016118
0.23658872
0.24016285
0.22746062
0.23310828
0.23041511
0.23408484
0.22894001
0.22843289
0.30023479
0.23524213
0.23103166
0.23261762
0.23197460
0.22771406
0.23696971
0.23337221
0.23785663
0.31148052
0.24699926
0.22193837
0.31323695
0.34226823
0.31328845
0.30382061
0.33728695
0.36669254
0.22607875
0.23039365
0.23081756
0.22894049
0.23419738
0.22487664
0.22942257
0.23151922
0.22937822
0.22095346
0.22818875
0.23396540
0.22857356
0.22906065
0.23020506
0.23031807
0.23642349
0.22627211
0.22880149
0.22849798
0.22674227
0.09512067
0.07322121
0.23049784
0.23199606
0.22200656
0.23369098
0.23305583
0.22228742
0.22269201
0.23000741
0.23312902
0.23658466
0.23110414
0.23998690
0.25546861
0.25473809
0.22484946
0.27479434
0.23498201
0.22957873
0.27950263
0.24686384
0.25686502
0.22212291
0.22542071
0.23613858
0.24142551
0.25320172
0.22728324
0.23127294
0.22895193
0.11762476
0.25209141
0.25997972
0.18387890
0.23272181
0.08021879
0.07618642
0.08383322
0.08973002
0.08676791
0.10444808
0.10618353
0.08167744
0.13102317
0.12422085
0.09012842
0.08797622
0.08710742
0.08973002
0.07633972
0.09119487
0.07160783
0.09103012
0.07877660
0.08153391
0.08107948
0.08022594
0.07272601
0.07952452
0.09133387
0.08534932
0.08453155
0.11840582
0.08018136
0.14912128
0.08516884
0.08496833
0.11383414
0.13747597
0.09591770
0.07817602
0.07925582
0.09165978
0.09256124
0.09027886
0.07506156
0.08637691
0.08718467
0.15246701
0.15933037
0.14921522
0.14535165
0.16326880
0.14720392
0.15447569
0.16093564
0.14825058
0.15895963
0.15736866
0.16177011
0.07487965
0.15783501
0.14887404
0.15735435
0.15062070
0.16043067
0.16770601
0.14766622
0.16364312
0.15896177
0.15775132
0.14608908
0.15566373
0.19809937
0.16086984
0.08800387
0.07824230
0.11993694
0.11999106
0.09542942
0.11918688
0.08569479
0.08923340
0.10694504
0.07977939
0.08745790
0.08899713
0.08913350
0.09276819
0.07923579
0.09171581
0.08512950
0.09344864
0.07687020
0.09045815
0.08803582
0.08241963
0.07928705
0.08764148
0.08801699
0.07486677
0.08017254
0.09093785
0.14320326
0.09253240
0.07822871
0.08920264
0.08832431
0.08018279
0.08683372
0.08801651
0.08456922
0.09107304
0.07917738
0.14381456
0.08441949
0.08720446
0.07859206
0.08023119
0.08936691
0.10970521
0.09516883
0.08434057
0.13619494
0.07926726
0.08642936
0.14861250
0.08657146
0.11550665
0.10608459
0.08656073
0.08609939
0.12892103
0.12609982
0.12756777
0.14216542
0.12956715
0.09484911
0.08830714
0.08843708
0.09342575
0.09093070
0.07979226
0.08193684
0.11631155
0.08197069
0.08560371
0.07883739
0.08120084
0.08123207
0.09140491
0.08117032
0.07518625
0.08211422
0.07205606
0.07965755
0.09045076
0.09924841
0.09148788
0.09718418
0.09947968
0.08011842
0.08688903
0.08847594
0.09016800
0.08940959
0.07360411
0.09025669
0.09379148
0.08980989
0.09010315
0.09085083
0.08565807
0.07861257
0.07945967
0.09125757
0.09714508
0.08706999
0.08786988
0.08709693
0.08428144
0.10112429
0.07697606
0.11856484
0.07521653
0.07283187
0.10715294
0.08481646
0.07596493
0.07918096
0.08667207
0.07785892
0.08175230
0.08959532
0.09099364
0.09066987
0.10809588
0.12841988
0.07474637
0.11665916
0.11937165
0.10112715
0.07828879
0.08021927
0.08338332
0.08661032
0.10210705
0.10349941
0.09916282
0.13096976
0.11643982
0.08660293
0.08016562
0.09342623
0.07744241
0.08000779
0.08165789
0.08836126
0.07752991
0.09042573
0.07811618
0.09681511
0.09109616
0.07691956
0.11830330
0.08923721
0.08879304
0.08194017
0.07662487
0.08328748
0.07934785
0.07714987
0.07927608
0.09131670
0.08737326
0.08122468
0.08034515
0.09161305
0.09205151
0.08482599
0.08016920
0.09091806
0.09896994
0.08781910
0.07953000
0.07696939
0.08123708
0.09114981
0.08980727
0.09077120
0.09163570
0.07360172
0.07853746
0.08525705
0.08245325
0.07741046
0.07890487
0.08747315
0.09144211
0.08888602
0.09443712
0.09261918
0.08927417
0.08915377
0.08966160
0.08321476
0.09244418
0.08876467
0.09742379
0.11008525
0.08881545
0.09176588
0.13823843
0.10186696
0.13627148
0.10395265
0.08875489
0.08245730
0.07386518
0.08100820
0.08682704
0.08573246
0.07706022
0.08645749
0.08224106
0.08739567
0.07964706
0.07669711
0.08290243
0.09259892
0.07485056
0.15708780
0.08931017
0.09057736
0.16552234
0.23699021
0.14846706
0.23845172
0.27112770
0.16717076
0.22547317
0.23598957
0.23005438
0.22716880
0.16662741
0.22294664
0.23477721
0.24465799
0.22209239
0.30395436
0.23223424
0.22817588
0.08726525
0.08747268
0.08117795
0.08766770
0.09160995
0.08603668
0.08022881
0.08942127
0.08784318
0.08026075
0.09701014
0.07911062
0.08759618
0.07919383
0.08764076
0.09309769
0.09598804
0.08888721
0.12343550
0.09732080
0.08752632
0.08695483
0.11681247
0.08574057
0.08959579
0.08226442
0.09040308
0.08772898
0.08862400
0.09395528
0.08262777
0.08788800
0.09009075
0.08704305
0.07902741
0.07917976
0.09238696
0.13949656
0.09407592
0.09586072
0.13992548
0.12858725
0.09764981
0.08071637
0.08016300
0.09075546
0.09930134
0.09087801
0.07732677
0.08748555
0.13112259
0.09120607
0.09311152
0.09896970
0.09161925
0.08353734
0.07920957
0.09953547
0.08307314
0.09893298
0.10133219
0.08796835
0.10034204
0.12009859
0.09377527
0.08597279
0.08727860
0.07922792
0.07863784
0.08836794
0.08117461
0.08755469
0.08753157
0.07794476
0.09083986
0.08024788
0.08795881
0.15822554
0.09138894
0.15548444
0.08024073
0.08984137
0.17136669
0.15719271
0.08474946
0.11319613
0.08171558
0.09190202
0.08412933
0.07504487
0.08284259
0.08491874
0.07743788
0.08024383
0.08538342
0.08615541
0.09017682
0.10940742
0.08583140
0.08614540
0.08674908
0.07750702
0.07909584
0.07125807
0.07782149
0.08097363
0.07923388
0.08954954
0.09378958
0.08973384
0.08789611
0.11735392
0.10222340
0.08836389
0.08596134
0.07232356
0.09073043
0.08472705
0.08023858
0.08991146
0.07933450
0.07926250
0.09963298
0.07815981
0.08812165
0.08484960
0.08500266
0.09128714
0.09706664
0.08605504
0.07874274
0.08632922
0.07401609
0.08150840
0.07917237
0.09120965
0.07593346
0.07489610
0.09177637
0.08367777
0.07513380
0.07940364
0.08125353
0.08654118
0.07990146
0.08437490
0.09102750
0.11070395
0.08969307
0.08570790
0.08124113
0.09077907
0.08891487
0.07097912
0.08513641
0.07926893
0.08018875
0.08001900
0.08105898
0.08770132
0.09170556
0.08807898
0.08791518
0.08564878
0.08548832
0.09298968
0.08786154
0.07922935
0.08971977
0.09076929
0.09455895
0.08841419
0.12267828
0.08887315
0.08230877
0.09074044
0.09805822
0.10492015
0.10023379
0.11154342
0.13187766
0.08640671
0.07931542
0.08023715
0.09033847
0.07816529
0.07592130
0.07945561
0.08744550
0.07396603
0.09306002
0.08218837
0.09055090
0.09393930
0.09138250
0.09068823
0.07651019
0.08801246
0.10371256
0.08724403
0.08903885
0.08293748
0.08068299
0.08869648
0.07589650
0.08179736
0.07922935
0.08787704
0.09117389
0.08499455
0.07252574
0.07885075
0.08018827
0.08825946
0.08420300
0.09020686
0.08462191
0.09619236
0.08135200
0.07956934
0.08527350
0.07275772
0.08202839
0.08911729
0.07688379
0.08129382
0.09379029
0.08642030
0.08939481
0.08484840
0.08778620
0.14082718
0.08137035
0.07804918
0.08390546
0.08589935
0.08819842
0.08741093
0.09217215
0.09227324
0.08576369
0.10458040
0.08576131
0.08700347
0.13358378
0.13825536
0.11215138
0.11583114
0.07687187
0.09074402
0.09062219
0.08735156
0.08707762
0.08826613
0.08861804
0.08057928
0.07574415
0.07934809
0.09105015
0.09524250
0.09058189
0.08705735
0.08770466
0.08336091
0.08815265
0.08118939
0.08462405
0.08109975
0.08029962
0.09021115
0.09515524
0.09110785
0.09074712
0.08734035
0.08468795
0.09032750
0.08022332
0.08655238
0.07455707
0.07791471
0.08832812
0.10949230
0.14994073
0.15218782
0.08951139
0.07606840
0.09006715
0.09032154
0.07632446
0.08985710
0.08583999
0.08754945
0.09758067
0.08899808
0.09126759
0.08550334
0.07532144
0.09331322
0.09133863
0.08767414
0.08982229
0.08598781
0.10129595
0.09536648
0.10881329
0.08200288
0.07192373
0.07695103
0.08942318
0.08017731
0.09319115
0.08972740
0.08903313
0.13963199
0.12505627
0.08435702
0.12373424
0.07411742
0.09606695
0.09124660
0.13568664
0.09355068
0.08669281
0.08097696
0.08929753
0.09341502
0.11458182
0.07922053
0.07396269
0.12831354
0.10436106
0.08920979
0.09949303
0.07634425
0.08446288
0.08777475
0.09332204
0.08828616
0.08366776
0.09126782
0.08937907
0.08975410
0.08803344
0.08748889
0.08728766
0.08637214
0.08716559
0.08437562
0.07811403
0.07821345
0.07663298
0.08128810
0.08744216
0.07894111
0.07241678
0.08589935
0.08021712
0.07929635
0.09044051
0.09374142
0.09070301
0.08885098
0.07192540
0.09114337
0.11910677
0.08819318
0.13597679
0.13489223
0.07432818
0.08028150
0.08146691
0.07468629
0.07810259
0.09023476
0.10365725
0.08122301
0.07939053
0.08509684
0.08650589
0.10065818
0.10919333
0.08618069
0.08459568
0.09449220
0.08627701
0.08039618
0.09181952
0.07792377
0.08515906
0.09107399
0.13259459
0.14090514
0.09123278
0.10272193
0.10180354
0.10190225
0.09360480
0.10667610
0.08799338
0.07389402
0.07974052
0.08797669
0.13108373
0.09028292
0.09249330
0.09130645
0.08546925
0.08023572
0.09123707
0.11248064
0.08727860
0.09318519
0.08115196
0.13595963
0.08017111
0.08126760
0.09136009
0.14675260
