0.09493160
0.08970428
0.08969736
0.09070063
0.09767699
0.09567761
0.08970380
0.08870697
0.08870292
0.08969784
0.08970141
0.08969784
0.10166025
0.08970070
0.08870482
0.08976173
0.09467649
0.08970428
0.08970428
0.08965635
0.09075332
0.08870649
0.09069562
0.08771014
0.08969998
0.08969975
0.09070015
0.08771014
0.10464501
0.08970118
0.09674978
0.09069276
0.08770967
0.08969975
0.08970022
0.08870649
0.08969998
0.08870316
0.09269023
0.08969760
0.10963678
0.09069681
0.09169412
0.08869791
0.08970404
0.09169316
0.10324025
0.09268665
0.09268999
0.08970380
0.09761763
0.10365391
0.11761022
0.11960411
0.12458324
0.14551711
0.14850545
0.17541385
0.17342520
0.18637800
0.20331621
0.20332026
0.21827126
0.23521352
0.24020052
0.25215292
0.25216031
0.23820400
0.24219418
0.24717355
0.27309132
0.24319029
0.24418354
0.24318671
0.24617624
0.25614429
0.24418354
0.24418759
0.25016379
0.24717665
0.26012635
0.25315332
0.25016713
0.24219036
0.24518156
0.24909878
0.24775958
0.25016379
0.25215697
0.25713611
0.25814080
0.25215697
0.24717379
0.24318528
0.24319029
0.24916673
0.23521733
0.23620892
0.24119306
0.25415421
0.24917030
0.24618077
0.23614097
0.25614333
0.25215769
0.25515008
0.25115991
0.24218702
0.24019670
0.24850702
0.25116396
0.24717665
0.24717498
0.24717045
0.25514698
0.25315738
0.24618053
0.24319077
0.24816799
0.25414753
0.24219346
0.23222256
0.24219370
0.23129511
0.25115657
0.24916673
0.25215626
0.25415468
0.23436999
0.24717712
0.23521376
0.24518061
0.25016332
0.24917126
0.25315356
0.27906418
0.23023391
0.23621392
0.23591352
0.24916744
0.24618006
0.24617696
0.24917078
0.22623944
0.23919702
0.23620987
0.24119020
0.20929718
0.21827364
0.23720503
0.24518156
0.23422027
0.24019742
0.23720694
0.24717355
0.21228671
0.19235516
0.20930004
0.22126126
0.22425008
0.24169922
0.23521352
0.23322392
0.23521352
0.24019670
0.23720431
0.24020052
0.24319053
0.24717402
0.25116324
0.25614429
0.25116038
0.25714111
0.27109289
0.25713968
0.26311922
0.25215602
0.25016356
0.24817038
0.25813746
0.25414824
0.24717784
0.24518347
0.24518061
0.24916315
0.24916720
0.24617696
0.25016069
0.25215864
0.25215387
0.24816871
0.24219012
0.24817014
0.24617696
0.25913477
0.25016356
0.24717712
0.24817061
0.25116420
0.26212001
0.24944973
0.24717355
0.24717355
0.23820114
0.25016022
0.24518371
0.23123074
0.23023057
0.23322010
0.25514698
0.25414920
0.24518561
0.25015974
0.24990201
0.26012611
0.25813627
0.23919988
0.23621058
0.23721027
0.25919247
0.23819995
0.23222733
0.22524667
0.23322201
0.23820090
0.24836469
0.24119020
0.22824097
0.24418521
0.24319005
0.24119425
0.24119735
0.24734020
0.24617290
0.23825812
0.25215244
0.24717093
0.23214889
0.23720670
0.24019670
0.25514650
0.25216079
0.22226024
0.18239117
0.18737316
0.20254588
0.20830560
0.22126031
0.21328664
0.22822857
0.23322034
0.24218702
0.24717760
0.24218583
0.24318695
0.24418688
0.25210834
0.25613999
0.25115991
0.24119353
0.24518037
0.24916553
0.25115776
0.25115991
0.25713944
0.25514269
0.25813556
0.24118948
0.24219060
0.25016356
0.26012826
0.24916720
0.24817061
0.23919916
0.24518371
0.25215316
0.24917054
0.25016737
0.24817133
0.25315595
0.26107979
0.26312017
0.26013017
0.25415301
0.25813293
0.26411653
0.26311994
0.25315261
0.26013350
0.27308726
0.25813293
0.25913668
0.26411700
0.25116420
0.25913143
0.25913358
0.25614691
0.25415325
0.27308464
0.26910329
0.24618101
0.26077056
0.26212311
0.26112270
0.26611209
0.25614262
0.25913477
0.26411867
0.26112771
0.26012921
0.25215650
0.25215673
0.27209449
0.25614500
0.25667405
0.25553703
0.26312113
0.27707410
0.25714397
0.25614357
0.25912952
0.26311994
0.25919104
0.25713634
0.26012588
0.25016403
0.27308345
0.25115085
0.25215292
0.25209880
0.26013207
0.25215673
0.25215292
0.26312423
0.25315452
0.26013350
0.26012802
0.25713944
0.25614786
0.26112604
0.26018429
0.26013350
0.25813651
0.25813675
0.26611233
0.25713778
0.25913358
0.25614333
0.26312065
0.25913000
0.25813413
0.26411390
0.26716828
0.27009296
0.27009892
0.25315785
0.26013041
0.25614357
0.26411748
0.25215793
0.25713992
0.25714016
0.27108979
0.25415421
0.25913334
0.25315094
0.24916792
0.25514627
0.26611471
0.25613999
0.25515079
0.25813699
0.26411629
0.25415349
0.25377393
0.25713897
0.26411462
0.26212716
0.25913334
0.26013207
0.26013160
0.26810074
0.26112962
0.26411700
0.25714350
0.25514627
0.26511383
0.26810336
0.26007771
0.26212740
0.26311588
0.26013517
0.26411343
0.26013446
0.25714016
0.26312017
0.26710725
0.26012993
0.26710677
0.25813460
0.27009392
0.26511741
0.25913382
0.26012993
0.26013350
0.26511526
0.25016356
0.25015903
0.26411748
0.25414610
0.26312065
0.25714445
0.25515103
0.25116420
0.26611471
0.25913310
0.25614119
0.25714040
0.26212287
0.27009773
0.26013494
0.25016451
0.25016356
0.25614095
0.26013446
0.25614333
0.24816990
0.25116038
0.24920964
0.26112413
0.27009964
0.25913024
0.25913715
0.25215292
0.26212788
0.25913095
0.25614858
0.25115752
0.26710463
0.25814009
0.25315380
0.25713992
0.26013041
0.26211905
0.26212716
0.26910043
0.25514698
0.26114535
0.26212001
0.26012993
0.25713682
0.26013231
0.26312065
0.26212263
0.25515056
0.25116038
0.25215697
0.26112747
0.26112747
0.26212883
0.25415301
0.25315332
0.25813746
0.25913358
0.25813317
0.25713778
0.27906656
0.26212096
0.26012659
0.26012635
0.25514293
0.25613880
0.25913382
0.26511335
0.27109790
0.26312399
0.26312423
0.25813842
0.25614333
0.26212168
0.26411319
0.26305938
0.26511312
0.25415540
0.25720525
0.26112819
0.25116420
0.24518418
0.26411247
0.26311994
0.25613928
0.25016165
0.25814056
0.25813651
0.25614071
0.25215626
0.25719786
0.26112008
0.25514483
0.25315142
0.25714064
0.24916720
0.25714207
0.24218678
0.23620629
0.24518085
0.24019194
0.24717188
0.24324512
0.24717402
0.23620772
0.24019694
0.22425389
0.22026658
0.20332360
0.20531368
0.20231986
0.21926785
0.21428728
0.21827149
0.21428394
0.21328998
0.23421884
0.23721004
0.23920274
0.23920012
0.23920441
0.24717402
0.24020028
0.23222375
0.23322415
0.22226000
0.20132661
0.22020197
0.23322010
0.23621416
0.23820233
0.23222399
0.24218750
0.23925495
0.24114704
0.24717426
0.24817467
0.27906775
0.23919964
0.23720694
0.23920393
0.24517989
0.25614214
0.23920393
0.24517918
0.24817085
0.25115681
0.24018836
0.24418712
0.24418354
0.24712563
0.24119520
0.24717522
0.24020100
0.23720407
0.21461010
0.23521352
0.22824049
0.23023152
0.23919988
0.22823691
0.23919630
0.23919773
0.23720789
0.24119687
0.23621011
0.25813746
0.25216079
0.25116420
0.25414991
0.24323368
0.25613880
0.24418068
0.24522614
0.25044489
0.26511431
0.25714350
0.25016737
0.24917054
0.24517632
0.26411629
0.25813699
0.26113009
0.24717379
0.25514770
0.25614381
0.25415540
0.25620604
0.26412058
0.26610684
0.25614738
0.25913048
0.25514269
0.26013350
0.25714469
0.27906632
0.25320649
0.25315404
0.25613976
0.25215673
0.25515056
0.25714397
0.25315022
0.25515485
0.25913382
0.25515056
0.25614023
0.25614738
0.26113415
0.25819945
0.25315356
0.26611519
0.26012588
0.25813794
0.25913000
0.26511288
0.25913024
0.25614285
0.25920391
0.26810718
0.26510882
0.25116014
0.25315309
0.25115657
0.25614858
0.25315690
0.26112294
0.25315332
0.25701833
0.26154160
0.25907803
0.26013041
0.26212335
0.26013327
0.24518085
0.25216389
0.26012778
0.26205301
0.25714040
0.26405311
0.26511455
0.24417973
0.25015950
0.24910116
0.26312017
0.26510978
0.26810336
0.26053357
0.25913382
0.25514650
0.25913334
0.24916577
0.24651504
0.25315714
0.26112747
0.27109766
0.25514936
0.25614715
0.24916673
0.26212025
0.25116396
0.25016356
0.24717212
0.24418569
0.25315356
0.25216007
0.23949051
0.24119377
0.24418736
0.25215340
0.25215697
0.24418664
0.24518013
0.24816632
0.26106524
0.25415397
0.25016356
0.25115585
0.25415182
0.26313162
0.24717760
0.24218702
0.24418402
0.25713897
0.25415182
0.24917054
0.25315332
0.25415087
0.26112676
0.25714016
0.25115037
0.25313354
0.25015855
0.25216079
0.25813341
0.24811339
0.25016356
0.24318457
0.25315523
0.24617672
0.24916577
0.25116062
0.25315118
0.27434611
0.25315356
0.23920012
0.24916983
0.26311898
0.25315642
0.25116086
0.25215435
0.25294757
0.25221562
0.24917126
0.25116014
0.25514507
0.26610661
0.26312137
0.25813746
0.24518371
0.24418306
0.25414586
0.25315666
0.24218988
0.24916601
0.24517679
0.25714064
0.25215077
0.24618030
0.25215721
0.25215697
0.25215316
0.25216079
0.24916220
0.24717426
0.24617672
0.25404835
0.25414991
0.24418116
0.24517655
0.24225664
0.26007795
0.24809027
0.24921751
0.25016332
0.24922490
0.26411724
0.26611066
0.24917054
0.25315118
0.25114918
0.25514317
0.25116372
0.24872899
0.24493814
0.23526287
0.24318624
0.24318647
0.24218869
0.24019980
0.24618101
0.25415111
0.25115991
0.24817348
0.24717307
0.25016403
0.24916315
0.24717379
0.24019694
0.25315690
0.23521757
0.25315356
0.24219060
0.24318647
0.24119043
0.23920012
0.24019361
0.24318647
0.24019432
0.22926903
0.22325349
0.22723627
0.23222399
0.22425413
0.22923303
0.23322082
0.24816966
0.21428347
0.20829940
0.21527886
0.21726942
0.22823739
0.23023272
0.23123002
0.23521709
0.24119735
0.23322010
0.23222637
0.21827197
0.21727133
0.20033002
0.20331979
0.19634342
0.17043400
0.17840385
0.17141676
0.17641044
0.16046309
0.15747714
0.16245651
0.14352322
0.14152265
0.15148258
0.14153147
0.13654232
0.13555026
0.12956309
0.11959887
0.11062908
0.10863328
0.12159348
0.10565090
0.10963726
0.11062980
0.10564899
0.10664320
0.10465026
0.11261916
0.11063051
0.10664320
0.10763931
0.10764384
0.11377358
0.11068726
0.10963082
0.10863590
0.11162710
0.11560917
0.10763979
0.10663795
0.10764480
0.10763907
0.11162615
0.11063385
0.10963702
0.11262345
0.10863709
0.11362290
0.10864067
0.11162281
0.10963702
0.10863638
0.10664749
0.10763979
0.10963726
0.10863638
0.10963392
0.11561632
0.10863662
0.10464787
0.10564613
0.11262679
0.12857389
0.10763955
0.10962915
0.10664082
0.11461329
0.11560464
0.11461687
0.11361980
0.11361718
0.11361980
0.11362338
0.11162710
0.11361957
0.10963321
0.11262393
0.11960196
0.13156390
0.13854051
0.13355732
0.12957096
0.13256025
0.13155556
0.13156033
0.12259388
0.13654375
0.12558007
0.11960292
0.12558365
0.12159586
0.11959958
0.11660933
0.11860776
0.11960006
0.12957025
0.11462045
0.11561704
0.11660576
0.11362362
0.11760426
0.11561537
0.11063409
0.11162806
0.10963678
0.12102890
0.11062956
0.11162972
0.10963464
0.10963321
0.10963464
0.10956573
0.10764146
0.10957646
0.11461711
0.11660957
0.11561632
0.11163020
0.10963297
0.10969162
0.10864019
0.10764360
0.10968184
0.10963726
0.11063385
0.10465074
0.11461663
0.10963750
0.10664701
0.10864067
0.11062980
0.11162996
0.10963702
0.11063385
0.12225461
0.10763741
0.11595845
0.10963702
0.11461639
0.11461639
0.11362362
0.10863757
0.10963321
0.10963297
0.11561322
0.10764432
0.11960030
0.11053228
0.11063027
0.10963321
0.11262298
0.11062908
0.10863590
0.11063361
0.11062479
0.11267519
0.10963702
0.12059689
0.11561418
0.11461973
0.11661410
0.12159562
0.13754392
0.14451671
0.14651322
0.14551353
0.16644335
0.16644359
0.15647292
0.16345406
0.15747380
0.16743946
0.16345334
0.18637300
0.20332050
0.19335365
0.20431614
0.22026420
0.21627688
0.22524190
0.22824144
0.22130966
0.23221993
0.23621130
0.24219131
0.24119759
0.23122430
0.24112964
0.25215340
0.23820376
0.23920035
0.23421693
0.23621440
0.23521280
