0.09468293
0.08869839
0.09069777
0.08969831
0.08771372
0.08870459
0.08870268
0.09030819
0.09170198
0.09667993
0.09368587
0.08970404
0.09767365
0.08970046
0.08764696
0.08870435
0.08771038
0.08771038
0.08870316
0.08969688
0.08871245
0.09767365
0.08870292
0.09269023
0.08970356
0.09069681
0.08870268
0.08770680
0.08670926
0.08771014
0.09520078
0.08870411
0.09767246
0.09168935
0.09767389
0.08969951
0.09069729
0.09767365
0.10066724
0.09767437
0.08820820
0.08870769
0.08872128
0.08970785
0.08870435
0.08870101
0.09469819
0.08821654
0.08920717
0.08870053
0.08869958
0.08870339
0.08870125
0.08770633
0.09269094
0.08970356
0.08870316
0.10166025
0.09168410
0.09169126
0.09171748
0.08870602
0.09867144
0.08770871
0.08969975
0.08666849
0.08771086
0.08770704
0.08724284
0.08830929
0.08771634
0.09319377
0.08870268
0.08870029
0.08770704
0.09368682
0.09568071
0.09668183
0.08970189
0.08770752
0.08970094
0.08870244
0.08870816
0.09469748
0.09369922
0.09069443
0.08921933
0.08870864
0.08870459
0.08908439
0.08770704
0.08770680
0.08770728
0.08869934
0.08770633
0.09070039
0.09958935
0.09667540
0.08970070
0.08970380
0.08723140
0.08772039
0.08870387
0.09230161
0.08924723
0.08970022
0.09071112
0.08970380
0.08970499
0.09766841
0.09069753
0.08870268
0.08770657
0.09169030
0.08869839
0.08969998
0.08870053
0.08770275
0.08870745
0.08770251
0.08870339
0.09567690
0.09667706
0.09828520
0.11362004
0.09069252
0.08970356
0.08970022
0.08969641
0.09020925
0.08770704
0.08822727
0.08870554
0.08870292
0.08771086
0.10165644
0.09468436
0.10365653
0.08770680
0.08770299
0.08770275
0.08875632
0.08970022
0.09269118
0.08722854
0.08721352
0.08822489
0.09668279
0.08836389
0.08770704
0.08671355
0.08870745
0.08771110
0.08715916
0.08589697
0.08770394
0.09268999
0.10564709
0.08970046
0.09368920
0.11560798
0.09169316
0.08969784
0.09069657
0.08870649
0.08922911
0.09023881
0.08776426
0.09070921
0.08969975
0.08869910
0.08876061
0.08971000
0.10327649
0.08770251
0.09169340
0.09169650
0.08969712
0.08969975
0.08870292
0.09069872
0.08970451
0.08870363
0.08771753
0.08870363
0.08870411
0.10365415
0.10316229
0.08969951
0.08770704
0.09069347
0.09667730
0.09817886
0.09120321
0.08912158
0.08870363
0.10364962
0.08970380
0.09567642
0.08870506
0.09168983
0.08969569
0.08970451
0.08970380
0.08870387
0.08770657
0.08969998
0.08870196
0.08770609
0.08870339
0.09169340
0.09518814
0.08870459
0.08822989
0.08977389
0.09468341
0.08822513
0.08737946
0.08870697
0.08794236
0.08870792
0.08870316
0.08970356
0.09368777
0.08870125
0.08870363
0.09169364
0.08877277
0.08969927
0.08870316
0.08870339
0.08671069
0.08905983
0.09104514
0.08802557
0.09767771
0.08870316
0.08771133
0.08970380
0.08722520
0.08822584
0.09269071
0.09168887
0.10464931
0.08969665
0.08870339
0.09766841
0.09268999
0.08970356
0.08970332
0.09369063
0.08722854
0.08925986
0.08824348
0.09070873
0.09668040
0.08970118
0.09069800
0.09618521
0.08905721
0.08922648
0.08770728
0.08922815
0.08870673
0.08970356
0.08969474
0.09268999
0.09867358
0.10066342
0.09468365
0.08969903
0.09070301
0.08871746
0.08870220
0.08871388
0.09069633
0.09023523
0.08833766
0.08994889
0.08891535
0.09169316
0.09818172
0.08870292
0.08773398
0.08870292
0.08870769
0.09069800
0.08746004
0.08970332
0.10066152
0.08969998
0.08870316
0.09120107
0.08872318
0.08821154
0.08777571
0.08870482
0.08970380
0.08870316
0.08969927
0.08871102
0.09029770
0.09568024
0.09219861
0.08821654
0.08870625
0.08870292
0.09070015
0.08970523
0.08970070
0.09069610
0.10165977
0.08870816
0.08870053
0.09468484
0.09668064
0.09667754
0.09069753
0.09468627
0.08823299
0.09766912
0.08770823
0.09069395
0.08873248
0.08869863
0.09268689
0.08770466
0.08870649
0.09667706
0.08870387
0.08721399
0.09169245
0.08970213
0.09111190
0.09667587
0.09069490
0.08970332
0.09069347
0.09169340
0.08869910
0.08870721
0.08970046
0.09070015
0.09368324
0.09069991
0.09069753
0.09269166
0.08822536
0.09022164
0.10165930
0.09534144
0.08870721
0.08970356
0.09468341
0.08869982
0.08870363
0.09268451
0.10166097
0.08771205
0.08870411
0.08870006
0.08970118
0.09070039
0.08970213
0.09269023
0.09022307
0.09269023
0.08870959
0.09269190
0.08870435
0.08969975
0.08969998
0.08870840
0.09269118
0.09069657
0.09568262
0.08770680
0.09169269
0.08878970
0.09169173
0.09120631
0.09368300
0.08772016
0.09024501
0.08969927
0.08970356
0.08870697
0.08870840
0.09368730
0.09069395
0.08970046
0.09069705
0.08870244
0.08770680
0.08870363
0.08970356
0.08969951
0.08672142
0.08724236
0.08870530
0.08770609
0.09159827
0.08804154
0.08822894
0.08870292
0.08970094
0.08870292
0.09567690
0.08870673
0.08970094
0.08970499
0.08770490
0.09268713
0.08870339
0.09867096
0.09169340
0.08969951
0.09020925
0.08823013
0.09021974
0.08870316
0.08830047
0.08876896
0.09169078
0.08939362
0.08671331
0.08983946
0.08870029
0.09269023
0.09867334
0.09169316
0.08969736
0.09169102
0.08870649
0.09468317
0.11461711
0.09368658
0.09020519
0.09069800
0.08870339
0.08870506
0.08870554
0.08770514
0.08870363
0.08935070
0.08853841
0.08871508
0.09798717
0.09667969
0.08870745
0.08870697
0.08870387
0.08869910
0.08771086
0.08870721
0.09069276
0.08770370
0.08870363
0.08670545
0.09866548
0.08915997
0.08789015
0.08771038
0.08772111
0.09521627
0.09831119
0.08969712
0.09069300
0.08867979
0.08970284
0.10266066
0.08970070
0.09567690
0.09069681
0.08970332
0.08770776
0.08870268
0.08770418
0.08970094
0.09069300
0.09069657
0.09220076
0.09220910
0.08772230
0.10227752
0.08870387
0.08771014
0.08771348
0.08870316
0.08869839
0.08870339
0.08576727
0.09474874
0.08770680
0.08870292
0.08969975
0.08770680
0.10364985
0.08970022
0.08870268
0.08970070
0.09368753
0.09568048
0.08969998
0.09069657
0.08984160
0.08870316
0.09079790
0.09568286
0.09192085
0.09517217
0.09021020
0.09021187
0.09021735
0.09069633
0.08969545
0.09069777
0.09069514
0.09667587
0.08869910
0.08970141
0.08870721
0.09468341
0.08870363
0.08837247
0.08770752
0.08970451
0.09071159
0.09369683
0.09866500
0.09069705
0.08870697
0.08870339
0.08770227
0.08970070
0.09766746
0.09169817
0.09069204
0.08970284
0.08869720
0.08871818
0.09069800
0.08970141
0.08970380
0.09569097
0.08870888
0.08821297
0.09169316
0.10465002
0.09767246
0.08970618
0.08870220
0.08870482
0.09567976
0.08870292
0.08770704
0.09069681
0.08922172
0.09021163
0.09169388
0.09522390
0.09163833
0.09667611
0.10222387
0.08970737
0.08969522
0.08870792
0.08870339
0.08970380
0.08969617
0.09069276
0.09069467
0.09069443
0.09070110
0.08770776
0.08770323
0.08969688
0.08770609
0.08976197
0.08870316
0.09121084
0.08864975
0.08871102
0.08671117
0.09069324
0.09297085
0.09867096
0.08970356
0.08770585
0.09667754
0.08771110
0.09667444
0.08770704
0.08870506
0.08870053
0.08870053
0.09468269
0.08870220
0.08870912
0.08870482
0.08970785
0.08979225
0.09468317
0.08971500
0.08870816
0.08870459
0.08670568
0.09069467
0.09468508
0.08970499
0.08870077
0.08969951
0.09069633
0.08870292
0.08870316
0.09169221
0.08870673
0.09070063
0.08969736
0.08822083
0.09567690
0.08832884
0.08870459
0.09069610
0.09044075
0.08870459
0.09468341
0.08970380
0.09568095
0.08870506
0.08970332
0.09268594
0.09169769
0.09268975
0.08870387
0.09368253
0.09767127
0.09268975
0.08921647
0.08921790
0.08970714
0.09069824
0.08870673
0.09570003
0.09069300
0.08970547
0.08870006
0.08970165
0.08976746
0.09069252
0.09069681
0.09069800
0.09069991
0.08970332
0.08870244
0.09268999
0.09667802
0.08771086
0.09023333
0.08670783
0.08969903
0.08870244
0.08869886
0.08870697
0.08772206
0.09070611
0.10116458
0.08787131
0.08770776
0.10574436
0.09069824
0.09169340
0.08970451
0.08869958
0.08970070
0.09069943
0.08870363
0.09468389
0.08970070
0.08724809
0.09368610
0.11561036
0.09167099
0.09120178
0.09027958
0.09420562
0.09069300
0.08821750
0.09268546
0.08770633
0.08874893
0.08969665
0.09070206
0.08870125
0.08770680
0.08771062
0.08969665
0.08821583
0.08787417
0.08970714
0.09124494
0.08970046
0.08970380
0.08770943
0.08722901
0.08822560
0.09221315
0.09069705
0.09567952
0.08969688
0.08870316
0.09667635
0.08870268
0.08964658
0.08875465
0.08969736
0.09468293
0.08970070
0.08869839
0.08870316
0.08929658
0.08870673
0.09268594
0.08970046
0.09006882
0.09020877
0.08971548
0.12363887
0.09069729
0.08870649
0.08771229
0.08770275
0.08771014
0.09269023
0.09169722
0.08870387
0.08870649
0.08771014
0.08770680
0.08870292
0.08672404
0.09070683
0.10071945
0.09070015
0.08772087
0.09818935
0.08970070
0.09069848
0.08970046
0.08969998
0.08670998
0.09169054
0.08870411
0.09163928
0.08870339
0.08870363
0.08969951
0.09368253
0.08870316
0.08969855
0.09070635
0.09567761
0.09069467
0.08870029
0.08866048
0.09020710
0.08970165
0.08629441
0.08770323
0.10074806
0.09568000
0.08869863
0.08969450
0.08870721
0.09070015
0.08870244
0.08770657
0.08870387
0.08672118
0.08824801
0.08870840
0.08871341
0.09368634
0.08671260
0.08822370
0.09021711
0.08919454
0.08921075
0.08771396
0.09368372
0.10065937
0.09269023
0.09069300
0.08970380
0.09667420
0.09269071
0.09269404
0.08970499
0.08870387
0.08870673
0.08871460
0.08770704
0.08871245
0.08772063
0.08920336
0.09020877
0.09168983
0.09567380
0.08870459
0.08870459
0.09667659
0.10364985
0.08870625
0.08770299
0.08870578
0.08870721
0.09568048
0.08870220
0.09069300
0.09368539
0.08970428
0.08770132
0.08862162
0.08870816
0.08869982
0.08870792
0.08969784
0.09070063
0.09069300
0.08870363
0.08870339
0.09269094
0.08870339
0.08771038
0.08870363
0.09866762
0.09603333
0.09169269
0.08970141
0.08770204
0.08870864
0.08869863
0.08970356
0.09867406
0.08922267
0.08870912
0.08869910
0.09268570
0.09169245
0.09168983
0.09169674
0.08969522
0.10066128
0.11761093
0.10464692
0.12956595
0.09323764
0.09247327
0.09169030
0.08970380
0.09867406
0.08870673
0.08869982
0.09667277
0.08970404
0.09069681
0.09368634
0.09168673
0.12060046
0.09069419
0.08870268
0.08850098
0.08972883
0.08969975
0.09069443
0.09064960
0.08824110
0.08871460
0.10664368
0.09383249
0.09086537
0.09020853
0.09020948
0.08970094
0.09519887
0.09369040
0.09070134
0.09966421
0.09568143
0.09568071
0.08870339
0.09369040
0.09468651
0.08970022
0.10217071
0.09170365
0.08971357
0.08964634
0.08837700
0.09268999
0.09169436
0.09766912
0.09468436
0.08970070
0.08870077
0.09568477
0.08970046
0.08870387
0.08870339
0.08870506
0.08970094
0.08922219
0.10067534
0.09468031
0.09069443
0.09069657
0.08969975
0.08971000
0.08976698
0.08922148
0.08922315
0.08970475
0.09026337
0.08870292
0.08920741
0.09468007
0.08970046
0.09069610
0.09368801
0.08969903
0.09169769
0.09070063
0.08870292
0.08870125
0.08870721
0.08870530
0.09668112
0.09220982
0.09819841
0.08970571
0.09069705
0.09338903
0.09369755
0.10166216
0.09021354
0.09070039
0.08970428
0.09070039
0.09168959
0.09368658
0.10863972
0.08969975
0.09268951
0.08870339
0.08970380
0.09069300
0.09000874
0.08970475
0.09076095
0.09270072
0.08970189
0.09169316
0.10464954
0.09169412
0.09667873
0.10365486
0.08870363
0.08970356
0.08771038
0.09368682
0.08870053
0.08969998
0.08970380
0.08969998
0.08921695
0.09219742
0.09020925
0.08870363
0.08970308
0.09069395
0.09867620
0.08869863
0.09021878
0.08770680
0.09069252
0.09070182
0.08770657
0.08869982
0.10670352
0.08771110
0.08970022
0.09168959
0.11063528
0.09069610
0.09067273
0.08971453
0.08970165
0.08770514
0.09138584
0.08969927
