0.09468770
0.08870673
0.10564375
0.09169197
0.08870339
0.08870697
0.08770442
0.08969998
0.08969998
0.08870339
0.08970404
0.08963513
0.09074998
0.09069681
0.08969831
0.09667444
0.08870339
0.08970022
0.08969808
0.08870316
0.09069514
0.08970022
0.08969593
0.08770704
0.08870697
0.08970356
0.09070063
0.09567833
0.08969927
0.08969736
0.08870292
0.08970618
0.08771062
0.08870625
0.08969688
0.08870292
0.08869529
0.08969927
0.09169364
0.08670616
0.09269071
0.08870411
0.09169364
0.08870316
0.09667468
0.08870339
0.08869958
0.08969784
0.08970070
0.08970356
0.08671236
0.08870363
0.09070086
0.08970356
0.08770776
0.08970356
0.08771086
0.08969951
0.08970404
0.08870602
0.08870292
0.08970332
0.09070063
0.08970022
0.08970070
0.09967208
0.08870745
0.08970022
0.09069204
0.08970404
0.08870721
0.08969712
0.08870411
0.08970404
0.08969998
0.08870697
0.08970022
0.09368706
0.09269071
0.08969975
0.09070110
0.08970046
0.08970380
0.08970451
0.08970380
0.09069824
0.09069681
0.08970141
0.08771062
0.09069490
0.10564661
0.09368682
0.08970642
0.09169340
0.08969975
0.09169316
0.09170008
0.09866977
0.08970380
0.08771086
0.08870459
0.08770752
0.09966969
0.08969736
0.08770299
0.09169698
0.09369040
0.08969998
0.08770442
0.08771133
0.08771062
0.08870316
0.08969784
0.08970022
0.09767365
0.08870745
0.08870697
0.08870411
0.08963704
0.08970428
0.08869934
0.08870530
0.08870363
0.08916736
0.08870769
0.08870196
0.09767365
0.10066366
0.08969975
0.08870578
0.09269023
0.08870697
0.08770704
0.08870029
0.08969760
0.09169364
0.08970046
0.08870602
0.09269166
0.09468222
0.08969975
0.09070063
0.08970094
0.08870649
0.08969593
0.08870244
0.08870816
0.08969975
0.08970022
0.08970475
0.08870602
0.08770800
0.09667635
0.08969879
0.10465193
0.08970332
0.08970356
0.08870268
0.09169316
0.09667993
0.08970356
0.08969998
0.08870745
0.08975649
0.10962987
0.08870101
0.08870482
0.08970022
0.08870792
0.09767318
0.08870745
0.08975124
0.08969975
0.08870029
0.08871436
0.08870697
0.09169149
0.09268951
0.09070063
0.08970428
0.08770704
0.08869886
0.08964252
0.08670640
0.08970261
0.08969617
0.09169507
0.08969975
0.08969831
0.09569287
0.08970046
0.08771014
0.08970022
0.08969641
0.08969808
0.08870745
0.08970404
0.08969879
0.08869958
0.08870673
0.08970022
0.09567571
0.08770585
0.08969998
0.08870363
0.08970022
0.08869863
0.09568024
0.08969831
0.08870292
0.09368730
0.08970404
0.08870506
0.09069324
0.09368610
0.08969975
0.08870745
0.08770680
0.08770919
0.08773804
0.08970404
0.09477711
0.08870602
0.08770776
0.08970022
0.08876085
0.09667110
0.08870459
0.08870387
0.08970284
0.08870435
0.08671260
0.08770776
0.08770728
0.08870602
0.08967686
0.08969975
0.08870077
0.09368753
0.09169126
0.09069681
0.09070063
0.08970308
0.09069347
0.08969641
0.09169745
0.09069586
0.08870459
0.09169364
0.08970094
0.09169149
0.10165620
0.08969641
0.09069324
0.08869004
0.08869982
0.08870292
0.09075236
0.09063482
0.08870554
0.08969998
0.08869982
0.09269023
0.08770275
0.08970070
0.08969975
0.09069657
0.09269023
0.08870316
0.08970237
0.08770990
0.08870006
0.08770943
0.08671427
0.09761691
0.09069753
0.09169388
0.09169793
0.08870125
0.08969665
0.08970022
0.08970380
0.08969760
0.08870363
0.08870268
0.08870697
0.09966302
0.08870316
0.08870721
0.08770633
0.08969998
0.08770657
0.08970356
0.08870554
0.08869839
0.09960508
0.09069848
0.09069657
0.09069753
0.08870840
0.08970046
0.08770585
0.08578205
0.08770680
0.09069920
0.08870792
0.09070039
0.08970332
0.08970261
0.09368706
0.09070015
0.08870840
0.09767365
0.08970094
0.08674121
0.09568357
0.09070063
0.08870292
0.09069824
0.08870697
0.09069777
0.09368372
0.09069419
0.09069395
0.09069276
0.09069657
0.09169650
0.08870339
0.08870029
0.09169126
0.09069109
0.09867454
0.09568071
0.08870411
0.09070110
0.08670640
0.08770347
0.08965111
0.08770561
0.08771062
0.08864808
0.09468079
0.08965492
0.09070086
0.09168935
0.09567571
0.08969736
0.08970189
0.08865190
0.08870673
0.09069681
0.09070086
0.08770394
0.08870268
0.08870173
0.09268618
0.09468746
0.09069729
0.08969998
0.08770728
0.08970428
0.09175324
0.09468317
0.08969951
0.08970022
0.08969903
0.08977032
0.09368563
0.10863495
0.08970046
0.08970046
0.08970094
0.08869910
0.08875799
0.09070086
0.08870029
0.08770704
0.08870006
0.08970356
0.08770823
0.09269166
0.08970046
0.09169364
0.08870435
0.08770633
0.08970404
0.08870339
0.08870459
0.08770704
0.08670855
0.08875847
0.10265970
0.09767365
0.08969927
0.08870363
0.08870220
0.08870268
0.08870149
0.08969498
0.08870316
0.08864999
0.08770299
0.08770704
0.08870721
0.09667301
0.09568262
0.08826590
0.08903313
0.09069943
0.09069657
0.08870220
0.08870411
0.09069681
0.09269357
0.08970118
0.10166073
0.08870387
0.09966683
0.08970046
0.08970380
0.09070063
0.08969569
0.08870244
0.08969831
0.08869553
0.08870316
0.08870363
0.08969998
0.09075308
0.09368777
0.08870149
0.09069729
0.09767652
0.08765984
0.08771038
0.08870387
0.08670616
0.08770394
0.08870721
0.08970404
0.08770704
0.08870387
0.09760833
0.08869910
0.09070015
0.08869958
0.08970380
0.08969903
0.09568024
0.09069204
0.08969975
0.08874822
0.09069800
0.09070063
0.09667301
0.08969975
0.09069562
0.08970141
0.09069347
0.09070086
0.08870363
0.08970451
0.08870459
0.08969927
0.08870244
0.09468365
0.10065961
0.08969975
0.08970022
0.08970332
0.08964419
0.08870339
0.08870697
0.08970380
0.09069848
0.08970022
0.09070063
0.08956480
0.10166121
0.09070086
0.09567642
0.08870673
0.08875537
0.08867860
0.08969998
0.08969975
0.08970380
0.08864427
0.08870268
0.09468269
0.08870745
0.09866977
0.08969593
0.09369063
0.10165715
0.08770657
0.09069371
0.08969927
0.08970118
0.08859468
0.08754778
0.09767699
0.08970118
0.09867406
0.09668016
0.09070015
0.08870697
0.08969998
0.08970356
0.08870339
0.08969545
0.09368706
0.10365510
0.09069633
0.08969951
0.11262345
0.08970380
0.08970094
0.08770919
0.08969808
0.09069943
0.08870721
0.08870721
0.08770752
0.08770943
0.08770394
0.08870697
0.09368730
0.09169531
0.09169364
0.08970332
0.09567690
0.08870745
0.08877134
0.08770990
0.08769941
0.08770275
0.08771157
0.08969998
0.09069657
0.09368515
0.08970428
0.08970189
0.08970022
0.08875513
0.08969903
0.08970404
0.09668088
0.09069633
0.09767318
0.08870316
0.09169006
0.09269118
0.08969593
0.08970022
0.09169674
0.08767438
0.08771038
0.08970022
0.08970356
0.08870721
0.08870339
0.08870721
0.08870506
0.09568214
0.08970022
0.09169722
0.08870721
0.08969784
0.08969760
0.08870268
0.09468365
0.08870125
0.08976936
0.08870530
0.09169292
0.09468341
0.08970451
0.08870721
0.09070158
0.08870745
0.08964038
0.08870363
0.08870244
0.08870339
0.08666992
0.08870220
0.08969641
0.09866691
0.09069753
0.08870673
0.08771086
0.08771086
0.08869791
0.09070015
0.08969975
0.08870769
0.08870244
0.08870745
0.08970046
0.09368777
0.09368515
0.08870745
0.08970451
0.08870721
0.08870387
0.08870244
0.09269333
0.08875942
0.08870506
0.08771038
0.09268999
0.09069705
0.09468770
0.08970428
0.08970380
0.09069657
0.08969736
0.08970094
0.08771276
0.08970404
0.08970404
0.08970380
0.08870482
0.08870673
0.09567618
0.08969975
0.09268951
0.08870411
0.08870721
0.08771110
0.08970380
0.08870316
0.08970404
0.08969998
0.08864832
0.08770633
0.09069729
0.09268975
0.08870363
0.08771014
0.09070086
0.08672142
0.08770609
0.08870363
0.08964014
0.08970356
0.08870673
0.08870363
0.08770657
0.09567642
0.09169316
0.08969998
0.09269094
0.09069300
0.08969665
0.08864021
0.08770370
0.08770299
0.09473991
0.09667444
0.09268832
0.09667206
0.13156271
0.09568405
0.10465074
0.14351749
0.22923303
0.31096005
0.31295323
0.30099273
0.29625368
0.29849887
0.31583595
0.30199075
0.29900408
0.30199027
0.30099535
0.30199361
0.30498099
0.30099368
0.29895663
0.30597734
0.29900575
0.30099750
0.30298710
0.31693625
0.29501224
0.29708171
0.29899788
0.30469894
0.30199385
0.30403900
0.30398345
0.31095648
0.30199385
0.30298686
0.29900336
0.30896330
0.30299139
0.30199504
0.30365086
0.30696988
0.31893396
0.30199409
0.30199456
0.30696917
0.30398488
0.30299091
0.30216789
0.32092357
0.29999852
0.30199122
0.29999757
0.30896783
0.30498123
0.30293059
0.30093002
0.30797052
0.29900002
0.29899883
0.29800749
0.30697727
0.30199003
0.30099320
0.30198669
0.30398297
0.30697489
0.30996776
0.30099511
0.30193090
0.30497670
0.30397916
0.30896354
0.30697560
0.29543543
0.30099320
0.30597758
0.30199456
0.30099797
0.30099392
0.31195283
0.30099773
0.30099702
0.29501367
0.30496955
0.30199432
0.31794071
0.30199122
0.30199003
0.29900074
0.29944015
0.30099726
0.30497837
0.30797005
0.30199361
0.30198693
0.30298710
0.31494665
0.30398369
0.29999661
0.29800749
0.30597734
0.29501724
0.29601407
0.29900026
0.30199075
0.30000043
0.29700732
0.29700708
0.30597711
0.30199027
0.30098987
0.29900432
0.30398464
0.30099726
0.30099416
0.30796647
0.32192326
0.30199051
0.30000067
0.29701066
0.30995965
0.29899645
0.30199409
0.30100060
0.30372572
0.30199003
0.29999328
0.30398345
0.30697727
0.30100536
0.30099750
0.30198979
0.30299044
0.30000114
0.30099726
0.30198002
0.30398273
0.30099773
0.30099940
0.30498099
0.30498242
0.32106805
0.30199003
0.29898858
0.30298638
0.29601097
0.30298376
0.30397940
0.29800272
0.29900074
0.29800320
0.30099750
0.29701018
0.29695916
0.29799914
0.30099297
0.30697751
0.29402065
0.29501700
0.30198646
0.30299115
0.32890153
0.30099702
0.31096196
0.30099726
0.30471635
0.30099392
0.31993389
0.30099368
0.30099368
0.30000114
0.30797005
0.30199170
0.29501128
0.29601121
0.29401350
0.30398297
0.30099726
0.29799962
0.29805517
0.30298662
0.31893754
0.29999256
0.29999137
0.30398011
0.29905868
0.29302549
0.29302526
0.30597711
0.29900384
0.29202318
0.30098939
0.30797124
0.30199409
0.29999518
0.30099344
0.30298758
0.30797267
0.29708052
0.30217695
0.30199242
0.30000043
0.29601002
0.29501343
0.30298758
0.30498028
0.29999733
0.30398726
0.30597425
0.30199242
0.30299067
0.30996776
0.32890034
0.29999614
0.30298281
0.30099440
0.30597782
0.29900408
0.29800749
0.30098987
0.31095529
0.30199170
0.29939604
0.29800463
0.30597734
0.29700661
0.29501700
0.29501367
0.30398369
0.30099392
0.29532313
0.30797052
0.30398345
0.29893494
0.30199075
0.30597687
0.30697584
0.29899716
0.29999375
0.30305409
0.30697560
0.30298734
0.30099702
0.30298829
0.30298710
0.32093048
0.31634665
0.30298519
0.30191278
0.29800367
0.29999328
0.30597401
0.29800653
0.29501295
0.30099344
0.31694388
0.30099750
0.29601026
0.29800200
0.30299139
0.30099463
0.29753232
0.30000043
0.30995870
0.30298734
0.29302382
0.29302144
0.30398536
0.30198812
0.29999495
0.29899669
0.30896664
0.29800749
0.29501677
0.29700685
0.31494403
0.30497861
0.29501724
0.29401779
0.30198979
0.31793833
0.29999661
0.30000114
0.30099010
0.29999638
0.29701066
0.30105734
0.30995989
0.29999709
0.29900217
0.29402041
0.30398798
0.30298758
0.29948139
0.30099320
0.30398345
0.30199480
0.29601121
0.29999471
0.30398345
0.30099368
0.30199361
0.30797386
0.30398369
0.31096387
0.30298352
0.30298853
0.31196094
0.29999852
0.29601407
0.30696964
0.30298662
0.30496097
0.31893706
0.30697894
0.29999733
0.30597615
0.29103136
0.30597210
0.30199385
0.29800200
0.30000138
0.30697346
0.29700613
0.30205250
0.30099678
0.31096363
0.28909206
0.29999352
0.30000138
0.30199409
0.30298829
0.30099344
0.30099273
0.30299091
0.30298662
0.29900050
0.29999733
