0.09767723
0.08870673
0.09169698
0.09866619
0.08970308
0.08970308
0.08897424
0.08969975
0.09042096
0.08969784
0.09368348
0.09268904
0.09069562
0.09169531
0.08876729
0.08870339
0.08969784
0.08969927
0.09468341
0.08970022
0.08969998
0.08870435
0.09169292
0.09069586
0.08969998
0.08870292
0.08969450
0.08870673
0.08970165
0.08870435
0.08870316
0.08770680
0.08870339
0.08869982
0.08976078
0.09268570
0.08870363
0.08970380
0.08870292
0.08870268
0.08870006
0.08776236
0.09069300
0.08770704
0.08970118
0.08770585
0.08970070
0.09767103
0.10166383
0.08870411
0.08870697
0.08870411
0.08770347
0.09263849
0.08831573
0.08729935
0.08870721
0.08969665
0.08870530
0.09568048
0.08870554
0.08770657
0.08771038
0.08770728
0.08870459
0.08969998
0.08870459
0.08970118
0.09069633
0.08870006
0.09169745
0.09368706
0.09561849
0.08870697
0.08870292
0.08870673
0.08770418
0.08771014
0.08870316
0.08670592
0.08970380
0.09069681
0.08870244
0.09568071
0.08969998
0.08970523
0.08670807
0.08771038
0.08771038
0.08670878
0.08670712
0.08765507
0.08970380
0.08869982
0.08770680
0.09467983
0.08970022
0.08870697
0.08770609
0.08969736
0.08969927
0.09071469
0.09667683
0.08932042
0.08870673
0.08870387
0.08969712
0.09468365
0.09069991
0.08969927
0.08770680
0.08970022
0.08870578
0.09268999
0.09667802
0.09070539
0.09069610
0.08969998
0.08970118
0.09368682
0.09070134
0.09069705
0.08770752
0.09368348
0.09069753
0.08969903
0.08670664
0.08870339
0.08970118
0.08970022
0.08770609
0.09169364
0.08870721
0.08870053
0.08970428
0.08771110
0.08670664
0.08670759
0.08775973
0.10465288
0.08870697
0.08770275
0.08570838
0.09269381
0.08970046
0.09069729
0.08969951
0.08969927
0.08671355
0.08770561
0.08969665
0.08570933
0.08770418
0.08870673
0.08870697
0.10066295
0.08870101
0.08870625
0.08970022
0.08771300
0.08770704
0.08870363
0.08770299
0.08770561
0.08770657
0.08770657
0.08770752
0.08969593
0.09269357
0.09269333
0.09369087
0.09269118
0.08870411
0.08870697
0.09368658
0.09069681
0.08969617
0.09544420
0.08969498
0.09070039
0.09866667
0.09567618
0.09867001
0.08870816
0.09667754
0.09667969
0.09368396
0.08670592
0.08865714
0.09069657
0.09069753
0.08970094
0.09468412
0.09069681
0.08970332
0.09269357
0.08770990
0.09739256
0.09508276
0.08970380
0.08969808
0.08870625
0.08970404
0.08870316
0.09069729
0.08870268
0.08870864
0.08970094
0.08970165
0.08870697
0.08870053
0.08970189
0.08870673
0.08770370
0.08770251
0.08776450
0.09966803
0.08970261
0.08770347
0.08870625
0.08870316
0.08770680
0.08870244
0.10465050
0.08970022
0.08771062
0.08870292
0.08869982
0.09468269
0.09176660
0.09567618
0.08870673
0.08770657
0.08870387
0.08771086
0.08870673
0.09767318
0.08870625
0.08870816
0.08870673
0.08870316
0.09368491
0.08869934
0.08870697
0.08770919
0.08870316
0.09568095
0.08770323
0.08870316
0.08870125
0.08970380
0.08870006
0.08870745
0.09268618
0.09069657
0.08870268
0.08970022
0.08870506
0.08736324
0.08571720
0.08870363
0.08969975
0.08870459
0.08870530
0.08770633
0.08970404
0.09468317
0.08870745
0.08771038
0.08869982
0.08870339
0.08770394
0.08770967
0.08770490
0.08765650
0.08671403
0.08969998
0.08770418
0.09567642
0.08870840
0.08870840
0.08870673
0.08770585
0.08770847
0.08870697
0.08770323
0.08870697
0.08770657
0.08870339
0.08870625
0.09568119
0.09069395
0.08671188
0.08870554
0.09767032
0.08770776
0.08975673
0.08770609
0.08970022
0.08870339
0.08870006
0.08870316
0.08870006
0.09568024
0.08969998
0.08870220
0.08770633
0.08870316
0.08770680
0.08670974
0.08765888
0.08770657
0.09468341
0.08969975
0.08870411
0.10072756
0.09369040
0.09168983
0.08870339
0.08571291
0.08670998
0.08770704
0.08771014
0.08670664
0.08770275
0.08771038
0.08770657
0.09070086
0.09169316
0.08969975
0.08863115
0.08771014
0.08670664
0.08670783
0.08670998
0.08771014
0.08970380
0.08969903
0.08770990
0.08770657
0.09290218
0.08779049
0.08870292
0.08771253
0.09068966
0.08870625
0.08870339
0.08770323
0.08770633
0.08670998
0.08670998
0.08870673
0.08776379
0.09568024
0.08870339
0.08970165
0.08870649
0.08870339
0.08771038
0.09268999
0.08770800
0.08870339
0.08870697
0.08770657
0.08970809
0.09174514
0.08870363
0.08771014
0.08876181
0.08770657
0.08770657
0.08870459
0.09069705
0.08969951
0.08870602
0.08970594
0.08870721
0.09667683
0.08770704
0.08970022
0.08870625
0.09468126
0.08870339
0.08870649
0.08870769
0.08969998
0.08870101
0.08876657
0.09579873
0.10814190
0.08870387
0.08869982
0.08766031
0.09468842
0.08571315
0.08770680
0.08970022
0.08970046
0.08765030
0.08870745
0.08970118
0.09568000
0.08770561
0.08970380
0.09069657
0.08970380
0.09169412
0.08870316
0.08770847
0.09369040
0.08770657
0.08670998
0.08770871
0.09667659
0.08770251
0.08870721
0.08969998
0.08964109
0.08770251
0.08970046
0.08870745
0.08969951
0.08670902
0.08870125
0.08970189
0.09269333
0.08770299
0.08970356
0.09075165
0.08770633
0.08870339
0.08870673
0.08870292
0.09169102
0.08870363
0.08970118
0.09069753
0.09667110
0.09868145
0.08770990
0.08870077
0.08870363
0.08870554
0.08770800
0.08969975
0.08970404
0.08870387
0.09475303
0.09169459
0.08970404
0.08770823
0.08770680
0.08771014
0.09966660
0.08670664
0.08770609
0.08671069
0.08865690
0.09269285
0.08870363
0.09169698
0.08870721
0.08870721
0.08770704
0.08870769
0.08770752
0.08571553
0.08770204
0.08970141
0.08776259
0.08670998
0.08770704
0.10066676
0.08770728
0.08876395
0.08671188
0.08766174
0.08770299
0.08670902
0.08969975
0.08869982
0.08770800
0.08870006
0.09069800
0.09069729
0.08770633
0.08770776
0.08671021
0.08677053
0.08970356
0.08870053
0.08770967
0.08770561
0.08870697
0.09015012
0.09369111
0.08770680
0.08970356
0.08870745
0.08671021
0.09070063
0.08771133
0.08671403
0.08870697
0.08770633
0.09268880
0.08870387
0.09218335
0.09767056
0.08869886
0.08770657
0.08870316
0.08577991
0.08872175
0.08870053
0.08969665
0.08870316
0.08970022
0.10066319
0.08870649
0.08770299
0.08969617
0.08870101
0.08770895
0.08876729
0.08770704
0.08870387
0.08771038
0.08870697
0.09269333
0.08870721
0.08832908
0.10462379
0.08982754
0.08770585
0.08870053
0.08869934
0.08770370
0.08671379
0.08571005
0.09168935
0.08901405
0.09767246
0.08870220
0.08870053
0.08771062
0.09269452
0.09568024
0.08970022
0.08771038
0.09368658
0.09169340
0.09667945
0.08970451
0.08770680
0.08870029
0.08870459
0.08870244
0.09069371
0.08670998
0.08970213
0.08771014
0.09268355
0.08870316
0.08969975
0.08870435
0.09468174
0.08771110
0.08870363
0.08770728
0.08870673
0.08875537
0.08771062
0.08870387
0.09568381
0.08969617
0.08770680
0.08870006
0.09368634
0.09069705
0.08855152
0.08865094
0.08775949
0.09269047
0.09567976
0.09568000
0.08770585
0.08870697
0.08770370
0.08970380
0.09473801
0.09069777
0.08970380
0.08875608
0.08870673
0.09069681
0.09069228
0.09368634
0.09169459
0.09069729
0.09168315
0.08969998
0.09069705
0.08765721
0.08969998
0.09075832
0.09069681
0.08870673
0.08869910
0.09268975
0.08770704
0.09667706
0.08975720
0.08770561
0.08870292
0.08870339
0.08770657
0.08870006
0.08870697
0.08770847
0.08870149
0.09468317
0.09563088
0.08870721
0.09668016
0.08970332
0.08870316
0.08870006
0.08770990
0.08870649
0.08870649
0.08870316
0.08770633
0.10165691
0.08970404
0.08970380
0.12259150
0.08771038
0.08870316
0.08770514
0.08670664
0.08670735
0.08770680
0.08671355
0.08870673
0.09376240
0.09568024
0.08670998
0.08970284
0.08970070
0.08771181
0.08870387
0.09867072
0.08870387
0.08870721
0.08870125
0.08870387
0.09268785
0.09069657
0.08970165
0.09268951
0.08870888
0.08870530
0.08770680
0.08770680
0.08870482
0.08870339
0.08970165
0.08771062
0.08870292
0.09368753
0.08970046
0.08870435
0.08671427
0.08870506
0.08770633
0.08670712
0.08870673
0.08969951
0.08870387
0.08870745
0.09568191
0.09368801
0.08870363
0.09668088
0.08870721
0.08870363
0.09269452
0.08969998
0.08970213
0.08870721
0.08870554
0.09468007
0.08870769
0.09369087
0.09268975
0.08870363
0.08876324
0.09169292
0.08869982
0.08770251
0.08770442
0.09567595
0.08770704
0.08970022
0.08870673
0.08969998
0.09767032
0.08970046
0.08970332
0.09567904
0.09474421
0.08771014
0.08870697
0.08869910
0.08870387
0.09567976
0.08670974
0.08770657
0.09368658
0.09069610
0.08870363
0.08870697
0.08771014
0.09568024
0.08870387
0.08870411
0.08770275
0.08970022
0.08771038
0.08969903
0.08970141
0.10365248
0.08771229
0.08970213
0.08776569
0.08870339
0.08770585
0.08870721
0.08970404
0.08870363
0.08870316
0.08870459
0.09169006
0.09069347
0.08969975
0.08870745
0.08870697
0.08770680
0.08864999
0.08770680
0.08876085
0.09268975
0.08870316
0.08870339
0.08870363
0.09069920
0.09567976
0.08870459
0.08870745
0.08969975
0.08770299
0.08970118
0.08870363
0.08969975
0.08870983
0.08770990
0.09368253
0.08970141
0.08951998
0.08970070
0.09112883
0.08970022
0.08870721
0.08771062
0.08770657
0.08970046
0.08870673
0.08870292
0.09268999
0.08771014
0.09368205
0.08870459
0.09069800
0.08870530
0.08970380
0.08770657
0.08770990
0.08870363
0.08970404
0.08976054
0.09468508
0.08970404
0.08970380
0.08870339
0.08870792
0.08970141
0.09767294
0.08770847
0.08770752
0.09866595
0.08870697
0.08970141
0.09269285
0.09568357
0.08969641
0.08770299
0.08870721
0.08870101
0.08969975
0.08771086
0.08870101
0.08770704
0.09069705
0.08969688
0.09169626
0.10072589
0.08870697
0.08870339
0.08870292
0.08670616
0.08770299
0.08770680
0.08671379
0.08970213
0.08770633
0.08770680
0.08670688
0.09966707
0.08970308
0.08870721
0.08870196
0.08870721
0.08770704
0.08870006
0.08771038
0.08876586
0.08770871
0.08770418
0.08771086
0.09268999
0.09369135
0.08870411
0.09269047
0.08969998
0.08870316
0.08870530
0.08770728
0.08970046
0.08969855
0.08870053
0.08870721
0.08970046
0.09867001
0.10066366
0.10265303
0.08870482
0.08969975
0.08870721
0.08870721
0.08970952
0.09169650
0.08964086
0.08869934
0.08934808
0.09866667
0.08957362
0.08969998
0.08870363
0.08970022
0.08870387
0.08870411
0.09867406
0.08970356
0.08870506
0.08969760
0.09069705
0.10265708
0.08870649
0.09568000
0.08870745
0.08870053
0.08670712
0.08770418
0.08970332
0.08970428
0.08870769
0.08969688
0.08870721
0.10265255
0.08870721
0.08869934
0.08969665
0.08970189
0.08970022
0.08869982
0.08970070
0.08870697
0.08870387
0.08870363
0.08870339
0.09369683
0.08970046
0.08870006
0.08870721
0.09070110
0.08870673
0.08870506
0.08870363
0.08870316
0.08870268
0.08745337
0.08970141
0.09257102
0.09767270
0.10066462
0.08970070
0.08970094
0.08870721
0.08970046
0.08870387
0.08970141
0.10464859
0.08969665
0.08970356
0.09368682
0.10564709
0.09169102
0.09269357
0.08970451
0.09069633
0.08870435
0.08870554
0.08970213
0.08970046
0.09269452
0.08870745
0.09368634
0.09169126
0.08969808
0.08870482
0.08870316
0.09069562
0.08870745
0.08976030
0.08870649
0.10066032
0.09070039
0.09069633
0.09468055
0.08969879
0.08970571
0.09368443
0.08870459
0.09468722
0.08970213
0.08970213
0.08870339
0.08870578
0.08870316
0.08969665
0.10165954
0.09069681
0.09468150
0.08770633
0.08671069
0.09374285
0.08870053
0.08870387
0.08770657
0.09069705
0.09269309
0.09069633
0.09369063
0.09368682
0.08870006
0.08970356
0.08870673
0.08571768
0.08670926
0.08870697
0.10066390
0.08970332
0.08870292
0.09069657
0.09168935
0.10963368
0.08970356
0.08870721
0.08770823
0.08770561
0.08594513
0.08771062
0.08870339
0.08770347
0.08770633
0.08965349
0.09667587
0.10464787
0.08969593
