0.09468341
0.08827376
0.09021974
0.08822417
0.08871365
0.08969593
0.09021282
0.08733106
0.09069467
0.09121919
0.08571482
0.08570981
0.08870530
0.08871365
0.08571386
0.08671355
0.09020925
0.09368801
0.09169388
0.08671546
0.08970332
0.09069681
0.08671260
0.09867096
0.08571315
0.08875823
0.08671403
0.08471680
0.08722830
0.08722806
0.09169388
0.08771372
0.08870268
0.08765340
0.08877563
0.08722901
0.08670688
0.08870697
0.09169888
0.08671045
0.08970332
0.08771086
0.08664155
0.09168911
0.08770728
0.08970428
0.09069443
0.09368300
0.08570957
0.08722854
0.08688211
0.08671355
0.09568405
0.08571291
0.08571720
0.09468842
0.08741403
0.08731127
0.08624792
0.08971024
0.08571339
0.08671021
0.09420133
0.08770680
0.08671021
0.08822417
0.09369063
0.09575319
0.09866953
0.08870029
0.09273410
0.09368682
0.08770657
0.08870721
0.09368277
0.08770704
0.08921194
0.08771110
0.08920765
0.09391117
0.08869958
0.08872080
0.08670950
0.09170294
0.08766150
0.08921790
0.08770275
0.08770323
0.08670950
0.08870506
0.08671308
0.10166216
0.08870220
0.08970356
0.08771133
0.08570886
0.08671427
0.08770394
0.08670950
0.08671570
0.08771062
0.08770633
0.08670831
0.09517503
0.09767723
0.10325480
0.09673047
0.08672833
0.08771515
0.08722734
0.08821177
0.08721876
0.08771086
0.08728194
0.09867525
0.09169364
0.08770990
0.08671379
0.08771062
0.08870339
0.08670998
0.08970499
0.08670974
0.08670998
0.08571577
0.08969998
0.08529949
0.09319782
0.08790421
0.08771276
0.08572412
0.09069848
0.08870006
0.08732915
0.08671284
0.08474469
0.08672071
0.08682632
0.09021854
0.09667873
0.08822489
0.08921075
0.08970404
0.09020495
0.08822417
0.08920932
0.08970022
0.08771038
0.08970022
0.08770680
0.09069681
0.09269047
0.09070063
0.09169006
0.08870745
0.08771801
0.08920932
0.08865333
0.08852220
0.08770657
0.08969998
0.08773017
0.09069753
0.09069657
0.09070086
0.08671021
0.08571768
0.09364200
0.09873390
0.08662128
0.08770752
0.08970022
0.09174848
0.09169698
0.09568143
0.10714769
0.08870077
0.09568357
0.08771682
0.08829761
0.08770490
0.08871722
0.08870459
0.08671355
0.08671069
0.08871675
0.09468293
0.08821416
0.08922219
0.09668040
0.09120393
0.09468365
0.10066295
0.11062670
0.10864019
0.11661005
0.14052820
0.15148997
0.20032954
0.22328210
0.25815868
0.27257204
0.29352880
0.29102468
0.29096985
0.28804684
0.29063654
0.29454613
0.28706408
0.29651642
0.30098867
0.29501748
0.29600883
0.29262543
0.30199385
0.29256678
0.29005480
0.28604341
0.30996394
0.29700708
0.29658532
0.29303885
0.30500793
0.29601431
0.28604674
0.29202437
0.29701519
0.29802799
0.29454255
0.29501390
0.29600811
0.29800630
0.29106998
0.29655886
0.29266644
0.29999900
0.29601097
0.30199099
0.29306436
0.29950380
0.29851055
0.29356861
0.30001378
0.30597544
0.29202604
0.30249310
0.30997324
0.29795218
0.29357195
0.29601049
0.30099392
0.29806113
0.29304242
0.29661155
0.29602718
0.29302359
0.29302025
0.29501414
0.29654169
0.29502845
0.29659510
0.29401588
0.30398726
0.29501772
0.29702854
0.29207921
0.29852319
0.29802036
0.30293036
0.29103041
0.29552150
0.29664779
0.29501748
0.28309298
0.30346227
0.29501796
0.28903341
0.29154563
0.31002665
0.29706240
0.29205394
0.29700708
0.29999375
0.30099440
0.29304504
0.29455638
0.29579020
0.29800940
0.29695439
0.30040121
0.29003024
0.30259657
0.29154491
0.29501390
0.29799938
0.29999518
0.29555726
0.29265308
0.29604888
0.31095743
0.29700685
0.29302335
0.30599403
0.30065107
0.29811215
0.29404902
0.30099320
0.29800653
0.32092667
0.29203844
0.29801106
0.30002046
0.29800463
0.28598547
0.29900002
0.29753733
0.29461050
0.29403949
0.29700685
0.30598116
0.29552770
0.28806400
0.29402852
0.30562282
0.29202724
0.29201913
0.28955626
0.30299997
0.29402089
0.29691935
0.29302382
0.30099344
0.29702044
0.29284263
0.29800344
0.29793906
0.29800820
0.29701185
0.29501677
0.30599403
0.29851508
0.29301882
0.29202747
0.30398154
0.29902101
0.30152464
0.29700470
0.29902196
0.30099607
0.30100846
0.29184461
0.29500985
0.30598140
0.30797076
0.30305672
0.30499125
0.30099201
0.30597687
0.30597425
0.31556582
0.31146169
0.29003406
0.29003000
0.29396462
0.31147981
0.29369307
0.29274607
0.29103947
0.30100703
0.29501009
0.29302406
0.29302025
0.29701352
0.30429554
0.29556274
0.28405428
0.29102683
0.29601288
0.29298186
0.29256988
0.29304457
0.30299950
0.29606915
0.29202080
0.29600978
0.29702663
0.29804039
0.29103065
0.29002976
0.30398393
0.29883265
0.30456042
0.29951215
0.29804659
0.29900002
0.29295778
0.29799962
0.29761410
0.30462742
0.29600739
0.29301834
0.29800367
0.29852557
0.29919052
0.29358554
0.29402781
0.30050707
0.29700923
0.29695249
0.31147051
0.30604410
0.29456830
0.30301213
0.30302024
0.29999828
0.30198812
0.29752016
0.29255652
0.30061030
0.29453373
0.29501319
0.29899597
0.30099368
0.29303002
0.29628253
0.29900026
0.30099368
0.29201603
0.30955601
0.29664636
0.30399513
0.29701209
0.29595685
0.29601216
0.30650902
0.29900384
0.29556131
0.29852962
0.30797005
0.29700708
0.30450153
0.29602075
0.30327201
0.29306149
0.30298305
0.28903389
0.30298758
0.31596041
0.29154873
0.29403377
0.30642915
0.29800034
0.29505944
0.29556990
0.30864716
0.30401278
0.29505444
0.29652929
0.30199075
0.29900002
0.31395006
0.31695676
0.30797172
0.29701161
0.29700708
0.31089687
0.30249786
0.29800725
0.30298448
0.31995630
0.30306005
0.29465699
0.29933190
0.30099320
0.30398083
0.29602480
0.29765654
0.29858780
0.30099058
0.29601407
0.29653311
0.30202961
0.30062747
0.29702187
0.29700398
0.29800749
0.29500961
0.29653859
0.29602122
0.30601621
0.29505563
0.29701066
0.29601121
0.30796552
0.29801607
0.29062128
0.29054928
0.30099082
0.29507279
0.29596210
0.29656839
0.30506134
0.29705286
0.31445742
0.29603481
0.29900050
0.29554248
0.29355693
0.29502392
0.31247497
0.29800391
0.29501772
0.29501009
0.30458999
0.30050921
0.29601455
0.29601121
0.29700732
0.30065346
0.29303479
0.29402709
0.29999375
0.30099678
0.29601002
0.30199552
0.30000782
0.30398870
0.30293489
0.30000067
0.30001020
0.30100870
0.29675722
0.30000067
0.29700375
0.30199361
0.31545377
0.29464984
0.29703283
0.29851007
0.29601383
0.29202414
0.30000973
0.30002475
0.29562354
0.30000043
0.30298376
0.30099702
0.29503870
0.29982948
0.30599546
0.29800010
0.29402018
0.29800296
0.30001116
0.29840875
0.30199599
0.29702830
0.30499911
0.29999852
0.29701090
0.29700685
0.30200148
0.30103898
0.29305625
0.29202461
0.29900312
0.30093551
0.29502439
0.30156016
0.29600477
0.30198979
0.29800367
0.29559898
0.29709196
0.30716372
0.29752135
0.29800701
0.29501605
0.30692840
0.29760432
0.29602027
0.29704618
0.30996704
0.29800558
0.29658437
0.29507565
0.30695820
0.29850888
0.30598092
0.31600165
0.29802775
0.30100346
0.29451370
0.29653120
0.29401302
0.30697489
0.29154778
0.29602098
0.29019475
0.29952407
0.29401493
0.29601431
0.30449986
0.31196737
0.30003095
0.30052543
0.30649471
0.29899669
0.29900146
0.29606628
0.29355049
0.29754663
0.29999614
0.29402018
0.29601026
0.29404259
0.30105114
0.29302335
0.29601026
0.30204320
0.30398822
0.29853129
0.29656792
0.29602671
0.30048156
0.29800773
0.29700732
0.29800463
0.30498219
0.29759097
0.30052686
0.29946160
0.31246567
0.29700685
0.29800129
0.29752374
0.30806136
0.30103374
0.29700899
0.29401731
0.30099010
0.30070376
0.29203606
0.29706049
0.30298352
0.30198669
0.30403543
0.29465342
0.30948710
0.30323315
0.29701042
0.29495192
0.29601049
0.30599403
0.29802203
0.29503870
0.30696917
0.30298305
0.29900026
0.29819012
0.29555631
0.30399418
0.29924321
0.29852557
0.29302621
0.30398703
0.29752588
0.29372263
0.29653168
0.29851699
0.29999709
0.29501724
0.29526496
0.29303169
0.31318474
0.29900575
0.29601026
0.29401159
0.30398130
0.29854226
0.29673338
0.29257822
0.30498099
0.29800797
0.29900479
0.35482860
0.30290151
0.29809952
0.30498028
0.29701114
0.29999328
0.29304528
0.30052137
0.29502487
0.30597711
0.29494929
0.29700875
0.30002141
0.30200100
0.29460859
0.29951549
0.29999733
0.30199194
0.29869652
0.29652262
0.29986858
0.31198311
0.29302382
0.29999733
0.30099106
0.29868913
0.29665065
0.29426241
0.31594324
0.29900408
0.29501176
0.29257560
0.29826593
0.29505277
0.29401803
0.30498052
0.30549884
0.30251646
0.29602504
0.29701567
0.31787896
0.29501724
0.29701161
0.30100465
0.30160594
0.29554796
0.29652691
0.30996346
0.30299234
0.29903698
0.29572749
0.30154276
0.29952264
0.29800248
0.29700708
0.31993794
0.30399084
0.29687166
0.29548788
0.29999804
0.30099726
0.29501414
0.29549122
0.30405760
0.29915333
0.29656744
0.29252577
0.29296255
0.30298209
0.29651666
0.29404116
0.30502319
0.30696368
0.29799962
0.29501390
0.29502940
0.30997467
0.29779673
0.30950284
0.29554486
0.29700756
0.29900575
0.29402113
0.30351043
0.29956317
0.30029178
0.29915667
0.29700232
0.30298686
0.29800463
0.29720044
0.29502606
0.30532527
0.30099416
0.29302430
0.29800153
0.29804230
0.30351996
0.29752874
0.29454589
0.29999065
0.29999924
0.29852295
0.29401636
0.29604626
0.30500793
0.29553771
0.29999685
0.30797243
0.29975200
0.29303408
0.29605937
0.29603887
0.30497646
0.29701042
0.29501724
0.29553843
0.29953003
0.29848909
0.29201984
0.29900384
0.30397987
0.29868698
0.31598115
0.29456711
0.29154801
0.30797100
0.29501295
0.29454017
0.29370689
0.30294347
0.30349398
0.29700804
0.29601026
0.31057429
0.29801893
0.29366016
0.29203725
0.31096029
0.29905558
0.29501343
0.29254889
0.30016351
0.29900098
0.29302359
0.29700422
0.29800391
0.30996037
0.29403281
0.29254460
0.29999685
0.30397940
0.31893730
0.29553938
0.30501604
0.30398011
0.29999900
0.29254675
0.29629183
0.29602432
0.30202293
0.29205060
0.29202366
0.29600787
0.29999852
0.29005027
0.29154849
0.29553795
0.30099058
0.30199385
0.30848861
0.29701638
0.29952741
0.29872561
0.29396439
0.29202366
0.30498409
0.29755974
0.29503560
0.30899358
0.29600668
0.30099678
0.29401684
0.29111242
0.28804660
0.29900050
0.29853344
0.29700661
0.29302049
0.29997706
0.29660296
0.29753661
0.30000091
0.31693673
0.29900289
0.29455709
0.29608631
0.30400133
0.32093096
0.29302430
0.29401851
0.30884862
0.30167007
0.29552341
0.29401422
0.29501843
0.29999709
0.29502869
0.29253864
0.29757094
0.29854298
0.29999542
0.29302096
0.29501748
0.31196761
0.30101466
0.29415774
0.29752398
0.30492949
0.30004478
0.29103160
0.29317713
0.29502463
0.30199027
0.29600620
0.29402065
0.29653883
0.30199790
0.29536247
0.29254413
0.29307032
0.30398178
0.29800320
0.29304457
0.29558110
0.30399418
0.30198956
0.29506493
0.29652143
0.30350089
0.30150914
0.30348992
0.29601026
0.29401731
0.30996346
0.30070639
0.30050278
0.29601455
0.31096411
0.29700899
0.30004096
0.30027699
0.30548954
0.29800439
0.29700327
0.31294847
0.31545544
0.31955600
0.29653645
0.31395006
0.30995989
0.30099583
0.30102181
0.30001545
0.30748677
0.30051756
0.29795051
0.30298615
0.31096077
0.30001116
0.32542729
0.29601026
0.30498075
0.29452896
0.29254508
0.30252934
0.30652261
0.29883361
0.29700780
0.30398130
0.30697274
0.30207062
0.29812264
0.30003428
0.30602813
0.30199456
0.30099297
0.30398321
0.30097151
0.30376863
0.29652667
0.30398321
0.30199075
0.30449224
0.31432343
0.30251265
0.30097365
0.30000043
0.30099607
0.30697036
0.30002189
0.29896951
0.30130029
0.31345534
0.30199409
0.29899931
0.30499935
0.30728865
0.30000019
0.29800391
0.29999828
0.30648255
0.30040264
0.30054021
0.29949927
