0.09668469
0.08871031
0.08770418
0.09069800
0.08886623
0.09718132
0.08870339
0.09269071
0.08969808
0.08770633
0.09069657
0.08770776
0.09069276
0.08969998
0.08770657
0.08770323
0.09468699
0.10065961
0.10664296
0.09069586
0.08824492
0.08729529
0.08931184
0.08871341
0.08870387
0.08862925
0.08974886
0.08970499
0.08929515
0.09120345
0.10265613
0.09069467
0.08870625
0.08770776
0.08770752
0.08970118
0.08970428
0.09069419
0.08870792
0.08870316
0.08770323
0.08770299
0.09467959
0.08870721
0.08969808
0.08970785
0.09268975
0.08870387
0.08870101
0.09234881
0.09268999
0.09020257
0.09368920
0.09568286
0.10464644
0.08870268
0.08970118
0.08970022
0.08969975
0.09568429
0.08869982
0.08870697
0.08870220
0.08870363
0.08870149
0.09966731
0.09369111
0.08770537
0.08870482
0.08871198
0.08871865
0.08871007
0.08770633
0.08871484
0.09168959
0.08826876
0.08772039
0.09020901
0.09320593
0.10365295
0.08970046
0.09269333
0.08865714
0.09568381
0.08970046
0.08970141
0.10066342
0.08770633
0.08771062
0.08770728
0.09169436
0.09584975
0.09069657
0.08902597
0.09269834
0.08870721
0.08969927
0.09174156
0.08970022
0.08969951
0.08870459
0.08970118
0.09966612
0.11760807
0.08969951
0.08770609
0.08969641
0.09619594
0.09021974
0.08869910
0.09021306
0.08724880
0.09768438
0.08870339
0.08770418
0.10963273
0.08789206
0.09818196
0.08870602
0.08870173
0.08969641
0.08770633
0.08870077
0.08870292
0.08870339
0.09070039
0.08770967
0.09767771
0.11964822
0.17044568
0.09668469
0.09123588
0.08870578
0.09069681
0.09121418
0.08923745
0.08922029
0.08871698
0.09169650
0.09817362
0.09069729
0.08870649
0.08969903
0.09168243
0.09169412
0.09069729
0.11959648
0.10663915
0.11262274
0.09966636
0.08969665
0.09174848
0.09917784
0.09069705
0.08870649
0.08870363
0.08971596
0.08969617
0.09966731
0.09269285
0.08969998
0.09468341
0.08870006
0.09169602
0.09069490
0.08770680
0.09866619
0.08870292
0.09468389
0.08969951
0.09169340
0.08870029
0.09353113
0.09069657
0.08770347
0.08727956
0.08870602
0.09251738
0.09867048
0.09667969
0.08970165
0.08970380
0.08969355
0.08969927
0.10863328
0.08870006
0.08970499
0.08770347
0.09023070
0.09567904
0.08870697
0.08771777
0.08970404
0.09419990
0.09021068
0.10565209
0.09070301
0.08920217
0.08672094
0.09767222
0.09169769
0.09069371
0.08870316
0.09369087
0.09169722
0.08870339
0.09368300
0.09070134
0.09069729
0.08770847
0.08876920
0.08771038
0.08862495
0.08869672
0.09016132
0.09170032
0.09468293
0.09169269
0.09269094
0.08870769
0.09120131
0.09220886
0.08771467
0.10118532
0.09001756
0.08921266
0.08922505
0.09872103
0.08969593
0.09567428
0.08870292
0.09069657
0.08870268
0.08770704
0.09568095
0.08970070
0.08922243
0.09070110
0.09567976
0.08870769
0.09467959
0.10217619
0.08920574
0.08771014
0.08869910
0.09269023
0.08870459
0.08771014
0.08870506
0.08969998
0.08969975
0.08770657
0.09368753
0.08870339
0.09070206
0.08870316
0.09121251
0.09635329
0.08872318
0.08970022
0.08870602
0.08870411
0.08969831
0.08969951
0.10763907
0.09269428
0.09966707
0.10564280
0.09070134
0.09867024
0.08870268
0.09169912
0.08970547
0.09468174
0.11561251
0.13607407
0.10863686
0.09368730
0.09270501
0.09692955
0.09021616
0.09567952
0.09169245
0.10066414
0.08969545
0.08970046
0.10863662
0.08969784
0.09070086
0.09868073
0.08892131
0.09024835
0.08782649
0.08870053
0.09320927
0.09568048
0.09169674
0.08870125
0.09468269
0.08870316
0.09667635
0.09169650
0.09069610
0.08770633
0.15846634
0.09967089
0.08770680
0.09269023
0.09221244
0.10701966
0.08870339
0.08970642
0.08970284
0.09380007
0.09336615
0.09103751
0.09021878
0.08770776
0.09120321
0.09221363
0.10664487
0.10066319
0.09368300
0.09767270
0.09069800
0.08970428
0.08969951
0.09168983
0.09268761
0.09069443
0.09121370
0.09270334
0.09369230
0.12657595
0.09469175
0.09269094
0.09169745
0.09069443
0.08970356
0.09070134
0.08870912
0.08970046
0.09568334
0.08969975
0.09168983
0.12608552
0.10120630
0.08731222
0.10619092
0.09021974
0.08969927
0.09069729
0.09023619
0.08870769
0.10365534
0.08871341
0.10564184
0.11362052
0.10365367
0.08970308
0.09866548
0.08970356
0.08969808
0.09268975
0.08970022
0.09667802
0.08936739
0.08871412
0.10365438
0.09070754
0.09269333
0.09269333
0.09469557
0.08921909
0.08970737
0.09269381
0.09368634
0.09169650
0.09468770
0.09468031
0.09966326
0.09169269
0.09468699
0.08969951
0.09368300
0.09120965
0.09036231
0.08969808
0.09623408
0.08970404
0.08922482
0.09119844
0.09767509
0.08970332
0.08970046
0.08970499
0.09866524
0.09368753
0.09567833
0.11162758
0.09069419
0.09262776
0.09269762
0.09468746
0.09069347
0.10865045
0.09069276
0.09069347
0.08870697
0.11063004
0.09069753
0.09966731
0.09368634
0.09468770
0.10165644
0.09069371
0.08969903
0.08969712
0.09169245
0.09667373
0.09368491
0.09125972
0.09567976
0.08969855
0.08922911
0.09368348
0.08908582
0.09069848
0.09269071
0.09767389
0.09667969
0.08870173
0.09069657
0.08969975
0.10066032
0.08963013
0.09368944
0.08770227
0.08869934
0.08871937
0.09174848
0.08970165
0.08970356
0.09868193
0.09121513
0.09406734
0.09618425
0.09619951
0.09567618
0.09867430
0.09467912
0.09766912
0.09169078
0.09268546
0.09268951
0.09069633
0.09169030
0.09468675
0.09673762
0.09468269
0.09966707
0.09171319
0.09184122
0.09170842
0.08970022
0.09069681
0.08871865
0.09569192
0.09268928
0.09767532
0.08822584
0.10316706
0.09667754
0.09369111
0.14345622
0.08970022
0.09169292
0.09069824
0.09268928
0.09269357
0.09221339
0.08871436
0.08970165
0.10165930
0.08969951
0.08870625
0.09069657
0.09069824
0.09268999
0.09268999
0.09368730
0.09468126
0.10664439
0.09069657
0.09169340
0.08969951
0.09169531
0.08870673
0.09069991
0.16744041
0.09021807
0.11063147
0.09170508
0.09169102
0.08870697
0.08969975
0.08870435
0.16644502
0.10616660
0.09468293
0.08969593
0.10065889
0.12458301
0.08969998
0.08870769
0.08970046
0.08969593
0.09268975
0.08922172
0.09170127
0.12558103
0.10967398
0.10564590
0.09966445
0.09767699
0.08870745
0.08870363
0.17043018
0.09069777
0.08969927
0.08969665
0.08870673
0.08970261
0.08871651
0.09966278
0.10166383
0.08970356
0.08922291
0.09169388
0.08909678
0.08770633
0.08870292
0.08970356
0.08970547
0.09070110
0.08870173
0.08870387
0.09867120
0.09069657
0.09022117
0.08871722
0.08870435
0.08970690
0.08970213
0.09368634
0.09169555
0.09368706
0.08962202
0.09122014
0.09967780
0.09567499
0.09069371
0.15348983
0.08970451
0.08770919
0.09070206
0.11261988
0.09368682
0.08970499
0.08870006
0.08870363
0.10216451
0.09169245
0.08927369
0.08836889
0.09468818
0.08970022
0.08969951
0.08969617
0.08970118
0.08921170
0.10322309
0.08870506
0.11014128
0.09966207
0.09767342
0.09169364
0.09070039
0.08969879
0.08870196
0.09069777
0.08870363
0.08969712
0.09368849
0.08921885
0.09966755
0.09169650
0.09169793
0.08817053
0.08870292
0.08822751
0.08723021
0.09121776
0.08969688
0.08969975
0.09169507
0.09069777
0.09467983
0.08969998
0.08969998
0.08770680
0.08871198
0.08870411
0.08969712
0.08921933
0.08771968
0.08971477
0.09069395
0.08870459
0.09069443
0.09023643
0.09022307
0.09018707
0.08870506
0.09120131
0.08969712
0.08771014
0.08870697
0.09070182
0.09966707
0.08770752
0.09069490
0.08870244
0.09169722
0.09069800
0.09021854
0.09320784
0.09680176
0.09169483
0.08771014
0.08969998
0.08870173
0.08870769
0.09518385
0.08920765
0.09020782
0.08871078
0.08869958
0.08970428
0.09069753
0.08870816
0.08870721
0.08870244
0.09069562
0.08969760
0.09866691
0.08970022
0.08870411
0.08920789
0.08971119
0.09070086
0.08970261
0.08970737
0.08871579
0.09021020
0.08865571
0.09268975
0.09568048
0.08869910
0.08870840
0.09966755
0.09568000
0.09069657
0.08969998
0.08871365
0.08945012
0.08870029
0.08870435
0.09110856
0.09467912
0.11811566
0.10863853
0.09169364
0.09070134
0.08969665
0.09069657
0.08869910
0.09069395
0.09169364
0.09368658
0.09268951
0.09767628
0.09320784
0.09027290
0.09170318
0.08970428
0.08870745
0.09468007
0.09368658
0.09070086
0.09867096
0.09268999
0.10265350
0.09362698
0.09268022
0.09268951
0.08969975
0.08770847
0.08970475
0.10066581
0.10216379
0.09319425
0.09567809
0.08970094
0.09767580
0.08870316
0.08870149
0.08970141
0.08969951
0.09268999
0.09219599
0.09219956
0.09468412
0.09525633
0.08969927
0.09867024
0.09368682
0.08821034
0.09217501
0.08970070
0.09867024
0.09269142
0.08969975
0.09368682
0.08970165
0.08870435
0.08870435
0.09169555
0.09269214
0.08970404
0.09069681
0.09069705
0.09069800
0.09368944
0.09518743
0.08969831
0.09667706
0.09069562
0.08970118
0.08970022
0.08969331
0.09966707
0.09070110
0.09169436
0.10724592
0.11361027
0.10066867
0.09468293
0.09069467
0.09029531
0.09169841
0.09966898
0.09368753
0.09070110
0.09069657
0.09468341
0.09468198
0.09069324
0.09069681
0.08976293
0.08969498
0.09766984
0.09169221
0.09071302
0.08970428
0.09268427
0.09052062
0.10165977
0.09719706
0.09069872
0.09069157
0.09070015
0.09269357
0.10166335
0.08870268
0.08770680
0.08870697
0.08969951
0.10365319
0.09468341
0.09169388
0.09125161
0.09069967
0.08970022
0.08918166
0.08833289
0.09070039
0.09070063
0.09069729
0.08870006
0.09169388
0.08970428
0.09268641
0.08870673
0.08970022
0.09169793
0.09468675
0.08870125
0.08921790
0.08935475
0.09070611
0.10066438
0.09169412
0.09070039
0.08871555
0.09069586
0.09070635
0.08970451
0.09163594
0.09169197
0.09069729
0.09069633
0.10066342
0.09169698
0.09966946
0.08870149
0.08970165
0.09069657
0.09069300
0.09619856
0.09069800
0.08925438
0.09069514
0.09069705
0.10365319
0.09169722
0.09069657
0.08969736
0.09221268
0.09169364
0.09269023
0.08870268
0.09169674
0.09168887
0.08970451
0.08970213
0.09368944
0.08970022
0.09069657
0.08970046
0.08870745
0.09069800
0.08969545
0.09369731
0.09251738
0.09169149
0.09567690
0.09668922
0.10365176
0.10664344
0.14651346
0.24418068
0.29701066
0.30399418
0.32083440
0.30150390
0.30272412
0.29999256
0.30696607
0.30350780
0.30303454
0.31206059
0.30428886
0.30267024
0.31196022
0.30697370
0.30350256
0.31695223
0.36978722
0.42059302
0.38969684
0.33662200
0.31247592
0.31992722
0.30398512
0.30298209
0.30750751
0.30318570
0.30437541
0.30498028
0.30597687
0.30350375
0.34254837
0.30748558
0.30498481
0.30598235
0.32653069
0.31008077
0.30593538
0.30896616
0.34484673
0.31748533
0.30564594
0.30498433
0.30796695
0.30896783
0.32157445
0.32392955
0.30203724
0.30896688
0.30398750
0.30797052
0.30799079
0.31671977
0.30550051
0.30995941
0.30797005
0.30597687
0.30099845
0.30291653
0.31096029
0.30498505
0.30251217
0.30512714
0.31097198
0.30497980
0.30497599
0.30598140
0.30798149
0.30662537
0.30508137
0.30597329
0.32591200
0.30598092
0.30799937
0.30601954
0.33986712
0.41461468
0.34990668
0.31482577
0.32491779
0.30597425
0.29894876
0.30597425
0.30773759
0.29765105
0.30153680
0.30727553
0.30305457
0.30198717
0.30597353
0.30827522
0.31971788
0.31336522
0.32491279
0.33288836
0.34215260
0.30697894
0.30767012
0.26211905
0.26212358
0.27309060
0.28156543
0.27480769
0.25598478
0.28107524
0.28456616
0.27906632
0.28106189
0.28703952
0.29765129
0.27426839
0.27792931
0.27045345
0.27160811
0.27508187
0.27707362
0.28157949
0.27661347
0.29354596
0.28132367
0.26761031
0.27408385
0.26012874
0.26810694
0.28466439
0.26868463
0.27906322
0.28703928
0.27109694
0.27408433
0.28114128
0.28730202
0.29202366
0.29302287
0.30298615
0.29495978
0.30727148
0.28305364
0.29202414
