0.09619808
0.08821416
0.08920741
0.08969975
0.10365725
0.08770299
0.09368634
0.08970118
0.08870292
0.08770704
0.09069729
0.09468555
0.08969998
0.08968353
0.09169364
0.09421706
0.08848810
0.09169364
0.10216975
0.09269142
0.09468484
0.08870745
0.08771014
0.09168935
0.08922148
0.08824062
0.08723617
0.09124279
0.08823657
0.08771086
0.08770347
0.09767318
0.08770680
0.08770323
0.08870554
0.10165834
0.08870745
0.09069681
0.08870411
0.08770585
0.08870506
0.08870101
0.08777046
0.08821535
0.10515261
0.08770537
0.10763693
0.09667706
0.08870792
0.08870697
0.08870053
0.08869910
0.08870482
0.08870244
0.09966397
0.10123301
0.09966874
0.09069705
0.09957075
0.08870625
0.08970046
0.08670616
0.08870506
0.08969951
0.08870411
0.09368682
0.08771110
0.08771110
0.09766960
0.10066295
0.08970428
0.08890224
0.08771014
0.09368610
0.08870244
0.09268999
0.09120059
0.08921933
0.08969474
0.09867096
0.09169078
0.08969474
0.08870506
0.08870363
0.08771181
0.08770990
0.10564566
0.08722878
0.08921456
0.08970499
0.08870316
0.08770609
0.08920979
0.09468699
0.09966803
0.08869934
0.08970475
0.08969712
0.08970356
0.09069300
0.09169531
0.08819771
0.08870268
0.08969617
0.08870697
0.10165882
0.08969641
0.08870745
0.08870363
0.08870244
0.09069657
0.08869934
0.09828472
0.08770514
0.08969855
0.09338117
0.08772230
0.10664582
0.08870077
0.08870435
0.08969808
0.08870244
0.08770967
0.08870220
0.09966636
0.08870316
0.10365343
0.08871007
0.09469461
0.09468293
0.09069300
0.08870697
0.08870363
0.08770680
0.08870864
0.08671021
0.08671021
0.08770800
0.09369969
0.09369421
0.08770609
0.09785509
0.08668876
0.08970046
0.09169745
0.08969975
0.09069681
0.09767079
0.09069610
0.08970404
0.08870363
0.10864234
0.08976150
0.09336710
0.09567833
0.08770776
0.09025526
0.08870363
0.09468079
0.08670950
0.09269118
0.08770609
0.08870363
0.09368229
0.08870316
0.08969951
0.09268618
0.08771038
0.08731818
0.08824444
0.09567928
0.13454604
0.08870769
0.09198141
0.08723211
0.08820772
0.08770704
0.09269452
0.09766936
0.09767747
0.09269404
0.08870673
0.08870316
0.08869958
0.08770156
0.08703017
0.08922386
0.09468007
0.08824539
0.08870316
0.08870292
0.09926224
0.08821869
0.08723640
0.08869910
0.08869958
0.09169507
0.08770227
0.09069657
0.08770633
0.08870459
0.09374309
0.08770418
0.09766960
0.08770370
0.09649754
0.08870578
0.09368634
0.08770704
0.08770704
0.08670831
0.08970022
0.08869982
0.09468317
0.08770871
0.08770418
0.09966207
0.08870292
0.08870435
0.08822870
0.08871412
0.08871269
0.08770394
0.08983612
0.08969617
0.08870363
0.08815551
0.08770657
0.08869982
0.09568286
0.08869982
0.08770442
0.08770585
0.08870292
0.08870339
0.08871698
0.08770704
0.09070873
0.08770776
0.09881663
0.09369421
0.09069347
0.08970046
0.09767270
0.08571291
0.08771014
0.08770657
0.09070039
0.08770990
0.09767485
0.08770728
0.08724236
0.08771014
0.09667683
0.10132861
0.08827424
0.08697605
0.08922172
0.08921528
0.08869982
0.08970046
0.09070039
0.09368587
0.09069657
0.09156394
0.09033608
0.09519100
0.08970094
0.08970404
0.08870339
0.08870721
0.08876634
0.08770394
0.08870029
0.09069729
0.08870506
0.08970046
0.08823061
0.09223056
0.08969998
0.08870339
0.09927464
0.08835006
0.08920932
0.08715916
0.08870339
0.08870268
0.09468722
0.08870411
0.09966207
0.09567761
0.08869934
0.08870268
0.09468293
0.08771110
0.08970761
0.08875537
0.09023690
0.08876586
0.08723879
0.08721590
0.08921766
0.09320045
0.08721399
0.08870625
0.09567761
0.08970380
0.08770275
0.08969688
0.08776021
0.09469390
0.09513593
0.08870339
0.09298396
0.09418988
0.10863662
0.09468460
0.08870673
0.08870053
0.08870029
0.08776331
0.09474993
0.08770657
0.08920765
0.08773136
0.09268975
0.10564780
0.09037447
0.08829165
0.09269166
0.09269047
0.08870697
0.08870339
0.08869886
0.08870244
0.09075236
0.09169078
0.08970070
0.09767413
0.08970022
0.08871007
0.09169054
0.08870292
0.09704256
0.10265923
0.09269404
0.10564399
0.09069610
0.08870673
0.08969641
0.09667611
0.08970046
0.09069824
0.09169912
0.08832049
0.08770227
0.08869934
0.08799148
0.08770728
0.08777523
0.09320927
0.08870339
0.09767675
0.08870316
0.08770704
0.08770585
0.09667563
0.09667659
0.08770657
0.08770776
0.08771896
0.08672094
0.09169173
0.08771944
0.09070301
0.09169197
0.08870363
0.08771086
0.08770275
0.08870339
0.09368587
0.08671308
0.08571506
0.08770657
0.09268713
0.08869886
0.08870244
0.10165715
0.08870411
0.08969688
0.09169245
0.08969641
0.08770680
0.08923650
0.08625269
0.08824825
0.08870339
0.08770657
0.08924389
0.09169650
0.08970761
0.08770466
0.09169436
0.08870554
0.08871150
0.08721709
0.08821797
0.08822727
0.08770943
0.08770275
0.08770704
0.08870316
0.10863280
0.08970046
0.08770251
0.08870196
0.08722401
0.08721185
0.08770728
0.08871794
0.08770800
0.08871317
0.08776999
0.08770680
0.09069133
0.09168983
0.08870482
0.08870363
0.10066724
0.08770251
0.08770967
0.08869934
0.08969998
0.08869934
0.08870602
0.08870602
0.08870959
0.10119581
0.08821583
0.08771014
0.08886361
0.08821130
0.09368372
0.08770633
0.10365295
0.08670998
0.08869958
0.08969951
0.09069347
0.09966636
0.08821154
0.08770680
0.08772254
0.08770657
0.08969975
0.09768414
0.08869958
0.08770275
0.08771038
0.08870339
0.08870387
0.08869982
0.10166049
0.08870387
0.08771038
0.09069657
0.08772326
0.08771300
0.08869982
0.08870268
0.08671045
0.08869958
0.08770347
0.09966707
0.09368324
0.08970022
0.08970475
0.08874822
0.08864808
0.08670664
0.09071112
0.08875251
0.09169364
0.08771753
0.08850598
0.08822942
0.09319735
0.08770180
0.08770680
0.08770657
0.08870769
0.08770657
0.08869958
0.08670998
0.08870649
0.08670616
0.08770514
0.08770680
0.08969712
0.09819245
0.09628010
0.08771515
0.09667945
0.09719515
0.08870387
0.08870268
0.08870339
0.08670998
0.08770680
0.08870363
0.08870459
0.09268808
0.08777261
0.08771038
0.08775949
0.08870673
0.08770943
0.08770585
0.08621669
0.08471727
0.08770776
0.08670998
0.08670616
0.09268594
0.08571339
0.08771110
0.08769774
0.08770800
0.08770680
0.09522772
0.09072423
0.08670616
0.09135127
0.08823204
0.08672166
0.09519124
0.08870435
0.09369040
0.09169340
0.09169245
0.09369183
0.09568000
0.09593344
0.11362028
0.10664320
0.11959648
0.14949632
0.16246033
0.19135594
0.21181226
0.25651693
0.24880695
0.27607727
0.26810718
0.27308679
0.27166033
0.28882861
0.27760410
0.27525711
0.27607608
0.28006554
0.28157425
0.28406382
0.26583934
0.26064253
0.27009344
0.26312447
0.25416255
0.26811457
0.27109241
0.27407980
0.25016689
0.26313138
0.26911497
0.27086329
0.27309084
0.27408361
0.25813699
0.26463556
0.27462554
0.27263260
0.27707744
0.26710749
0.27707243
0.27103710
0.27408314
0.26712203
0.27009773
0.28205323
0.27015185
0.26265311
0.26564407
0.27011728
0.26411867
0.26910043
0.27607727
0.27213144
0.26396227
0.26810789
0.26064396
0.26810122
0.27308416
0.27010083
0.26512504
0.27361631
0.28006721
0.26810455
0.27109790
0.28506780
0.27611494
0.26710486
0.27209115
0.27209044
0.27605009
0.27399373
0.25514817
0.26212025
0.26311803
0.26311588
0.29860592
0.26817656
0.25018740
0.26411724
0.27507925
0.26113105
0.24075627
0.21628976
0.21728539
0.19036722
0.20730424
0.21528578
0.19435406
0.20981026
0.17741466
0.17443705
0.16245270
0.17242408
0.15647650
0.17640996
0.16146016
0.14949942
0.15208316
0.14651012
0.16375279
0.17142987
0.16544724
0.18936658
0.15049696
0.18238878
0.15669537
0.17592716
0.17116642
0.15203643
0.16657543
0.18788886
0.15548015
0.17840743
0.15746880
0.15548539
0.15847039
0.15448403
0.15161800
0.13848352
0.15149522
0.14851713
0.15049696
0.14551663
0.15946364
0.15049601
0.16843295
0.16096735
0.15120625
0.18238688
0.18836594
0.19135642
0.21926618
0.22319651
0.20132732
0.19685960
0.22623992
0.21524310
0.18731713
0.19135952
0.20531344
0.17740178
0.20232773
0.17311883
0.18438125
0.16744232
0.16544700
0.18537641
0.17142510
0.17241955
0.18438745
0.17741823
0.19089222
0.17376590
0.16444397
0.15747333
0.17242074
0.18438363
0.18538404
0.16942811
0.16377640
0.16843700
0.17196631
0.16745734
0.16544819
0.16743898
0.17342091
0.19235420
0.16943407
0.15806341
0.16911769
0.16801548
0.17665172
0.18537712
0.16644430
0.17042542
0.18537998
0.17441630
0.18176103
0.17940378
0.16346502
0.17792225
0.17840385
0.15349054
0.14252472
0.13056779
0.11461592
0.10464931
0.09868288
0.09567928
0.10565805
0.09468341
0.09468365
0.09568501
0.09667659
0.09867072
0.09866691
0.09966683
0.10763621
0.10564828
0.10963655
0.11461520
0.12662435
0.13208437
0.13706779
0.15149546
0.17341638
0.19833970
0.23122716
0.28088093
0.27901912
0.28057313
0.27411842
0.28105783
0.27109098
0.26810670
0.27313209
0.28007650
0.28607631
0.27807355
0.26909590
0.26909590
0.27359056
0.27359033
0.28212452
0.26840830
0.26674652
0.26662302
0.27009654
0.26610994
0.27309060
0.27958083
0.28085113
0.26711082
0.26411343
0.26511431
0.26614070
0.28184533
0.26611686
0.27011919
0.26463628
0.27408147
0.27209067
0.26711011
0.26317644
0.26314187
0.28704071
0.27608132
0.26810408
0.27109385
0.28007483
0.26913810
0.27009749
0.27109432
0.26910210
0.29202771
0.27410293
0.26809835
0.26611376
0.26611018
0.28108573
0.26512909
0.26711345
0.26712489
0.27308679
0.27009439
0.26462030
0.26716614
0.27360106
0.28225923
0.27263260
0.27958679
0.27806830
0.27009654
0.27211165
0.26981688
0.27497005
0.28404951
0.28504753
0.27109027
0.27885437
0.27239537
0.27060008
0.27408719
0.28105998
0.27112508
0.27508140
0.27608418
0.28902984
0.27408719
0.28803372
0.30449772
0.27707005
0.28109550
0.28105640
0.29501367
0.28604722
0.27962542
0.28461933
0.28979492
0.28059077
0.28205514
0.29301691
0.28206015
0.28603959
0.28545642
0.29074645
0.28106022
0.29202485
0.30000210
0.30976772
0.29767275
0.28410482
0.29701066
0.31494474
0.31368423
0.30074453
0.28505087
0.29301763
0.29500103
0.30046129
0.29800582
0.29403806
0.31848979
0.31395078
0.28803802
0.28008556
0.29391098
0.29155660
0.28206372
0.27465987
0.26915598
0.27061486
0.28601170
0.28106666
0.28893137
0.27906609
0.29201913
0.30797410
0.29503322
0.28023124
0.26662469
0.27458954
0.27308702
0.26910043
0.29402447
0.28773451
0.28681207
0.29301596
0.28504348
0.29800177
0.28018832
0.27352834
0.27113342
0.27402711
0.28105617
0.26511431
0.28013682
0.28562355
0.27764654
0.27109814
0.28305364
0.26710796
0.27118230
0.27660441
0.27659297
0.26915264
0.27409458
0.29102468
0.27608132
0.30099416
0.30087805
0.30898285
0.28006411
0.26113009
0.27942300
0.26612926
0.28311706
0.28609824
0.27260756
0.27109361
0.27514625
0.26661611
