0.09568357
0.08969951
0.08970046
0.08970022
0.08970428
0.08870077
0.08970213
0.09069633
0.08970404
0.09867001
0.08870673
0.09568381
0.08969641
0.08869910
0.08870292
0.09070086
0.08969975
0.08869934
0.09268475
0.09069729
0.08970118
0.08875704
0.08870363
0.08975863
0.08969998
0.09767842
0.09069824
0.09069657
0.09069705
0.08670592
0.09668088
0.08869863
0.08870316
0.09070086
0.08870339
0.08969998
0.09269023
0.08969688
0.08970261
0.09069657
0.08969736
0.08970141
0.09368587
0.08870387
0.08771181
0.08861995
0.08876324
0.08969712
0.08969712
0.08863354
0.09041476
0.08770466
0.08969760
0.09069991
0.08870721
0.09269381
0.09169078
0.09069467
0.08969998
0.08670974
0.08875751
0.09064817
0.09368682
0.08770680
0.08969998
0.09168935
0.09070230
0.08970428
0.08969760
0.08870435
0.08870673
0.09468412
0.08870339
0.09269023
0.08870459
0.08969998
0.08670950
0.09468770
0.09367514
0.08970356
0.08969975
0.08969998
0.09667730
0.08770776
0.08870673
0.08969998
0.08870149
0.08771038
0.09069681
0.10265732
0.09169817
0.08870387
0.09268975
0.09069657
0.08870459
0.08869839
0.08970380
0.08970022
0.09069419
0.08970141
0.08870387
0.08970261
0.09667087
0.08969641
0.08970141
0.08970380
0.09467983
0.08969998
0.08970022
0.09168863
0.09138060
0.08970428
0.08970237
0.08870697
0.10565090
0.08969998
0.08970237
0.08870077
0.08970308
0.09767866
0.08870339
0.08970356
0.08870101
0.08774567
0.09070539
0.08571720
0.08770132
0.09268951
0.08970308
0.08969975
0.08670616
0.08963943
0.08969998
0.09069657
0.08870721
0.09269452
0.08771062
0.09169698
0.09269023
0.10664392
0.08970046
0.08870673
0.08870721
0.09368682
0.08970332
0.09169722
0.09269023
0.10465264
0.08870482
0.08870006
0.08770704
0.09967160
0.09268546
0.08870220
0.09168959
0.08772850
0.08770967
0.09069657
0.08770299
0.08576155
0.08670902
0.09568024
0.08870363
0.10564804
0.09468293
0.08870363
0.08870554
0.08870292
0.09169006
0.08870554
0.08870721
0.08870006
0.08870506
0.09169388
0.08970308
0.08970094
0.09368920
0.08870411
0.08969951
0.09369040
0.08970308
0.08970022
0.09069252
0.08969665
0.09168911
0.08970308
0.08870721
0.08969831
0.09667206
0.08870316
0.09767413
0.08869934
0.09169292
0.08969760
0.08970380
0.08969164
0.08969712
0.08969975
0.08970046
0.09169579
0.09169364
0.08970070
0.08870339
0.08970380
0.09568167
0.09069705
0.08870316
0.08970022
0.08969951
0.09667683
0.08870673
0.10365415
0.08870363
0.08970022
0.08870745
0.09767675
0.12159371
0.08964729
0.08975220
0.08870101
0.09069300
0.09966660
0.09169030
0.08770633
0.08870363
0.08970046
0.09069633
0.09069657
0.08975482
0.08969760
0.08970451
0.09069729
0.09269214
0.08870339
0.09268594
0.08969975
0.09169030
0.08869982
0.08875942
0.09667683
0.08969975
0.09069681
0.08865213
0.08870554
0.09468913
0.09667778
0.09169364
0.09070086
0.08870435
0.08960032
0.08970118
0.08671308
0.08870769
0.08770680
0.08775616
0.08969998
0.08976483
0.09268665
0.08770704
0.08776784
0.09069777
0.08970022
0.08870363
0.09069538
0.08770633
0.08770680
0.08870554
0.08969617
0.09169769
0.09069586
0.08870745
0.08671069
0.08869982
0.08969760
0.08970404
0.08770347
0.08870220
0.08870721
0.09169412
0.08870006
0.09269023
0.08870769
0.08870697
0.08571315
0.09169316
0.08571386
0.08671045
0.08771110
0.08870029
0.08870292
0.08970332
0.08969688
0.10371447
0.09567738
0.08969927
0.09069681
0.08888459
0.08969927
0.09069419
0.08970332
0.08870840
0.08970022
0.08970094
0.10066319
0.09069729
0.08969641
0.09268975
0.08970022
0.09966683
0.08865952
0.08770633
0.09069681
0.08970046
0.08969760
0.09269309
0.09069967
0.08969998
0.08969784
0.08670664
0.09468460
0.09068584
0.08671141
0.08770275
0.08870268
0.09069991
0.08970022
0.09966850
0.08870316
0.08870339
0.08975339
0.09268832
0.09468365
0.08870268
0.08870387
0.08870339
0.08670640
0.08870316
0.08970380
0.09767389
0.08870316
0.08969593
0.09069753
0.08770680
0.08969998
0.08765173
0.08770704
0.08770537
0.08870149
0.08670974
0.08775496
0.09069657
0.07873654
0.08969998
0.08969593
0.08964133
0.08665276
0.08770204
0.08571744
0.09567595
0.08770275
0.08870721
0.08869934
0.08670974
0.09467983
0.08870339
0.09070063
0.08870173
0.08671331
0.08670664
0.08770680
0.08670974
0.08770990
0.08870316
0.08869934
0.08770275
0.09468389
0.09268880
0.08770347
0.08970046
0.08870339
0.08870363
0.08955407
0.08670998
0.08870077
0.08875680
0.08770657
0.08969545
0.09169698
0.09667301
0.08870268
0.08970046
0.08897042
0.09568405
0.08970022
0.08771610
0.09766960
0.08870244
0.08970380
0.09867311
0.08969998
0.09069276
0.09368491
0.09269190
0.09268665
0.08870745
0.08670998
0.09767437
0.08770823
0.08770823
0.08870339
0.08570957
0.08776903
0.08770800
0.08770275
0.09069610
0.09069729
0.08870697
0.08670664
0.08771062
0.09069681
0.09966660
0.08875394
0.08770370
0.08870268
0.08870721
0.08771062
0.10165858
0.08870363
0.08870363
0.08975482
0.08771062
0.08670998
0.08870387
0.08870697
0.08671021
0.08770323
0.09069681
0.08970499
0.08869982
0.09468365
0.08870292
0.09368682
0.08870435
0.08870339
0.08870029
0.08969593
0.08968830
0.08870745
0.08870554
0.08770657
0.08969998
0.09069276
0.09169912
0.08870840
0.09070063
0.08869982
0.08776188
0.08770752
0.08970046
0.08870292
0.08970070
0.09068370
0.09169126
0.09168959
0.10364938
0.09069705
0.09268546
0.09169364
0.09268999
0.09966707
0.09269524
0.09269094
0.09274483
0.09274673
0.09368634
0.09268999
0.10365438
0.09269023
0.09268999
0.09069848
0.08969545
0.09169316
0.09070063
0.08969975
0.08427191
0.09767342
0.09069681
0.08870316
0.10265779
0.08970380
0.08870339
0.08870792
0.09070039
0.09368658
0.08670998
0.08870769
0.09069777
0.08670926
0.08770800
0.08571291
0.08770609
0.09268641
0.09070086
0.08870053
0.08969617
0.08969617
0.09069848
0.09368682
0.08969998
0.08969998
0.08969951
0.08869934
0.09069633
0.09767413
0.09070158
0.09369040
0.08870935
0.08870339
0.08771038
0.08770728
0.08969998
0.09668064
0.08870125
0.08870888
0.08876872
0.10066366
0.09169364
0.09568429
0.08870316
0.08671355
0.08870339
0.08969688
0.08770919
0.08870435
0.09468365
0.08870053
0.08670902
0.08970094
0.09269047
0.08870149
0.08771014
0.09069419
0.09562325
0.10166144
0.08770847
0.08770704
0.09468341
0.09169078
0.08870029
0.08869910
0.09269142
0.09368634
0.08870697
0.08970332
0.08667326
0.08571386
0.08671355
0.08664918
0.08870769
0.08771038
0.08870053
0.08776474
0.09268999
0.08870697
0.09062672
0.08870292
0.08870673
0.08770776
0.09368706
0.08870745
0.08771014
0.08870387
0.08870363
0.09169292
0.09867024
0.08970070
0.08970380
0.08770323
0.09069371
0.09162617
0.08969975
0.08771062
0.08870840
0.08770561
0.08870339
0.08869982
0.09268641
0.08970165
0.08969998
0.08670950
0.09069705
0.08875704
0.08870316
0.08869934
0.08870721
0.08969736
0.08870387
0.08870530
0.09168983
0.09070039
0.08870339
0.08870649
0.08770990
0.08571339
0.08671117
0.08870363
0.08870745
0.08870697
0.09867501
0.08770609
0.09175944
0.09069586
0.09069514
0.08870316
0.08969951
0.08870769
0.08776021
0.08864903
0.08870363
0.08770895
0.08969998
0.08870506
0.08770442
0.09668112
0.09169340
0.08870387
0.08870745
0.08761930
0.08571768
0.08670998
0.08777332
0.08771110
0.08571267
0.08870339
0.08571410
0.09065747
0.10564256
0.08870363
0.08870673
0.08670998
0.08670998
0.08670998
0.08870292
0.08770537
0.08969998
0.09069705
0.08870745
0.08670998
0.10365343
0.08870339
0.08970046
0.08770633
0.08870316
0.08870697
0.08770823
0.08770728
0.08870220
0.08870411
0.08870006
0.08870339
0.09168077
0.09567690
0.08969879
0.08676648
0.08671284
0.08903146
0.08970070
0.08671451
0.08659625
0.08770752
0.09070063
0.08870363
0.08969975
0.09468699
0.08870721
0.09767318
0.08764720
0.09168983
0.08869791
0.09169340
0.08969975
0.08970070
0.08870697
0.08571434
0.08671021
0.09368300
0.08870339
0.09468293
0.08670950
0.08770466
0.08571696
0.08678508
0.08869934
0.08671331
0.08671021
0.08671045
0.09069681
0.09268689
0.08869958
0.08870745
0.08770275
0.08970070
0.09069586
0.08969998
0.08870077
0.08869576
0.08870745
0.08770657
0.09169412
0.10066438
0.08870387
0.08870697
0.08776522
0.08970308
0.08870530
0.09568000
0.09667635
0.08770776
0.08770800
0.08770800
0.08665872
0.09268665
0.08869958
0.10046220
0.08969712
0.08870363
0.09069777
0.08870506
0.08969784
0.09070015
0.09069657
0.09169745
0.09169340
0.08969569
0.09667397
0.08770967
0.08869624
0.08870554
0.08870339
0.08969975
0.08870673
0.08770418
0.08770609
0.08770633
0.09966636
0.10370660
0.08970356
0.09069324
0.08870649
0.08870816
0.08969975
0.08876371
0.08969760
0.08770394
0.08969617
0.08869958
0.09368515
0.08870387
0.08870435
0.09169316
0.08970070
0.09368610
0.08870339
0.08671021
0.08571315
0.08670998
0.08770704
0.08671260
0.09767008
0.08870649
0.09164000
0.08870387
0.08869982
0.09773016
0.09169269
0.08770299
0.08571720
0.08671308
0.08770609
0.08870530
0.09368610
0.08969998
0.08969975
0.08870292
0.08870506
0.08870077
0.08870816
0.08870316
0.08870339
0.08571482
0.08770633
0.09468102
0.09767365
0.09268999
0.08970094
0.08969998
0.08770704
0.08870411
0.09667563
0.09169340
0.08770943
0.08770752
0.08870530
0.08770990
0.08969569
0.09667993
0.08870387
0.08969617
0.08771038
0.09169364
0.08864427
0.08969688
0.08870697
0.08770680
0.09169674
0.08869958
0.08870316
0.10764027
0.08969879
0.09269381
0.08770990
0.08776498
0.08770633
0.08870363
0.08969998
0.08870554
0.08671355
0.08870339
0.09070015
0.09169292
0.09667540
0.08770728
0.08870363
0.08770990
0.08870029
0.08770657
0.08970380
0.08870053
0.08869982
0.08771062
0.08969998
0.08870387
0.09468269
0.09468365
0.08870435
0.08870316
0.08671451
0.08577561
0.08471370
0.08571219
0.08670664
0.08670998
0.08770633
0.08770657
0.08870697
0.08964539
0.09667230
0.09867001
0.08770800
0.08571362
0.08666539
0.08571506
0.08570933
0.08770299
0.09368992
0.08870339
0.08671165
0.08870363
0.09866619
0.09269500
0.08970070
0.08870506
0.08571267
0.08670592
0.08771014
0.08970165
0.08770633
0.08970380
0.08970404
0.08770418
0.08970356
0.09269381
0.08870316
0.08870339
0.08770680
0.08870292
0.08869886
0.08671141
0.08670974
0.08671045
0.08571362
0.08671331
0.08771133
0.08770275
0.10265517
0.08969975
0.09070086
0.08676147
0.08771014
0.08571339
0.08766127
0.08870363
0.08770990
0.08873272
0.08870769
0.08970046
0.08969760
0.09767747
0.08770704
0.08770990
0.08770394
0.08770585
0.08770370
0.08969998
0.09468317
0.08870721
0.08870006
0.08671403
0.08671021
0.09175467
0.09169579
0.08905005
0.08870673
0.08770442
0.08671117
0.08970380
0.08970380
0.08570981
0.08771014
0.08770657
0.08671403
0.08770728
0.09668112
0.08870769
0.08870411
0.08870721
0.08870125
0.08770728
0.08975744
0.08870077
0.08870697
0.08870339
0.08869910
0.08770919
0.08969998
0.09269047
0.08770633
0.08870411
0.08970332
0.08870459
0.08966708
0.08870363
0.08870339
0.09468246
0.08870387
0.09467959
0.09069633
0.09767818
0.09269047
0.08970404
0.09070110
0.08771062
0.09463668
0.08870435
0.08670998
0.08870006
0.08875680
0.08970022
0.08770800
0.08870029
0.09567714
0.09966660
0.08969998
0.08969522
0.08969951
0.09174800
0.08869958
0.08970070
0.08870482
0.09069705
0.09169126
0.09866643
0.09468126
0.09767342
0.09268761
0.09169340
0.09169102
0.09069896
0.09070015
0.09175467
0.09169769
0.09069586
0.08969998
0.09169340
0.09269118
0.09866571
0.09269238
0.09169316
0.08969951
0.09767032
