0.09668016
0.09368920
0.09069562
0.08969760
0.09069252
0.09069729
0.08970022
0.08970118
0.09069324
0.08969665
0.08970237
0.08870006
0.09075046
0.08969665
0.08975911
0.08870769
0.10165596
0.09467959
0.09667635
0.08876085
0.08970428
0.08975673
0.08770633
0.08770347
0.08770847
0.08970118
0.08870673
0.08870745
0.08870244
0.09965611
0.08970046
0.09069681
0.08870387
0.08970404
0.08770299
0.08770347
0.08770561
0.08770633
0.08656311
0.08671069
0.08671355
0.08970022
0.09169030
0.08970428
0.08870339
0.08670950
0.08970046
0.08870363
0.08870363
0.08970070
0.08970332
0.08870339
0.08869982
0.08870077
0.10066652
0.09069276
0.08969665
0.08969927
0.08970308
0.08864546
0.08870339
0.08969593
0.08969975
0.08870530
0.08969998
0.08870363
0.09368682
0.09568024
0.08970380
0.08870363
0.09269357
0.08876085
0.09269094
0.09468651
0.09069705
0.08870316
0.08970022
0.08764887
0.10464597
0.08870363
0.09568000
0.09866977
0.09069633
0.09293580
0.08970284
0.09070063
0.08870316
0.08874798
0.08670616
0.08766127
0.09369135
0.09069681
0.09273100
0.08870006
0.08967996
0.08970189
0.08970356
0.08969617
0.08870173
0.08870387
0.09169316
0.08969998
0.10457897
0.08970046
0.08969569
0.08870196
0.08970356
0.09567595
0.08870697
0.09468675
0.08870935
0.08970022
0.08870316
0.09169459
0.08970332
0.10066247
0.08969712
0.08969522
0.08870316
0.08970022
0.08970356
0.08970308
0.09069681
0.08969617
0.08969975
0.09468341
0.08970451
0.10065985
0.08870316
0.09468341
0.08770895
0.08771014
0.09767461
0.08870244
0.08970022
0.08870339
0.09169388
0.09069633
0.08970404
0.08970141
0.09069276
0.08770490
0.08671045
0.08870649
0.08969903
0.08970165
0.08869958
0.08970332
0.09269047
0.08970022
0.08870292
0.08870316
0.08770561
0.09574151
0.10365677
0.08969975
0.09069872
0.09069681
0.08969951
0.08870506
0.09269357
0.08870006
0.09667230
0.08970022
0.08870625
0.08770776
0.08771062
0.08875251
0.08869910
0.08870268
0.08870339
0.08977294
0.09268570
0.08869958
0.08970308
0.09069300
0.08969855
0.08969998
0.08870721
0.08870673
0.08870697
0.09069705
0.08870339
0.08969569
0.09268975
0.08870339
0.08975768
0.08870316
0.08969927
0.08969665
0.09667730
0.08870649
0.08870339
0.08970404
0.08869886
0.08970380
0.10464549
0.08969259
0.08969951
0.08970094
0.09069562
0.08970451
0.08865523
0.08758855
0.08770657
0.08970428
0.08870745
0.09069586
0.09368849
0.08870506
0.08870387
0.08670855
0.08870244
0.09269381
0.08970165
0.08870316
0.08870745
0.08765864
0.09069729
0.08870673
0.09767509
0.08970022
0.08970046
0.08877039
0.08870339
0.08935857
0.09767318
0.08870602
0.08870316
0.08969998
0.08870554
0.08982253
0.09169388
0.09966183
0.08870268
0.09169078
0.09468317
0.08970380
0.08871102
0.08969998
0.09069681
0.08970094
0.08870316
0.08970451
0.09169483
0.09867144
0.08870339
0.08870530
0.08969998
0.08870101
0.08969975
0.08970213
0.10565042
0.08870268
0.08770370
0.08670902
0.09360194
0.09264398
0.08870292
0.08969951
0.08670974
0.08670974
0.08870745
0.08969975
0.08870435
0.08869958
0.08969903
0.08870196
0.08970380
0.09767056
0.09006405
0.08870554
0.09448242
0.08870339
0.08969522
0.08870673
0.08870316
0.08970451
0.08770633
0.09468317
0.08870554
0.10265756
0.08770227
0.08870745
0.08969998
0.09069800
0.08869958
0.08969975
0.08770633
0.09667611
0.08870101
0.08870387
0.08969760
0.09268999
0.09069872
0.08970547
0.08869982
0.08770609
0.08870363
0.08870697
0.08969975
0.08969927
0.08870602
0.08969998
0.08870697
0.08969641
0.09566998
0.08969998
0.08969975
0.08870745
0.08970404
0.08970094
0.08970404
0.08870006
0.08970404
0.08870363
0.08870244
0.09568357
0.10863066
0.10166001
0.08970380
0.08770680
0.08870268
0.08870053
0.08869553
0.08970022
0.08969593
0.08969665
0.09467554
0.09368682
0.10365438
0.09069681
0.09169245
0.09375167
0.09369087
0.08969760
0.09069276
0.08970165
0.08970356
0.08870292
0.08870816
0.08770275
0.08877349
0.09567595
0.08970022
0.08870697
0.08969641
0.08870149
0.08970380
0.08870173
0.08870268
0.08869982
0.09268641
0.08870268
0.09169674
0.11162257
0.08969975
0.09069586
0.09069920
0.09069490
0.08970380
0.09069300
0.08969450
0.08970284
0.10265708
0.08870387
0.08970213
0.09469175
0.09269381
0.08969760
0.08869910
0.09069920
0.08970380
0.08974433
0.08970046
0.08870673
0.08870077
0.08870649
0.09866691
0.09168959
0.09069729
0.08970475
0.08870363
0.08969808
0.08974648
0.08869767
0.08970356
0.08870745
0.08970022
0.09268618
0.08870888
0.09767699
0.08869863
0.08970332
0.08870673
0.08870125
0.08870888
0.09567904
0.08870769
0.08969712
0.09168911
0.08976984
0.10166430
0.08970451
0.08770370
0.08970451
0.09069657
0.08969688
0.08875895
0.08970165
0.08870459
0.09069109
0.08870268
0.09070039
0.09070086
0.08870649
0.08870339
0.08870292
0.08870769
0.08870006
0.09069705
0.08969998
0.09169292
0.09069777
0.08970404
0.09268689
0.08870435
0.08870482
0.08875060
0.08864427
0.08876228
0.08969975
0.08870411
0.09069753
0.08870792
0.08870244
0.09169364
0.10664344
0.09269357
0.08869982
0.08870220
0.08771157
0.08770680
0.09269381
0.09069872
0.09568334
0.09568167
0.08870673
0.09369326
0.08970380
0.08870316
0.08969617
0.08870578
0.09069633
0.09069800
0.08670497
0.08870316
0.08481455
0.08870673
0.09169388
0.08969665
0.09468651
0.08869958
0.08969665
0.09164596
0.08870387
0.09069729
0.08870482
0.08870745
0.09468317
0.08771038
0.09269357
0.08870673
0.08970428
0.09268594
0.09168935
0.08969665
0.08870220
0.08824348
0.08970094
0.08969975
0.08870411
0.09368825
0.08970356
0.08970308
0.08969998
0.09468269
0.08870387
0.08771014
0.08771062
0.08870387
0.08671284
0.08970404
0.08870411
0.10066295
0.08969951
0.08870339
0.11461926
0.08771062
0.08870673
0.08870363
0.08870077
0.09269047
0.08770752
0.08970380
0.09268641
0.08969951
0.09169364
0.08870316
0.08969975
0.08770394
0.08870697
0.08870316
0.08870363
0.09069991
0.08870459
0.09169531
0.09468341
0.09169745
0.08969998
0.08969617
0.09069419
0.08974671
0.08869958
0.08870697
0.09268737
0.08970141
0.09070086
0.10066748
0.09269381
0.09070086
0.08870077
0.08969760
0.08869982
0.08970237
0.09567976
0.08970380
0.09866643
0.09070015
0.09268761
0.09368229
0.09368706
0.08770943
0.08870339
0.08877635
0.08870292
0.08671379
0.09667730
0.08970022
0.08970428
0.08770633
0.09468198
0.08869934
0.09667659
0.08969975
0.08870125
0.08970356
0.08771014
0.08970308
0.08771086
0.09069681
0.08970189
0.08969975
0.09567714
0.09076619
0.08969569
0.08870316
0.08868265
0.09568024
0.08870316
0.08870530
0.08970118
0.09568095
0.08771253
0.08870697
0.09667325
0.08969975
0.08970046
0.09468675
0.09368634
0.08770347
0.08970141
0.12259293
0.08870387
0.08770442
0.08771133
0.08865881
0.09966683
0.08970404
0.08969975
0.08970356
0.08870482
0.08969975
0.09069991
0.08870292
0.08969712
0.08970022
0.08969665
0.08914471
0.09228277
0.09169316
0.08969998
0.08969593
0.08870316
0.08863783
0.08970070
0.08770561
0.08770990
0.08770370
0.08970189
0.08671379
0.09268737
0.09269357
0.08969998
0.08970308
0.08770609
0.09069514
0.08971477
0.08771086
0.08677340
0.09667206
0.08870697
0.08969617
0.09069133
0.09568024
0.09069276
0.08970404
0.08771038
0.08970356
0.08870316
0.09568000
0.08870435
0.09069633
0.08969784
0.09069657
0.09169459
0.10365796
0.08969998
0.08870101
0.09069633
0.08670640
0.08875537
0.08770633
0.08865094
0.09069419
0.08969665
0.08870864
0.09369087
0.09468865
0.08969641
0.08970356
0.08969998
0.08975530
0.08771038
0.08676267
0.09069300
0.08970380
0.08969975
0.08970404
0.09867001
0.09069276
0.09867358
0.08870721
0.08870673
0.09767294
0.09169292
0.08969951
0.08970332
0.08870697
0.09069657
0.09368682
0.09567666
0.09169674
0.10065579
0.08970356
0.08969593
0.09069228
0.08969522
0.08770680
0.08870339
0.08970165
0.08969998
0.09568024
0.08970022
0.09069943
0.08970428
0.09069395
0.08870006
0.08770680
0.08870316
0.09368277
0.08970404
0.08921432
0.09383607
0.08969855
0.09867120
0.08870387
0.09169483
0.09368658
0.09069347
0.08969951
0.08870363
0.10371780
0.08870292
0.09169698
0.08970022
0.09269404
0.08969450
0.08870196
0.09468007
0.08870649
0.08969736
0.09568048
0.08969975
0.08870220
0.08963299
0.09069228
0.09169340
0.09069848
0.08970046
0.08962440
0.08771038
0.08970428
0.08870339
0.08970022
0.08870697
0.09966636
0.09368277
0.09368658
0.08870792
0.08976078
0.08970094
0.08970022
0.09169745
0.09469175
0.08970356
0.08870411
0.08970022
0.08969760
0.09866667
0.09069705
0.08969617
0.08969641
0.09069705
0.08970356
0.08970404
0.08970046
0.08959222
0.09069538
0.08970022
0.09268641
0.08870411
0.08870673
0.08870339
0.09070110
0.08870339
0.08970332
0.10166001
0.09070086
0.08870268
0.08970451
0.08969998
0.10265279
0.08970046
0.09268999
0.08870292
0.08970475
0.08970022
0.08970451
0.08870721
0.09069633
0.08969998
0.08969641
0.08969545
0.09268999
0.08870268
0.08970189
0.08970165
0.08969951
0.09070063
0.08970094
0.08969617
0.08770657
0.08970070
0.08969641
0.09268641
0.09559870
0.08970022
0.08870316
0.09069633
0.08870387
0.08908892
0.08970404
0.09069657
0.08870411
0.08870435
0.08970332
0.09069657
0.11162734
0.08970070
0.08970332
0.09567976
0.09867525
0.08870363
0.08770990
0.08770609
0.08771133
0.09567595
0.09169221
0.09069586
0.09767246
0.08969808
0.09069848
0.08970451
0.08870363
0.08969784
0.08975339
0.08976197
0.08970356
0.08969617
0.08969975
0.08970404
0.09966755
0.09368753
0.09368849
0.08870196
0.08870339
0.08969951
0.08969998
0.08970046
0.08970356
0.08869886
0.08970380
0.08970308
0.09568071
0.08770585
0.08970380
0.09070086
0.08870459
0.09668136
0.08969760
0.08969545
0.09169340
0.08969593
0.09069443
0.09069157
0.09368682
0.08969998
0.09069395
0.08870292
0.09866977
0.08969975
0.08969975
0.08969975
0.08870840
0.08870006
0.08970356
0.08869934
0.09269428
0.09269357
0.09667706
0.08970404
0.08765578
0.08770680
0.08771014
0.08970475
0.08869934
0.08970380
0.08870220
0.08969784
0.09069705
0.09568000
0.09169650
0.08970523
0.08870268
0.08970165
0.09169340
0.09567976
0.08969593
0.08892274
0.08870745
0.08969688
0.08870316
0.10166383
0.08771086
0.08969998
0.08770323
0.08970380
0.09069419
0.09070063
0.08969998
0.08870697
0.09369183
0.08869696
0.08969808
0.09368420
0.09375143
0.08770680
0.08870673
0.08870387
0.08870745
0.08870339
0.08969617
0.08962750
0.08770776
0.08771086
0.09069657
0.09169364
0.09369063
0.08870554
0.08969998
0.08870387
0.08870316
0.08970356
0.08969760
0.08969569
0.08969975
0.08870721
0.08870363
0.09866929
0.08970189
0.09070110
0.08970070
0.08870769
0.09070063
0.09069657
0.08870339
0.08969712
0.08969665
0.09070015
0.09169340
0.09368587
0.08870697
0.09069681
0.08970022
0.08870411
0.08970404
0.08870673
0.09269023
0.09368324
0.09069705
0.08870339
0.09468102
0.08969998
0.08870506
0.08870745
0.09867382
0.09867382
0.10066104
0.09169340
0.08870673
0.08970475
0.08970308
0.09568167
0.09070086
0.09070086
0.08970475
0.08969545
0.09070039
0.09070063
0.09169531
0.09169364
0.09169745
0.08969998
0.09169316
0.09169698
0.09368563
0.09570146
0.08870673
0.09468341
0.09070015
0.08970046
0.09069681
0.08969998
0.08670759
0.08770990
0.10165930
0.09069633
0.08870196
0.08970332
0.09667754
0.08869767
0.09473777
0.08970332
0.08969998
0.09069777
0.08969665
0.09269357
0.08770728
0.08969998
0.08770299
0.09070086
0.09069657
0.09668016
0.08870459
0.08969998
0.08969879
0.08964729
0.09274530
0.09169626
