0.09369063
0.09468150
0.08870411
0.08869886
0.08471680
0.08870006
0.08870482
0.08870363
0.08770323
0.08970189
0.08670902
0.08770442
0.08870459
0.09767556
0.08770657
0.08771062
0.08870339
0.08771014
0.08670831
0.08970141
0.09069705
0.08870530
0.08870411
0.08770704
0.08771062
0.09368777
0.08870387
0.09169292
0.08870673
0.08969831
0.08870745
0.08770657
0.08870482
0.10066342
0.08770347
0.08869767
0.08870244
0.09269547
0.08970380
0.08970332
0.08870339
0.09169722
0.08671403
0.08771133
0.09667683
0.09368873
0.08870649
0.08869958
0.08925033
0.09244370
0.08869958
0.08870745
0.08870316
0.08770704
0.08671403
0.08963823
0.08770323
0.08870435
0.08870387
0.08969975
0.08771062
0.10365319
0.09169340
0.08770585
0.09169412
0.08671427
0.08970428
0.08970022
0.09268951
0.08970380
0.08770728
0.08870363
0.08771181
0.10963368
0.09169722
0.08771014
0.10066533
0.08970380
0.08870316
0.08770680
0.09070134
0.08770728
0.08770752
0.09169102
0.08969927
0.08969712
0.09468174
0.08770823
0.08770657
0.08870697
0.08670664
0.08870387
0.08969903
0.08970022
0.08671045
0.08870649
0.08870316
0.08770657
0.08969569
0.09767151
0.08969879
0.08770657
0.08770490
0.08763933
0.08864975
0.08870268
0.09368563
0.08770657
0.08870316
0.08869982
0.09568143
0.09169412
0.09759450
0.08089137
0.08770251
0.08770633
0.08870363
0.09169436
0.08770800
0.08770633
0.08970332
0.08770609
0.08771014
0.08770728
0.10365319
0.08870244
0.09069514
0.08870316
0.09069705
0.08771038
0.08876491
0.08770275
0.08970308
0.08969998
0.08870244
0.08869982
0.11560845
0.08770680
0.08870506
0.08770967
0.08770370
0.08670998
0.08770800
0.08969641
0.08770752
0.08969760
0.08770490
0.08771014
0.08870316
0.09966707
0.08970046
0.08969951
0.08770585
0.08771062
0.08770800
0.08771062
0.08969951
0.07480574
0.08671427
0.08770299
0.08770657
0.09169507
0.09368229
0.08770680
0.09468675
0.08870339
0.08870292
0.08771062
0.08870339
0.08969545
0.08770251
0.09069347
0.08770609
0.09169340
0.09169841
0.08969951
0.08770657
0.08870363
0.08870387
0.08771086
0.09468317
0.08970451
0.08870339
0.09369040
0.08869886
0.09268689
0.08869910
0.08870316
0.08770657
0.08770657
0.08570862
0.12757397
0.08870292
0.08869910
0.08870697
0.08970165
0.08870816
0.09567952
0.08869815
0.08870482
0.08969975
0.08670783
0.08969784
0.09069681
0.08670664
0.08770156
0.08571339
0.09468293
0.08670902
0.09761715
0.08770657
0.08670950
0.08969998
0.08870339
0.08969998
0.09268785
0.08870792
0.08770657
0.08770275
0.08870649
0.08770370
0.09568357
0.09766984
0.08870339
0.09070158
0.08770657
0.08771086
0.08770347
0.08870673
0.08869243
0.08870363
0.08770680
0.08870339
0.09175658
0.09368849
0.09070063
0.08870077
0.08770323
0.08870316
0.09169459
0.08771062
0.08670449
0.09368610
0.08870339
0.08670640
0.08870244
0.09767437
0.08771062
0.09070015
0.08770323
0.08571267
0.09966612
0.08770537
0.08764768
0.08670902
0.09069705
0.08770752
0.08770251
0.09867215
0.08770633
0.08870006
0.08969998
0.08671045
0.09169364
0.08870864
0.08870435
0.08777547
0.09468222
0.08870316
0.08671355
0.08870625
0.09368253
0.09169269
0.08970022
0.08771086
0.08870530
0.08870387
0.08870649
0.08865166
0.08870530
0.08770323
0.08571863
0.08670735
0.09069347
0.09069896
0.08771062
0.08870769
0.08970046
0.08865118
0.08771014
0.09468126
0.08869982
0.08870363
0.08871603
0.08870625
0.09468341
0.10165644
0.09269357
0.08870339
0.08771014
0.08870387
0.09269381
0.08869982
0.08771086
0.08969498
0.10664344
0.08870363
0.08770299
0.08869815
0.10465097
0.08770680
0.09069252
0.08970523
0.08870029
0.08870363
0.08770776
0.08969784
0.08770680
0.08771181
0.08870053
0.08870697
0.09667277
0.09767199
0.09069681
0.08969522
0.08970046
0.09767723
0.09468460
0.08771014
0.08770275
0.08770990
0.08870506
0.08870411
0.09267163
0.10066557
0.08870292
0.08770561
0.08770633
0.08770823
0.08771062
0.08770776
0.08870244
0.08870363
0.08771062
0.08770442
0.08770680
0.09069848
0.09069490
0.08870363
0.08970189
0.08770657
0.08770394
0.08870769
0.08571291
0.08778143
0.08770680
0.08770704
0.09368396
0.08770657
0.09767485
0.08870316
0.08870411
0.08870411
0.08870268
0.08770657
0.08671069
0.08670735
0.08970332
0.08870792
0.09867358
0.08870673
0.09766912
0.09468532
0.08969998
0.08770704
0.08763671
0.08870721
0.08870316
0.08775663
0.08862591
0.08758044
0.08869839
0.08770633
0.08870339
0.10465002
0.09069657
0.08969975
0.08870697
0.08771038
0.08770728
0.08870363
0.10365343
0.08870769
0.09269023
0.08771014
0.08870316
0.08869934
0.10266018
0.08870411
0.08870292
0.08770537
0.08970022
0.08670974
0.08870292
0.08870673
0.09269333
0.08970428
0.08671021
0.08870268
0.09767270
0.08970141
0.09069681
0.08870339
0.08870006
0.08771062
0.08770800
0.08670998
0.08671331
0.09070039
0.08969975
0.08870339
0.08671570
0.09676075
0.10365415
0.08870363
0.08771038
0.08865833
0.09070063
0.08770347
0.09368277
0.08770514
0.08671379
0.08770585
0.08870029
0.09574533
0.09169602
0.08770728
0.08870792
0.08670688
0.08870864
0.08870697
0.08753729
0.09169054
0.08870053
0.08870435
0.09069681
0.08870339
0.09368420
0.08870387
0.08770728
0.10465193
0.08869982
0.08870292
0.08870339
0.09368634
0.08870339
0.09169340
0.08969855
0.08771014
0.09069371
0.09169102
0.08770347
0.09468675
0.08770895
0.08670998
0.08770967
0.09069252
0.08770990
0.10066032
0.08870435
0.08870316
0.08770680
0.09269047
0.08970308
0.08372450
0.08770680
0.09966302
0.08870292
0.08771062
0.08869934
0.08771062
0.08670592
0.08571315
0.08671570
0.09767127
0.09767652
0.08969998
0.08870769
0.08870697
0.08870339
0.08870506
0.10066271
0.08870149
0.08870339
0.08870363
0.08770585
0.08770323
0.09866762
0.09168482
0.08969498
0.08870769
0.08870339
0.08870339
0.08770800
0.08969927
0.09076047
0.08970022
0.09568381
0.08869958
0.08969855
0.10564613
0.08970380
0.08870769
0.08870459
0.08870101
0.08870316
0.08875918
0.09268546
0.09562778
0.09069443
0.08870459
0.08869958
0.09468365
0.09568048
0.09069657
0.08870363
0.09468317
0.08870339
0.09368634
0.08770728
0.08770871
0.08670998
0.08770275
0.08870339
0.09069395
0.09070110
0.08969593
0.08870554
0.08970356
0.09468675
0.08770680
0.08969951
0.08969212
0.08871222
0.08870316
0.08870339
0.08969760
0.10165596
0.08969998
0.08969617
0.08875895
0.08869958
0.08969855
0.08970356
0.08969998
0.08870387
0.08870244
0.08770800
0.08869791
0.08770633
0.09368730
0.08970118
0.08870721
0.09667325
0.08970404
0.08969998
0.08970046
0.09867334
0.09434438
0.09145665
0.08870316
0.08869958
0.09667802
0.08870006
0.08970404
0.08869934
0.09070063
0.08969998
0.08870006
0.08870673
0.09268975
0.09169102
0.08870292
0.08870435
0.09069276
0.09767365
0.08870769
0.09867382
0.08969879
0.08970451
0.08969975
0.08969927
0.08770657
0.09169078
0.08770227
0.08870101
0.09269118
0.10066009
0.08870339
0.09069729
0.09070134
0.08969665
0.08969998
0.08970046
0.08870339
0.08969593
0.08770680
0.09468341
0.08870721
0.09268451
0.08870363
0.08869934
0.09069633
0.11461806
0.08870673
0.08969808
0.08670092
0.08771133
0.08969712
0.08869982
0.08970404
0.09468341
0.09966564
0.08771110
0.08970189
0.08869958
0.08671331
0.08571219
0.08870363
0.08870697
0.08870530
0.08864284
0.09069633
0.08969784
0.09866977
0.09468341
0.08870292
0.09269047
0.08870316
0.09368658
0.08870268
0.08870316
0.08870769
0.09168983
0.08870602
0.08870363
0.09767270
0.08970022
0.09867001
0.08870244
0.08870673
0.08870363
0.08870721
0.08770657
0.08870173
0.08870625
0.08969951
0.08671045
0.09269023
0.09368587
0.08970380
0.08969831
0.08870697
0.08876204
0.08870292
0.09169674
0.08969617
0.09369063
0.09069276
0.08969927
0.09070063
0.09269309
0.09169340
0.08970904
0.08870673
0.09567952
0.08870721
0.08870697
0.08870339
0.08969998
0.08970547
0.08970022
0.09069538
0.09169436
0.08970165
0.08870625
0.08870411
0.08870053
0.08785510
0.09159541
0.09269428
0.08969998
0.08869982
0.08976007
0.08870673
0.11067557
0.09468341
0.09468198
0.08969998
0.08969831
0.09069681
0.09069276
0.08670616
0.08870673
0.08771038
0.08671069
0.08770823
0.10066772
0.09116936
0.08900952
0.08969975
0.09069657
0.08969927
0.08969712
0.08870029
0.08970451
0.08870697
0.08970404
0.09069300
0.10963607
0.09767294
0.09966159
0.08931041
0.08870459
0.08870053
0.08969641
0.08970308
0.08970189
0.08969998
0.08969831
0.09169006
0.09268689
0.08969975
0.08970332
0.08969784
0.08970332
0.09269047
0.09966660
0.08969688
0.08771062
0.08970380
0.08970022
0.08869982
0.11063337
0.08970284
0.08970308
0.08870339
0.09468389
0.08770847
0.08670998
0.08770633
0.08770847
0.08870387
0.08969617
0.08870769
0.09767294
0.08970428
0.08969641
0.08970380
0.08869863
0.08870721
0.08870316
0.08870316
0.08870625
0.08870792
0.09268999
0.09070110
0.09667516
0.08970046
0.08870721
0.08969617
0.09269071
0.08770609
0.08970022
0.08870673
0.08975101
0.08975577
0.08969998
0.08969665
0.09967160
0.09568000
0.08869982
0.08970046
0.08870363
0.08870387
0.08770323
0.08670902
0.08970022
0.08869934
0.08870077
0.09468722
0.09268832
0.09169006
0.08970451
0.08770347
0.08870339
0.08969402
0.09169292
0.08870697
0.08870411
0.08870292
0.08970022
0.08771086
0.09169555
0.09069252
0.08870244
0.08870316
0.08770418
0.08970380
0.08771038
0.08870435
0.08969641
0.08870745
0.08970356
0.08870411
0.09268689
0.09169292
0.08969283
0.08970189
0.08870649
0.08770490
0.08671045
0.08770752
0.08771110
0.08770561
0.08770347
0.08970380
0.09069204
0.08870411
0.09069347
0.08970308
0.08969998
0.08870506
0.08969975
0.09069681
0.08870316
0.09268999
0.08770728
0.09468341
0.09368777
0.09468293
0.09070039
0.08870316
0.08770990
0.08870697
0.09468126
0.08970046
0.09168983
0.09069657
0.08969378
0.09560537
0.09567976
0.08970046
0.09368992
0.08870316
0.08869648
0.09467936
0.09069610
0.08969617
0.09369087
0.09368968
0.08771133
0.09766936
0.09169769
0.08970547
0.08969593
0.08870244
0.09368253
0.08870459
0.08970022
0.08969665
0.08771038
0.09568119
0.08969951
0.09866762
0.08970332
0.08969975
0.08969951
0.08977628
0.08870697
0.09468174
0.08771038
0.08770680
0.08869982
0.08870649
0.08770990
0.09468007
0.08970428
0.09169388
0.08870268
0.08969927
0.08970356
0.09268904
0.10464954
0.08870268
0.08870411
0.08477139
0.08969855
0.09866929
0.09069729
0.08970046
0.08970380
0.08970046
0.08969998
0.08870363
0.08870244
0.08771062
0.09069395
0.08969712
0.08671403
0.09168959
0.09468412
0.08970428
0.09069943
0.08670950
0.08870673
0.08770680
0.08770680
0.08970404
0.09473491
0.08875823
0.08969998
0.08870864
0.09567904
0.08870387
0.09069705
0.08970380
0.08870339
0.08870029
0.08870220
0.08969927
0.08869958
0.08970284
0.08969975
0.08870339
0.09169149
0.09269238
0.08969569
