0.09667706
0.09070063
0.10265708
0.08969593
0.09169030
0.09069753
0.09667563
0.09467912
0.09069991
0.09069657
0.09368730
0.08969998
0.09468198
0.09070158
0.09169340
0.09468746
0.08870101
0.08770752
0.09268761
0.08969831
0.09069133
0.09667373
0.08771062
0.08770585
0.08771038
0.09169054
0.10166788
0.08770657
0.08970070
0.08970261
0.09468317
0.08970404
0.08969879
0.08970428
0.08869934
0.09174824
0.08969665
0.08770657
0.09169722
0.08869934
0.08970261
0.08970380
0.09767008
0.10066247
0.08969688
0.08969998
0.08969903
0.08870673
0.09069681
0.09070063
0.08770680
0.09069681
0.08970380
0.09069681
0.09269047
0.08969641
0.09268928
0.09368396
0.09169316
0.09069991
0.09667325
0.09169745
0.09069681
0.09268999
0.09169602
0.09169292
0.09374595
0.09468484
0.09268641
0.08969736
0.09168863
0.09076309
0.09766912
0.09368658
0.09269214
0.09169364
0.09069681
0.08870339
0.08970094
0.09368992
0.09070039
0.08970380
0.08970022
0.08970141
0.08770537
0.09368682
0.08870339
0.08969426
0.08771110
0.08870244
0.08770728
0.09568119
0.08970261
0.08970022
0.08869910
0.08870721
0.09070063
0.09069610
0.08969903
0.09169292
0.09070110
0.09069657
0.09168983
0.09069681
0.10265756
0.09070063
0.09169412
0.09169817
0.09368753
0.08970404
0.09069681
0.08969736
0.08969641
0.08870506
0.08969998
0.08969975
0.09967065
0.10166025
0.08869982
0.08870292
0.08969736
0.08870387
0.09169316
0.08970356
0.08775878
0.08970499
0.08870721
0.08771181
0.08976436
0.09767365
0.08970428
0.08970046
0.08970356
0.08969998
0.08875489
0.08870292
0.08969975
0.08870363
0.08969593
0.08870721
0.08970022
0.09967065
0.09169674
0.08869934
0.08431888
0.08870673
0.08670735
0.08671379
0.08870697
0.08870697
0.08970189
0.08970618
0.08969545
0.10064816
0.09368634
0.09069633
0.08970070
0.08870339
0.08969998
0.08870029
0.08970165
0.09169769
0.08870316
0.08870268
0.08869958
0.08870697
0.09642100
0.09622097
0.08969998
0.08970404
0.08970404
0.08870482
0.08870268
0.09667683
0.08771038
0.08770323
0.08870387
0.08969927
0.09767461
0.08969975
0.08970404
0.08969998
0.08969569
0.08870220
0.08870292
0.08870411
0.08976555
0.08770394
0.09468722
0.08869982
0.08969808
0.09269023
0.08969784
0.08970428
0.08865833
0.08970022
0.08770657
0.09069657
0.08770800
0.12757325
0.08870387
0.08771110
0.09069300
0.09269404
0.09069753
0.09069824
0.08969760
0.08976293
0.08970022
0.08770370
0.08970356
0.08870363
0.08970380
0.08873081
0.08922482
0.09169459
0.09169269
0.09169412
0.08970404
0.08870673
0.08977604
0.09069610
0.08870101
0.08976316
0.08870697
0.08969927
0.08670592
0.08776546
0.09368682
0.09069824
0.08969998
0.08870339
0.08870387
0.09867048
0.08970189
0.08870649
0.09069800
0.08970022
0.08971357
0.08870864
0.10564351
0.09268641
0.08870316
0.08970547
0.08870149
0.08975983
0.08671045
0.08870649
0.08969641
0.08870435
0.08870530
0.09368682
0.08970356
0.10763621
0.09069753
0.08970404
0.08975577
0.08870769
0.09269190
0.08969998
0.08870459
0.08969903
0.10066557
0.08870316
0.09169531
0.09368443
0.09069562
0.08970404
0.09075928
0.08870292
0.08870029
0.09269047
0.09168959
0.08870316
0.08963180
0.08969545
0.09169030
0.09069896
0.08969569
0.08970523
0.08870339
0.08665776
0.08969665
0.08970428
0.08972597
0.08870602
0.08770704
0.08770943
0.08969998
0.09268546
0.09069586
0.08969593
0.08770680
0.08870578
0.08970404
0.10166240
0.08969975
0.08870006
0.09368730
0.08870268
0.09069276
0.09269094
0.08969951
0.08969641
0.08770776
0.08969998
0.07982874
0.08870077
0.08855534
0.08970118
0.09568024
0.08870459
0.08970833
0.09268975
0.09069991
0.08870506
0.08970380
0.08770394
0.08869958
0.08970261
0.08870339
0.08671045
0.09268999
0.08770728
0.08770394
0.09475255
0.08870316
0.09070086
0.09468341
0.08969879
0.09568119
0.08870339
0.08870316
0.08775544
0.08571506
0.08770490
0.08869910
0.09268761
0.09169602
0.08969975
0.08970594
0.08870554
0.08771062
0.08770657
0.08870554
0.09468293
0.08770990
0.08870316
0.08870721
0.08771062
0.10365009
0.09368658
0.09168983
0.08870053
0.08903265
0.09567022
0.08771038
0.08870816
0.08970404
0.08770657
0.08870363
0.08969498
0.09269166
0.08970094
0.10265350
0.08970308
0.09468174
0.08970118
0.09268832
0.08970261
0.08870387
0.08969593
0.09268951
0.08870268
0.09069538
0.10963440
0.09069633
0.09468675
0.09069419
0.08870506
0.09169579
0.08969998
0.08970356
0.08770680
0.09069681
0.10066509
0.08870387
0.10564756
0.08969927
0.08770704
0.08970380
0.08970332
0.08970356
0.08870316
0.08869982
0.08870482
0.09573174
0.09169745
0.09468055
0.09468508
0.07774067
0.10265374
0.08932567
0.08684540
0.08870721
0.09069681
0.09009719
0.08969474
0.09069657
0.08969688
0.09070039
0.09069705
0.09368706
0.08869982
0.08870077
0.08870649
0.09069276
0.08870316
0.08969569
0.08975863
0.08970165
0.08875585
0.08670974
0.08765745
0.09268999
0.09069777
0.08870745
0.08870411
0.08770370
0.08670974
0.08770657
0.08870554
0.08970380
0.08970070
0.09070039
0.08870721
0.09062696
0.09568477
0.08870077
0.08969975
0.10165644
0.08969593
0.08870316
0.08870029
0.09069657
0.08970332
0.08770919
0.08870339
0.08870292
0.09966946
0.08870339
0.08870292
0.08870339
0.08970046
0.08869982
0.08970046
0.10165477
0.08969975
0.08870721
0.09069300
0.08680654
0.09468389
0.08863640
0.09069824
0.08771110
0.08970332
0.08770251
0.08871579
0.08765745
0.08870459
0.08770680
0.08964992
0.08970165
0.08970141
0.09268808
0.08771086
0.08970308
0.08870745
0.08770275
0.08870840
0.08870077
0.08870292
0.09169388
0.08976102
0.08970213
0.08870244
0.09269094
0.09070063
0.08969998
0.09070063
0.08870101
0.08969569
0.08870721
0.08870697
0.08770967
0.08770704
0.08970475
0.08870339
0.08969975
0.09966540
0.09069610
0.09268999
0.09069204
0.08970356
0.09069300
0.08970022
0.08970475
0.08970308
0.09368682
