0.09462762
0.09169698
0.09070086
0.09069633
0.10166001
0.09169745
0.09469223
0.09169364
0.09236479
0.09169316
0.09263110
0.09169650
0.09069562
0.09268498
0.09169245
0.09169269
0.09268785
0.09468436
0.09468269
0.09268689
0.09269357
0.09169221
0.09767365
0.09368706
0.10066652
0.08964562
0.09169078
0.09070015
0.08975983
0.09667349
0.09175682
0.09069729
0.08870530
0.09368706
0.09069681
0.09069443
0.09268999
0.09268570
0.09268618
0.08970356
0.09667325
0.09169412
0.09268618
0.09069681
0.09169316
0.09069753
0.08969641
0.08870196
0.09069610
0.09169674
0.09468722
0.10066319
0.09268975
0.09368658
0.09468722
0.09269023
0.09268928
0.09269261
0.09268951
0.09269357
0.09468770
0.09268856
0.09766912
0.09966278
0.09468389
0.09269404
0.09667611
0.09168935
0.09169102
0.09369063
0.09468031
0.09268832
0.09468126
0.10066223
0.10663962
0.09568334
0.09368682
0.09866691
0.09269071
0.09268618
0.10066581
0.09268856
0.09568000
0.09568024
0.10066676
0.09368682
0.09169722
0.09269381
0.08970213
0.09169841
0.09567666
0.09269404
0.09867048
0.09269381
0.09668040
0.09269357
0.09368658
0.09368682
0.09368610
0.09368658
0.10165548
0.09169292
0.09369063
0.09368944
0.09268689
0.10663939
0.09268999
0.09468484
0.09368610
0.09368873
0.09369040
0.09169292
0.09369063
0.09269357
0.09169722
0.09766912
0.09368348
0.09369016
0.09169030
0.09368730
0.09069991
0.08969951
0.09069300
0.09767342
0.09070039
0.09070063
0.09368348
0.08970404
0.09069586
0.08969998
0.08970380
0.09468317
0.09368300
0.09169316
0.09269047
0.09368944
0.09468341
0.09269357
0.09169364
0.09368396
0.09369040
0.09153128
0.09667587
0.09269404
0.09568310
0.09468603
0.09169316
0.09368229
0.09169316
0.09567881
0.09368682
0.09268999
0.09668088
0.09268904
0.09369063
0.09368706
0.09368920
0.09368277
0.09369016
0.09468055
0.09169245
0.09268665
0.09568119
0.10066795
0.09368753
0.09468293
0.09269404
0.09668112
0.09468269
0.10565042
0.09468770
0.09368300
0.09468293
0.09468102
0.09468341
0.09268999
0.09269571
0.09567690
0.09368610
0.09568381
0.09268737
0.09169292
0.09368992
0.09169340
0.09468293
0.09169364
0.09069610
0.09767079
0.09667253
0.12957001
0.09268737
0.09468651
0.09368968
0.09168983
0.09468079
0.09368610
0.09368396
0.10465407
0.09667659
0.09468389
0.09567976
0.09567690
0.09567976
0.09368944
0.09568381
0.09468174
0.09468627
0.09867382
0.09668159
0.09468675
0.09368682
0.09468770
0.09468317
0.09368324
0.10066652
0.09468341
0.09468722
0.10066104
0.09468770
0.11050487
0.09767318
0.09368682
0.10669613
0.09668064
0.09468317
0.09468532
0.09368682
0.09867358
0.09568381
0.09269071
0.09568000
0.09368682
0.09369040
0.09474945
0.09268713
0.09268975
0.09070063
0.09767342
0.09269309
0.09269142
0.10166025
0.09069967
0.09368658
0.09468532
0.09269333
0.09269357
0.09573674
0.09368253
0.09568024
0.09368658
0.09362626
0.09169197
0.09268975
0.09368658
0.09169316
0.09268832
0.09169745
0.09772491
0.09563637
0.09568286
0.09368634
0.09368849
0.09567928
0.09369087
0.09369159
0.09667659
0.09368634
0.09368682
0.09368658
0.10464907
0.09369040
0.09568071
0.09468317
0.09373975
0.09967041
0.10664368
0.09568000
0.09368682
0.09468699
0.11362028
0.09268999
0.09368682
0.09468341
0.09368825
0.09468699
0.09368682
0.09468079
0.09368587
0.09369111
0.10465097
0.09867024
0.09368277
0.09767699
0.09268761
0.09269404
0.09368634
0.09661317
0.09369040
0.09368634
0.09169292
0.09268618
0.09966707
0.09368253
0.09567857
0.09373999
0.09274745
0.09269357
0.09369040
0.09468579
0.09075141
0.09169364
0.09368610
0.09669375
0.09568071
0.09269047
0.09468722
0.09099817
0.09169412
0.09274149
0.09368682
0.09260392
0.09169364
0.09368634
0.09268737
0.10564089
0.10066032
0.09268928
0.09369040
0.09468746
0.09568024
0.09369063
0.09268785
0.09368634
0.09268761
0.09866929
0.10464644
0.09368706
0.09269118
0.09468341
0.09567976
0.09369636
0.09268999
0.09269261
0.09269118
0.09269404
0.09169292
0.09368324
0.10664415
0.09568024
0.09369087
0.09368634
0.09468389
0.09168935
0.09069848
0.08969903
0.09368682
0.09269023
0.09667301
0.09866691
0.09268975
0.09568048
0.09069681
0.09468555
0.09268999
0.09273505
0.09866905
0.09268975
0.09268618
0.09069610
0.09767032
0.10265541
0.09667420
0.09268737
0.09268570
0.09269094
0.09368277
0.09274650
0.09069991
0.08970356
0.09169245
0.09070063
0.09861732
0.09269524
0.09169745
0.09468317
0.09168863
0.09070134
0.09264159
0.09268951
0.09468293
0.09269333
0.09268475
0.09766912
0.09667587
0.09368682
0.09168983
0.09368396
0.09268999
0.09468699
0.09269023
0.09369087
0.09268618
0.09268928
0.09467936
0.09867001
0.09168839
0.09368682
0.09169364
0.09369111
0.09268975
0.09967041
0.09368587
0.09368682
0.09069228
0.09268713
0.09767032
0.09269047
0.09168792
0.08969975
0.08970308
0.09368920
0.09268999
0.09269047
0.09368992
0.09368658
0.09966660
0.10066724
0.09268641
0.09169436
0.09268975
0.09069610
0.09368658
0.09269285
0.09368682
0.09268999
0.09966230
0.09269500
0.10066652
0.09767365
0.09268856
0.08969593
0.08969593
0.09069753
0.09268594
0.09169340
0.09169674
0.09076071
0.09269023
0.09792519
0.09467912
0.09303045
0.09169388
0.09268999
0.09667706
0.09269023
0.09069872
0.08970022
0.08870721
0.08970428
0.09268570
0.09368539
0.09169364
0.09568024
0.09169722
0.08970070
0.08970141
0.09169316
0.08969998
0.08970022
0.08970189
0.09667921
0.09866667
0.09269118
0.09169412
0.08969998
0.08870339
0.09070063
0.09169364
0.09468341
0.09368682
0.09169006
0.09169316
0.09966564
0.09468317
0.09269333
0.08865952
0.09062910
0.09069681
0.09069300
0.09269142
0.09268975
0.09369063
0.09374213
0.10764027
0.09468341
0.09568048
0.09966969
0.09268761
0.09169316
0.09368944
0.09468722
0.09468341
0.09269047
0.09468627
0.09767318
0.09667921
0.09667683
0.09169722
0.09069657
0.09169316
0.09467959
0.09268975
0.09169722
0.09269047
0.09268951
0.09567952
0.10266066
0.09269404
0.09269357
0.09667635
0.09269404
0.09269094
0.09268737
0.09866953
0.09368658
0.09268641
0.09369016
0.09567976
0.09967065
0.09268999
0.09368634
0.09363317
0.09169340
0.09268951
0.09069180
0.09368730
0.09574175
0.09169316
0.09169269
0.10663939
0.09269023
0.09169650
0.08969736
0.08770752
0.08870459
0.09567642
0.08970022
0.08770442
0.08870363
0.08870316
0.08870292
0.09867406
0.09069991
0.09069967
0.08970356
0.08870316
0.08870721
0.08870721
0.08870721
0.08969975
0.08771324
0.08969998
0.09168983
0.09667611
0.09368682
0.08970189
0.09070086
0.09070039
0.09070039
0.09069681
0.08870387
0.08770919
0.09269023
0.08870363
0.09368324
0.10465431
0.08970022
0.08969665
0.08969998
0.09063721
0.08969998
0.09070039
0.09070230
0.09070110
0.09069180
0.09169698
0.09468341
0.09069777
0.09069633
0.09070086
0.08969712
0.08969951
0.09075284
0.08969998
0.08969617
0.09069705
0.09069681
0.09069657
0.09268737
0.08970380
0.09268951
0.08970022
0.09070134
0.09069395
0.08870316
0.08770537
0.08870363
0.09069633
0.09069419
0.09069705
0.09866691
0.09168983
0.09069681
0.08969998
0.09164572
0.09069991
0.08970356
0.08870721
0.09368706
0.09269047
0.09069681
0.09668016
0.09767342
0.09168959
0.09075141
0.08865452
0.08969975
0.09048605
0.09069633
0.09069753
0.09069705
0.09069872
0.09069610
0.09069705
0.09767389
0.09069824
0.09174919
0.08870745
0.09069610
0.08870316
0.08969951
0.08869958
0.08870292
0.09069610
0.08770585
0.10165787
0.09069657
0.08969975
0.08970046
0.08870554
0.08970046
0.09462643
0.08870792
0.09069729
0.09069395
0.09169340
0.09169722
0.10564613
0.08970094
0.08770990
0.08970380
0.08770728
0.08770323
0.08771014
0.09069681
0.09269047
0.09168983
0.09069657
0.09861350
0.09568000
0.09069777
0.09269047
0.09269071
0.09368658
0.09269190
0.09468699
0.09369040
0.09169340
0.09168887
0.09468460
0.09169316
0.08970046
0.08969975
0.09070015
0.09268641
0.09368992
0.09174752
0.09069538
0.09269595
0.08970428
0.09867406
0.09269047
0.09866977
0.09169698
0.08970428
0.09168983
0.08870602
0.08770704
0.08870387
0.09667921
0.09169269
0.09767365
0.09069657
0.08969951
0.08870411
0.09069419
0.09069657
0.09069777
0.09567571
0.08969569
0.09063792
0.09069753
0.09268808
0.09070134
0.09064341
0.09069705
0.08970332
0.09667659
0.09070063
0.08766127
0.09164619
0.08870721
0.10664034
0.08969784
0.08770680
0.09169507
0.08969975
0.08969760
0.09468365
0.08870363
0.09268641
0.09070015
0.09269166
0.09269404
0.08870673
0.09269023
0.08970022
0.08969760
0.09069586
0.08970070
0.09169412
0.09069777
0.09269047
0.09169030
0.09070039
0.09368658
0.09667635
0.08969998
0.09169364
0.08770680
0.09568024
0.08870673
0.08970046
0.09169436
0.09169865
0.08970046
0.09168911
0.08875775
0.08875084
0.08864641
0.09169674
0.09070063
0.09168553
0.09269047
0.09268618
0.09268999
0.08969927
0.08665848
0.08970118
0.08870053
0.09064579
0.08970356
0.09268785
0.08969760
0.09169340
0.08870363
0.09070039
0.08770847
0.08870530
0.08770633
0.08969951
0.09069633
0.09069419
0.09069610
0.09168935
0.09169316
0.09169316
0.09168911
0.08870435
0.09169340
0.09761333
0.09069681
0.09069681
0.09069371
0.09268975
0.09069777
0.09169412
0.09070015
0.08970141
0.08970070
0.09374809
0.09070039
0.09667754
0.08969831
0.09070015
0.09268832
0.09169745
0.09169364
0.09862852
0.09069800
0.09069705
0.09168983
0.09169316
0.09273505
0.08969998
0.09568024
0.09467983
0.09069753
0.09168959
0.09568405
0.08969641
0.09069800
0.09069705
0.09169388
0.08970284
0.09070063
0.09070039
0.09368706
0.08969975
0.09044075
0.08766246
0.09268999
0.09069276
0.08969641
0.08770800
0.09070063
0.08970332
0.09070039
0.09069991
0.08970284
0.08870363
0.09069371
0.09069633
0.09069300
0.08969569
0.08870053
0.08970380
0.09069753
0.09169364
0.09169316
0.09070015
0.09069777
0.09169436
0.09069276
0.09069324
0.09069777
0.09667826
0.08870697
0.08969951
0.09568000
0.09169340
0.09169340
0.08970380
0.09767723
0.08970284
0.09069991
0.08969760
0.08969879
0.08970284
0.09269381
0.09070039
0.09069586
0.08976436
0.09169340
0.08870339
0.08874869
0.08970094
0.09174180
0.08770680
0.08870625
0.09767342
0.09169364
0.10165620
0.09169745
0.09069681
0.09075236
0.08969641
0.09268975
0.08869934
0.08770680
0.08770299
0.08970094
0.09269047
0.10165620
0.08969617
0.08970308
0.09668112
0.08970118
0.09468746
0.08968163
0.09169245
0.08970332
0.09767628
0.09069657
0.09667683
0.08969784
0.09069109
0.09070015
0.08970022
0.09069347
0.08969951
0.08970237
0.08970380
0.08969593
0.09070039
0.09468317
0.08970046
0.09070015
0.08970404
0.08870363
0.08670974
0.08970380
0.08876038
0.09668183
0.09070063
0.08870029
0.09169388
0.09468365
0.09069419
0.09069371
0.09065437
0.09268951
0.08870769
0.09169316
0.08870339
0.08670712
0.08771038
0.08868861
0.09568024
0.08970046
0.08969998
0.08870816
0.08870673
0.07674742
0.08870196
0.08970141
0.08864236
0.08969927
0.09070063
0.09368253
0.09069705
0.08969593
0.08770871
0.09164762
0.08969617
0.09069395
0.09567952
0.09268522
0.08870125
0.09070039
0.09069705
0.09667993
0.09069681
0.09368491
0.08969951
0.08770609
0.08870149
0.08865690
0.08670712
0.08870745
0.08770442
0.08969545
0.09667659
0.09368730
0.10465431
0.08869624
0.09393334
0.08970356
0.09668040
0.09063387
0.09567571
0.08970356
0.09069681
0.09169531
0.09667635
0.09169340
0.09070063
0.08969975
0.09368730
0.09070086
0.08970141
0.08970356
0.09070086
0.08970165
0.08698821
0.09567833
0.09070182
0.09069753
0.09368730
0.09063792
