0.09667683
0.09169292
0.08870697
0.08870196
0.09169483
0.09368610
0.08771038
0.08623290
0.08770227
0.08672500
0.08771014
0.08970022
0.08735681
0.08771944
0.08570981
0.09170270
0.09568572
0.09866929
0.08671308
0.08771276
0.08670998
0.08671403
0.08870363
0.08671451
0.08471489
0.08864594
0.08661985
0.09169316
0.09520054
0.09668279
0.09069967
0.09169912
0.09122205
0.09169745
0.08975625
0.08971167
0.08870244
0.09368658
0.08922124
0.09368634
0.08770657
0.09568000
0.08870292
0.09070039
0.08969975
0.09069610
0.08870268
0.08870292
0.08870411
0.08870268
0.08770633
0.08670712
0.08770990
0.09667873
0.08870292
0.09069991
0.08771729
0.08571625
0.08772087
0.08631372
0.08821487
0.08722830
0.08672118
0.08670664
0.08622313
0.08671117
0.09767318
0.09368587
0.08870363
0.08671236
0.08770418
0.08770585
0.08671451
0.08671021
0.08671021
0.08571005
0.08571219
0.08621526
0.09221148
0.09220934
0.08671021
0.08704519
0.08771682
0.08571458
0.08670998
0.08722377
0.08723164
0.08527613
0.08626652
0.08661938
0.08724403
0.08970904
0.09313202
0.08870316
0.08771014
0.08671093
0.08770251
0.09168959
0.08870673
0.08670902
0.08670759
0.08671093
0.09164596
0.08571053
0.09568024
0.08969665
0.08721423
0.08621764
0.08672523
0.08693981
0.08715677
0.08672190
0.08771610
0.08970022
0.08554554
0.08623457
0.08469534
0.09368730
0.08770800
0.08670568
0.08571196
0.08565569
0.09069943
0.08870006
0.08770680
0.08671355
0.09168983
0.08670998
0.08571243
0.09918427
0.09520197
0.08770990
0.08770657
0.08572102
0.08664441
0.08770442
0.08671045
0.08770704
0.08766270
0.08770657
0.09368300
0.08672237
0.09269071
0.08969545
0.08670640
0.08671308
0.08770633
0.08770299
0.08670950
0.08770680
0.08571625
0.08770585
0.08770347
0.08770609
0.08970046
0.09268975
0.08870292
0.08980727
0.08625913
0.08650446
0.08670640
0.08734894
0.08671021
0.08623505
0.08622479
0.08870625
0.08771014
0.08927107
0.08970070
0.08770657
0.08671021
0.08764863
0.08864379
0.08670974
0.08671284
0.08670974
0.08770609
0.08471560
0.09368658
0.08671236
0.09120154
0.09169459
0.08784962
0.08671832
0.08671021
0.08670878
0.09031606
0.08823490
0.08723068
0.08627796
0.08646441
0.08771110
0.09966445
0.08822536
0.08770609
0.08770418
0.08770823
0.08770800
0.08776593
0.08571124
0.08471680
0.08671212
0.08571410
0.08671355
0.09468126
0.08969617
0.08771300
0.08870602
0.08869982
0.08671331
0.09005404
0.09169269
0.09069324
0.08870339
0.09069657
0.09169698
0.10863829
0.10265636
0.09567976
0.08969545
0.09468341
0.09468746
0.09149575
0.09069633
0.09169436
0.09204578
0.08853436
0.08770704
0.10265326
0.09468317
0.09268737
0.08970237
0.09268880
0.09268999
0.09169674
0.08870316
0.08770323
0.08870649
0.08969879
0.09269047
0.09219980
0.10066724
0.08870554
0.08870053
0.08970857
0.09021878
0.09121943
0.09566879
0.09368610
0.09269071
0.09866977
0.09169126
0.09269381
0.09966397
0.10465336
0.09268975
0.09170055
0.09268975
0.09168220
0.09268951
0.09069872
0.08977151
0.09269166
0.10277104
0.08986259
0.10642076
0.09068775
0.08821678
0.08770657
0.08770490
0.09264374
0.08969975
0.08969975
0.08671045
0.08870864
0.08870721
0.08770609
0.08969736
0.09169292
0.08870339
0.08832312
0.08871245
0.08868909
0.08771729
0.08770704
0.09169626
0.09069633
0.08968806
0.09169459
0.10464621
0.09667683
0.08970094
0.08835912
0.09024239
0.08870435
0.08671045
0.08969879
0.08870840
0.08870125
0.09069324
0.08970046
0.08870006
0.09368467
0.09568286
0.09169626
0.08776188
0.08771205
0.08870316
0.08825302
0.08828044
0.08970308
0.08870339
0.09169078
0.09070063
0.09667635
0.09069657
0.08970308
0.09069705
0.09767008
0.09069324
0.09069681
0.08826041
0.08870649
0.08869982
0.08923173
0.09221888
0.09633255
0.08869958
0.08870673
0.08770704
0.08670974
0.08970356
0.08770204
0.08671021
0.08771086
0.08671045
0.08770657
0.08971429
0.09169340
0.09069753
0.08871007
0.09169364
0.08770251
0.08770609
0.08670998
0.08670878
0.08571434
0.08671045
0.08770657
0.08670521
0.08776164
0.09667659
0.08984089
0.08770704
0.08771014
0.08770299
0.08671427
0.08770299
0.08770680
0.08870435
0.08869958
0.08864617
0.08770776
0.08869982
0.09567761
0.08770418
0.08970094
0.08770919
0.08970332
0.08723974
0.08822989
0.08829403
0.08722973
0.09069729
0.09468317
0.08770227
0.09369016
0.08870339
0.08870316
0.08771181
0.09568381
0.08770633
0.09268928
0.08671021
0.08771062
0.08770967
0.08770442
0.08865190
0.08942938
0.09423113
0.08833623
0.08770561
0.09069514
0.08770680
0.08870435
0.09368634
0.09767079
0.08770680
0.08670974
0.09169459
0.08970046
0.10714817
0.08770704
0.08870769
0.08670664
0.10962939
0.08970308
0.08870363
0.08969617
0.10066295
0.09069943
0.08870387
0.08870745
0.10664344
0.08869863
0.08804798
0.08870459
0.09468365
0.08865452
0.08771682
0.09269023
0.08969998
0.08870387
0.08771157
0.08870387
0.08969665
0.09567618
0.09368706
0.08870673
0.08721733
0.10218072
0.08870316
0.09229302
0.09069586
0.08969951
0.09369016
0.08822751
0.09419489
0.09567833
0.08969688
0.08770299
0.08870316
0.09866881
0.08770680
0.08770418
0.08770776
0.08671474
0.08770967
0.09070086
0.08969975
0.09568119
0.09324741
0.09069061
0.09069610
0.08970356
0.08970332
0.08870339
0.08970022
0.08770657
0.08770323
0.08870363
0.08870029
0.09520102
0.10120273
0.08770847
0.08770657
0.08977222
0.09035349
0.08920765
0.08822465
0.09027791
0.08870459
0.08670855
0.08769226
0.08770442
0.08969617
0.09169483
0.08869958
0.08969736
0.08870220
0.09069633
0.08870339
0.08870339
0.08770680
0.08906865
0.08822608
0.08922219
0.08770323
0.09468293
0.08969617
0.09568381
0.08969998
0.08770561
0.08970022
0.09567976
0.08870363
0.08870697
0.08871555
0.08771014
0.09170127
0.09966564
0.09568381
0.08771110
0.09468341
0.08870339
0.08870292
0.08870363
0.08969975
0.08770657
0.08870673
0.08971357
0.08970666
0.10271335
0.09268999
0.09069300
0.08771038
0.10065913
0.08870339
0.08870292
0.08770227
0.08869934
0.08870339
0.08770704
0.09169340
0.08921933
0.09069586
0.08921957
0.08770657
0.09069705
0.09070754
0.08870101
0.08875990
0.09274340
0.09368587
0.09473634
0.09873366
0.10265684
0.10663962
0.10664296
0.11318493
0.10764027
0.11242008
0.12763762
0.13255858
0.15898609
0.20932579
0.26511312
0.27400708
0.27408600
0.26663780
0.29653907
0.26874328
0.26812673
0.27408433
0.26909566
0.26910067
0.27210116
0.28506923
0.27061105
0.29002595
0.26910496
0.26810694
0.26910782
0.29539728
0.28205681
0.28604102
0.28604341
0.27111363
0.31003404
0.30024624
0.33188534
0.42557645
0.29303360
0.27360320
0.27408886
0.27807140
0.29401827
0.28106070
0.28965878
0.28033113
0.29752851
0.28504705
0.27009869
0.27208996
0.27608109
0.28945780
0.27508020
0.28803897
0.30896902
0.29603338
0.30987668
0.27808523
0.28206062
0.29999614
0.29301643
0.29394722
0.29804540
0.27508044
0.28305483
0.27807117
0.28259468
0.27799392
0.27712870
0.27710676
0.30597281
0.32491708
0.27906132
0.28556418
0.29855013
0.30456734
0.28304935
0.30099392
0.30597591
0.29384732
0.29701090
0.31096005
0.29003072
0.31197500
0.28661203
0.26931715
0.26611423
0.28105617
0.28604364
0.29457688
0.28402448
0.27610373
0.27009964
0.27009726
0.28005958
0.28306556
0.28879046
0.28459930
0.28057742
0.27209020
0.28404999
0.28606224
0.28775334
0.28521395
0.29026103
0.28803682
0.27009678
0.27408004
0.27310872
0.27388573
0.29253840
0.28504395
0.29302311
0.28902888
0.28756022
0.28076935
0.28857541
0.28955173
0.28305078
0.28505039
0.27906322
0.29003406
0.28061032
0.28357005
0.28006005
0.28106117
0.27515030
0.28108191
0.27446413
0.27060461
0.27208495
0.26710534
0.26462150
0.27908731
0.27222514
0.28846383
0.28010845
0.28106093
0.27806926
0.28105712
0.27115130
0.26465297
0.26765299
0.28205729
0.27806997
0.28703952
0.28569245
0.29453182
0.28842044
0.27508116
0.28105736
0.29402542
0.27907443
0.27865171
0.28205705
0.27508068
0.28603983
0.28704500
0.27907395
0.27415848
0.26810098
0.27707005
0.27807069
0.28657341
0.27908897
0.29354072
0.28530788
0.28703642
0.27408338
0.28305435
0.29109335
0.28956962
