0.09667444
0.09169269
0.09667325
0.08870697
0.08970022
0.08870339
0.09069562
0.09767294
0.09070086
0.09070110
0.08969998
0.08970094
0.08964825
0.09269023
0.08870339
0.08970261
0.08869982
0.08969951
0.09374619
0.09567881
0.09269071
0.08970094
0.09567642
0.08870339
0.09368777
0.08970380
0.08969975
0.09468198
0.08975267
0.08870339
0.08969617
0.10365605
0.08870316
0.08970356
0.08770251
0.09069419
0.08969975
0.08969784
0.08969951
0.08969474
0.08870125
0.08869982
0.08870387
0.10265589
0.08870411
0.09169364
0.09070015
0.09567857
0.08970308
0.09070063
0.08970380
0.08969712
0.08770657
0.08970022
0.08969665
0.09568334
0.09169316
0.09169340
0.09169388
0.09169507
0.09269023
0.09562278
0.09568000
0.09767008
0.10166359
0.10963178
0.13255334
0.15548015
0.17341948
0.18239045
0.24324870
0.30298734
0.30398297
0.29800749
0.30498028
0.29999423
0.29900098
0.31594038
0.31395507
0.30498481
0.31096387
0.29999495
0.29501438
0.32291698
0.31395411
0.30298686
0.30896330
0.32391644
0.30996704
0.30298591
0.29501367
0.30298233
0.30298662
0.29501390
0.29999685
0.30796504
0.30000067
0.29501677
0.30099940
0.30995989
0.30199456
0.29700470
0.29302120
0.30996180
0.30000043
0.29701257
0.29600954
0.30298376
0.30199409
0.29999661
0.29406714
0.30597305
0.30199456
0.29600716
0.29700828
0.30597329
0.30299020
0.29900026
0.29401684
0.29700661
0.30598068
0.29501367
0.29302025
0.30099392
0.30597949
0.30398393
0.29700708
0.29600978
0.30796981
0.29003048
0.29196954
0.29501724
0.30996871
0.29302406
0.29701042
0.29999948
0.30697346
0.29701138
0.29401708
0.29800510
0.30597830
0.30177999
0.29501200
0.28903699
0.29800773
0.30099463
0.29103065
0.29800367
0.30896354
0.30000186
0.30299044
0.30996466
0.31892991
0.30199361
0.30199504
0.30497956
0.31394625
0.30179834
0.29601049
0.29600930
0.31394720
0.30199361
0.30099344
0.30597711
0.30846930
0.30398750
0.30000091
0.30199027
0.31195426
0.30398703
0.30298686
0.30398369
0.30398011
0.30099702
0.29501390
0.30099344
0.30398440
0.30696940
0.31893802
0.30099344
0.30397987
0.30398726
0.30098915
0.29003024
0.29102159
0.30299115
0.29401445
0.29301095
0.29865050
0.30697322
0.29516792
0.30000043
0.30199027
0.30397940
0.30000091
0.30298710
0.30199027
0.31295109
0.29900074
0.29202223
0.30597425
0.30298328
0.30199385
0.29823709
0.29742765
0.30398011
0.30199027
0.30100989
0.29402137
0.31594014
0.30298972
0.30099368
0.30099392
0.30597377
0.31395411
0.30398369
0.29800439
0.29900074
0.29600692
0.29899716
0.29800320
0.30298376
0.29900146
0.29402065
0.29102635
0.30397940
0.30398750
0.30099344
0.29800367
0.30597353
0.29900217
0.30697680
0.29900360
0.30797076
0.30498004
0.29302073
0.29601049
0.30098891
0.29800749
0.29700994
0.30199051
0.31394672
0.29999995
0.29302049
0.29899788
0.30996394
0.30198979
0.29700685
0.29999733
0.30597782
0.30199361
0.29794502
0.30099678
0.30996037
0.30299044
0.30199051
0.30199361
0.30896258
0.30199051
0.31090546
0.29998112
0.31395030
0.30997443
0.29900074
0.29799914
0.29002833
0.30797362
0.29662204
0.29999733
0.30497742
0.30298948
0.29653168
0.29501414
0.30996370
0.30199242
0.29899931
0.29401588
0.29700637
0.30697417
0.29003263
0.29501343
0.29800391
0.29999256
0.29915071
0.29999661
0.29601073
0.30398107
0.29800034
0.29700899
0.31096554
0.30697298
0.30996394
0.30598140
0.32790542
0.30199218
0.29999661
0.29999423
0.30697584
0.30099368
0.29202342
0.30099726
0.30697393
0.30697727
0.30098963
0.30099368
0.31295013
0.30099726
0.31594014
0.30099058
0.30497575
0.29799986
0.29401708
0.29402041
0.31190276
0.29884315
0.30303574
0.29900289
0.30796647
0.30093932
0.30099368
0.30199051
0.30597758
0.29800391
0.30000067
0.29900122
0.30796647
0.30298686
0.29923511
0.29600668
0.31195331
0.30121255
0.29800749
0.28903723
0.30099511
0.29900360
0.29901576
0.30099368
0.30597329
0.30498385
0.29102397
0.29601121
0.30598044
0.30299091
0.29102707
0.30199432
0.29992247
0.30099368
0.29900026
0.29302168
0.30797029
0.30000067
0.29800391
0.29701042
0.29676056
0.29858875
0.29800320
0.29999661
0.29700780
0.30099535
0.29401708
0.29501724
0.30896306
0.29793119
0.29501748
0.29899526
0.30298400
0.29999733
0.29800677
0.30597258
0.32192683
0.29501510
0.29301476
0.29501367
0.29899693
0.29800701
0.29899979
0.29107976
0.30189395
0.31168318
0.30398560
0.29999495
0.31494331
0.30199337
0.28604364
0.29202342
0.30497742
0.29900002
0.29102707
0.29302025
0.30697250
0.30099678
0.28803730
0.29202724
0.29175806
0.30298543
0.29800534
0.29003024
0.29003024
0.31195736
0.29800725
0.29900146
0.29800344
0.30497742
0.29800773
0.29601097
0.29601049
0.30099249
0.29999685
0.29401827
0.29800272
0.30597925
0.30298376
0.29700661
0.29302406
0.29899693
0.29800057
0.30171633
0.29999638
0.30597687
0.30896282
0.29999948
0.29401445
0.30398488
0.30098963
0.29770398
0.29700708
0.28802633
0.30298686
0.31794190
0.29799986
0.29501343
0.30298638
0.29302001
0.29401398
0.29202366
0.31993413
0.29501390
0.31300402
0.29900479
0.30797052
0.29302239
0.29202724
0.29999804
0.30497789
0.31992984
0.29700923
0.29207110
0.29900455
0.29999685
0.29999518
0.29501724
0.29900098
0.29899764
0.32990146
0.30597186
0.30198693
0.30099773
0.29239988
0.29800701
0.30696940
0.30398607
0.29700351
0.29102278
0.29202366
0.30398703
0.29601216
0.29900050
0.29401517
0.31494308
0.30398798
0.29799914
0.29900169
0.30497694
0.29700804
0.30398417
0.29900002
0.31195736
0.30000019
0.29899859
0.29900026
0.31294894
0.30199051
0.29799986
0.28903031
0.30797005
0.29999995
0.30099392
0.30099726
0.32690620
0.29700899
0.29700780
0.29899693
0.31395102
0.30498338
0.29800677
0.29701114
0.30597353
0.30199051
0.29900336
0.29999208
0.30598116
0.30696940
0.31096172
0.29900026
0.30199099
0.30298495
0.30099392
0.29800582
0.30498433
0.30397868
0.29601002
0.29700303
0.29999614
0.30796623
0.29700470
0.29899979
0.29900360
0.30398703
0.30033779
0.29900384
0.29338884
0.30293918
0.29900384
0.30005503
0.29900026
0.31494737
0.29800797
0.30597448
0.30398130
0.30298758
0.30597544
0.29302216
0.29700589
0.29700518
0.30099702
0.29752851
0.29102659
0.29794765
0.30099392
0.31594539
0.29501081
0.30298686
0.30198979
0.29806304
0.29899907
0.30896592
0.29501343
0.28875208
0.29601049
0.30397987
0.29700637
0.29513526
0.29677534
0.30099010
0.30000067
0.29999399
0.30497694
0.30099797
0.29900408
0.29899907
0.29800749
0.32391429
0.30597639
0.29900241
0.29202366
0.29600906
0.30797052
0.29401565
0.29999518
0.30597448
0.29501367
0.29899788
0.29507375
0.29908371
0.30000114
0.29900026
0.30099344
0.29800105
0.30896831
0.29301763
0.29800415
0.29601026
0.30797386
0.29970908
0.29900098
0.29999375
0.30497646
0.30000019
0.29601240
0.29401708
0.30796957
0.29999304
0.30298734
0.29800367
0.31096077
0.30000067
0.29206681
0.29976892
0.30497980
0.29975462
0.28803992
0.29695415
0.30503941
0.30199027
0.29700994
0.29401445
0.30198884
0.30896711
0.29501367
0.29700732
0.29700375
0.30398726
0.29301929
0.29601049
0.29999447
0.30797386
0.31694174
0.29302001
0.29301667
0.30697060
0.28949332
0.29769683
0.29906321
0.31295395
0.30099416
0.29800296
0.29894567
0.30198622
0.29899955
0.29202461
0.29899859
0.30796528
0.30023074
0.29800272
0.29899979
0.29695034
0.29601121
0.29700422
0.29999661
0.30198765
0.30099797
0.29501128
0.29999638
0.30896330
0.30000067
0.29102707
0.29002953
0.30183220
0.30099273
0.28704047
0.28903389
0.31195378
0.30697393
0.29103017
0.29302073
0.29102445
0.30497718
0.29003406
0.28903723
0.29800129
0.30497718
0.28803372
0.28903604
0.31234336
0.29999685
0.29900002
0.30099058
0.29800320
0.29899979
0.29003072
0.29900432
0.29401374
0.30498028
0.30199218
0.29900026
0.29899883
0.30398512
0.30199361
0.29501820
0.29999280
0.30602789
0.29003239
0.29700708
0.29500961
0.30198622
0.29003048
0.29401684
0.28803372
0.30398011
0.29999685
0.29201913
0.29202366
0.30298352
0.31993413
0.29102325
0.29103065
0.29900503
0.29701114
0.29999757
0.29402065
0.30597329
0.29701042
0.29207754
0.30199170
0.30198741
0.30099344
0.29900026
0.29601145
0.30796647
0.29805589
0.28974795
0.29401517
0.30497789
0.29999733
0.29899764
0.30099320
0.30597305
0.30000019
0.29302430
0.30099034
0.30697203
0.30099201
0.29999971
0.29402041
0.29501081
0.30299067
0.30374336
0.29700637
0.29501224
0.30298805
0.30099702
0.29700637
0.29900026
0.30425215
0.30022550
0.30099392
0.29900050
0.30298400
0.31993294
0.29800677
0.29900169
0.30597401
0.29900432
0.29800320
0.29700732
0.30198646
0.29905796
0.30298829
0.29003167
0.31395435
0.29899979
0.29302478
0.29700732
0.30398726
0.29601026
0.28803492
0.29800344
0.29899478
0.30797005
0.29501271
0.28903365
0.29002643
0.31694412
0.29600644
0.29700661
0.30007267
0.31195760
0.29131508
0.29008245
0.29899907
0.30697346
0.29501724
0.29003525
0.29496717
0.30398870
0.29701209
0.29202342
0.29102683
0.30498338
0.30198789
0.29900408
0.30298424
0.30398345
0.30298805
0.29800510
0.29999161
0.31295395
0.30099511
0.29900360
0.29999781
0.32307696
0.31096172
0.30397868
0.30099869
0.30497646
0.29601359
0.30077958
0.30299139
0.30697489
0.30099416
0.29700732
0.29401684
0.30791163
0.29900384
0.29302382
0.29913354
0.30897093
0.29999685
0.30498409
0.29202366
0.30797076
0.29999614
0.30099702
0.29601026
0.30298376
0.31693983
0.29638314
0.30398417
0.31096005
0.29799962
0.29900408
0.30791473
0.29601002
0.27607679
0.27109313
0.28105807
0.27308702
0.26112676
0.26112676
0.27308702
0.27209353
0.26112700
0.28305268
0.28305364
0.29302049
0.28504682
0.27009726
0.27806926
0.28495741
0.27508330
0.28106022
0.28305769
0.27607584
0.28006315
0.28504324
0.28604341
0.27807021
0.29102635
0.28105664
0.27408361
0.29501009
0.27707410
0.28205991
0.27508187
0.29999352
0.27807331
0.26810408
0.26511383
0.26312065
0.26412010
0.25813699
0.26212358
0.26112342
0.26610780
0.26611066
0.25614691
0.26112485
0.25907826
0.25714040
0.27208090
0.26604891
0.26212549
0.26312041
0.26013470
0.26013422
0.25813723
0.29102755
0.29103065
0.29202127
0.29900002
0.29799986
0.28205752
0.26317644
0.26013517
0.26411700
0.27906728
0.28704047
0.29102683
0.29401684
0.29401898
0.29742599
0.29103017
0.29700780
0.30497646
0.29103041
0.27208972
0.26710296
0.26710272
0.27109694
0.25714159
0.28404975
0.27015352
0.27109361
0.26411772
0.25714350
0.26810265
0.26212716
0.26710320
0.25515151
0.26810431
0.26012611
0.27707338
0.27707386
0.25614953
0.25514317
0.27309084
0.30796671
0.29302382
0.27807021
0.29103994
0.29003239
0.29001999
0.28006363
0.27309036
0.27208662
0.27906370
0.27608061
0.28105712
0.29800391
0.29601145
0.27109718
0.26139498
0.25215340
0.25115538
0.28300619
0.29003358
0.27209425
0.26511359
0.27408361
0.26312399
0.26212382
0.25614619
0.26611018
0.26611423
0.26311612
0.25314999
0.27702093
0.29601121
0.29302502
0.29401684
0.29401493
0.30105019
0.30000043
0.30099702
0.29800439
0.29899979
0.29102731
0.29002595
0.28803706
0.29202390
0.29501104
0.29999733
0.29805994
0.30996227
0.32391739
0.29800439
0.30896688
0.30598044
0.28006148
0.25913715
0.26212740
0.25713706
0.28006363
0.26112294
0.26664162
0.27607298
0.26312113
0.28305364
0.29401445
0.28305435
0.27707410
0.29102468
0.30199027
0.27108979
0.26883411
0.25913692
0.25016689
0.26909757
0.29401469
0.28504586
0.27204466
0.29202461
0.27600265
0.30696893
0.28803444
0.29899907
0.26909685
0.26909685
0.26211929
0.26710653
