0.09767294
0.09069419
0.08970356
0.09069633
0.08870101
0.08970022
0.09069729
0.08870196
0.09069657
0.08870363
0.09168935
0.09069681
0.08870387
0.09169459
0.08770609
0.09169006
0.08870006
0.09069276
0.08969736
0.09269309
0.08870745
0.08670998
0.09070063
0.08870363
0.09069681
0.08870411
0.10265708
0.10066724
0.08771086
0.08869934
0.08870721
0.08770657
0.08770251
0.09368730
0.09069371
0.08870697
0.08870316
0.08870339
0.08870435
0.08671403
0.08870363
0.08870697
0.07674360
0.09368706
0.08870292
0.09368706
0.08870363
0.08770776
0.09468746
0.08770657
0.08670974
0.08770633
0.09667420
0.09767771
0.09667802
0.08671021
0.08770752
0.09169579
0.09169292
0.09568119
0.09269166
0.09966302
0.08870697
0.08970237
0.08870363
0.08870077
0.08970380
0.08870745
0.09069657
0.09467983
0.08970022
0.08970094
0.08671021
0.08870292
0.09472847
0.08571482
0.08764744
0.08570886
0.08671069
0.08571315
0.08756566
0.09368300
0.09069729
0.08870339
0.08969951
0.08671117
0.08970404
0.08670664
0.08870482
0.08671379
0.08870554
0.08870339
0.08770633
0.08670998
0.09860802
0.08969998
0.08969998
0.08970451
0.08671308
0.08670497
0.08870268
0.08671236
0.08571315
0.08671117
0.08764935
0.08770347
0.09468412
0.09169626
0.08970022
0.08870363
0.08770418
0.08870125
0.08670664
0.08970022
0.09368682
0.10518694
0.08969617
0.08277702
0.08870411
0.09268570
0.08870316
0.08869982
0.08969617
0.08671021
0.08770776
0.08770275
0.09563041
0.08770633
0.08969998
0.08865666
0.08969736
0.09568024
0.08870339
0.08969688
0.08970070
0.08969784
0.08777142
0.08870673
0.08970523
0.08870673
0.08870745
0.09269047
0.08970356
0.09368467
0.08969855
0.08870316
0.08970308
0.08969736
0.08770657
0.08870316
0.08970070
0.08870316
0.09069443
0.08876228
0.08670688
0.08670998
0.09268594
0.08970070
0.09369040
0.08869934
0.08876109
0.08870697
0.08870244
0.08870339
0.08870363
0.08870316
0.08969688
0.08870077
0.09468484
0.09269023
0.08970070
0.08870602
0.09069657
0.09468675
0.08870316
0.08869982
0.08870125
0.08870316
0.08970118
0.08870316
0.08870339
0.09368634
0.08970094
0.08969998
0.08969760
0.08870363
0.08770776
0.08870173
0.08969951
0.08869982
0.08770728
0.08970094
0.08969998
0.09269023
0.09667230
0.08970022
0.09070015
0.08670568
0.08670998
0.09568119
0.08970118
0.08969545
0.08870649
0.08770585
0.08770680
0.08671045
0.09667325
0.09169292
0.09070015
0.08870339
0.09069324
0.09069324
0.08870149
0.08571315
0.08770633
0.09070039
0.08870721
0.08970404
0.09667277
0.08770633
0.08969808
0.08870578
0.08770657
0.09468317
0.08970308
0.08875680
0.10464740
0.08869886
0.09966254
0.09468269
0.10565376
0.08970332
0.08970404
0.08870387
0.08969927
0.08870101
0.08970404
0.08969951
0.08875680
0.09169602
0.08964944
0.08870029
0.09368730
0.08970022
0.08870363
0.08970141
0.08670902
0.08870459
0.08771062
0.08770704
0.09168959
0.08870697
0.09568405
0.08870006
0.09368277
0.09667683
0.08970356
0.08870339
0.09069443
0.08666134
0.08671355
0.08770227
0.08870363
0.08769321
0.09567976
0.08970380
0.09269047
0.09467983
0.09568000
0.09069657
0.08970022
0.09268641
0.08770418
0.09268999
0.08770680
0.08970046
0.08770466
0.09169030
0.09369087
0.09468365
0.08970118
0.08970404
0.08870363
0.08770633
0.08771014
0.09169364
0.08870339
0.08969951
0.09169745
0.09468675
0.08970237
0.09368753
0.09667611
0.08869958
0.09070849
0.09069633
0.09069681
0.08870411
0.09070015
0.08870578
0.09069657
0.09269357
0.08969998
0.08770680
0.09368348
0.08670974
0.08870316
0.08970118
0.08870721
0.08970022
0.09069395
0.09168983
0.09268618
0.09468293
0.08969927
0.08870363
0.08970118
0.08870149
0.08970428
0.08869982
0.08969641
0.08875966
0.09468460
0.09468150
0.10985708
0.08970332
0.08869958
0.08770680
0.08870316
0.08970022
0.09468293
0.08969712
0.08770704
0.09268904
0.08970261
0.09268332
0.08970284
0.08870721
0.08970022
0.08870339
0.08870697
0.08670449
0.08770299
0.09069657
0.09069252
0.08970404
0.09368277
0.09468341
0.08870697
0.08870673
0.08771157
0.08869958
0.08670712
0.08670974
0.08869958
0.09169698
0.09069681
0.09175539
0.09070063
0.08970380
0.08969617
0.09268999
0.09568167
0.08770680
0.08901906
0.08970022
0.08970308
0.08771038
0.09063983
0.09169173
0.08961034
0.08970070
0.08870220
0.08969879
0.08969593
0.09069967
0.09269428
0.08770657
0.08870625
0.08969569
0.08970404
0.08870339
0.08870673
0.08969879
0.08870339
0.08671069
0.08671284
0.09767413
0.08970118
0.09070039
0.09069681
0.08863974
0.08870339
0.08771229
0.08870268
0.08068848
0.09069824
0.08870745
0.09811568
0.08870673
0.08969569
0.09368682
0.08969975
0.08970070
0.08970070
0.08869958
0.08870721
0.08969975
0.09269118
0.08870888
0.08969712
0.09268975
0.09268999
0.08969998
0.08870459
0.08870292
0.08770657
0.08776498
0.08676553
0.09567761
0.08970523
0.09369016
0.08766246
0.09867048
0.08771038
0.08771586
0.09069681
0.08870077
0.08770514
0.08770323
0.09162879
0.09268951
0.08770561
0.09063792
0.09070110
0.09567714
0.08970308
0.08771014
0.08970046
0.08970070
0.08969903
0.09867334
0.08870339
0.08970046
0.09268951
0.08970499
0.08869982
0.08969569
0.08969975
0.08970022
0.08869982
0.09169412
0.09169745
0.09269357
0.08970141
0.09169364
0.08870649
0.08869886
0.10066271
0.08770752
0.08671331
0.08870339
0.08970022
0.09069371
0.09838820
0.08770657
0.09169436
0.08969641
0.09069800
0.08969593
0.08770633
0.09468365
0.08870673
0.09468007
0.09169459
0.08970118
0.09567618
0.08870316
0.08969593
0.09168959
0.09468079
0.08969569
0.08970261
0.08969975
0.08770800
0.09169602
0.09268737
0.08970380
0.08870411
0.08770657
0.08771086
0.08670735
0.08973336
0.08969712
0.09064722
0.08969784
0.09069633
0.09866714
0.08870292
0.08870316
0.08771086
0.08970404
0.08870125
0.08870316
0.09069681
0.08970094
0.08969688
0.12458777
0.09866786
0.09069824
0.09069324
0.08870339
0.08870316
0.08671093
0.08670664
0.08969665
0.08970380
0.08770680
0.08771062
0.08775687
0.08770442
0.09368443
0.08969617
0.08870721
0.08870745
0.08870387
0.08870292
0.08670712
0.08969998
0.08975816
0.09069777
0.08969998
0.08870292
0.09966350
0.09169292
0.08970022
0.08969927
0.08870292
0.08970022
0.09069705
0.08870149
0.08973193
0.08970356
0.08976269
0.08970022
0.09169912
0.09268951
0.08969665
0.08870649
0.08771062
0.09374142
0.08870316
0.08870339
0.08770776
0.08770633
0.08670616
0.08770633
0.08770633
0.09867024
0.08870363
0.08969975
0.08870411
0.08571315
0.08571720
0.08870411
0.08969569
0.08970428
0.08870459
0.08770299
0.08869958
0.08969617
0.09169340
0.08969831
0.08869910
0.08770704
0.08770585
0.09062648
0.09069657
0.08969712
0.08969617
0.08969855
0.08870697
0.10365725
0.09866691
0.09069705
0.08869910
0.08970332
0.08970022
0.08870029
0.09069419
0.08969760
0.08970165
0.08870077
0.08969998
0.09069633
0.09368324
0.08970046
0.08870673
0.09368300
0.09468365
0.08771014
0.09468317
0.08770823
0.08969975
0.09070039
0.08870077
0.09767532
0.09966540
0.08969998
0.09069681
0.08770537
0.09069633
0.08969975
0.08875871
0.09069586
0.08969975
0.09768128
0.08970261
0.09867215
0.09069753
0.08870292
0.08870220
0.08870363
0.09069657
0.09069705
0.08969665
0.08870649
0.08969975
0.08969998
0.09169388
0.09368658
0.08870363
0.08969736
0.08870292
0.09069443
0.08870339
0.08776045
0.09568787
0.08770633
0.08670950
0.08876300
0.10166049
0.08870721
0.08970261
0.08875227
0.08670998
0.09069657
0.09169340
0.09667706
0.09269047
0.08775949
0.08864379
0.09269023
0.09368634
0.08870363
0.08970189
0.08970046
0.08870292
0.08870316
0.08776879
0.08671474
0.08665323
0.08865476
0.08770800
0.09866810
0.09069324
0.08870387
0.09169340
0.08870006
0.08875299
0.08670521
0.08864617
0.08770680
0.09966683
0.08770680
0.08962035
0.09069657
0.09069538
0.08770609
0.08969998
0.08870673
0.08870029
0.08776736
0.08970332
0.08770251
0.09368610
0.08870411
0.09268570
0.09069657
0.08770847
0.09866977
0.08670783
0.08669734
0.09368563
0.08969975
0.09070158
0.08970428
0.08771062
0.08870387
0.09368277
0.09069705
0.08770585
0.09368634
0.08870292
0.08870625
0.09368682
0.08870363
0.08870244
0.08969975
0.09069681
0.08964753
0.09866929
0.09567976
0.09269404
0.09567618
0.08770633
0.08969617
0.08770823
0.08970237
0.08870745
0.08869982
0.08969665
0.08870745
0.09069276
0.09867477
0.08870673
0.08870745
0.08671451
0.08964109
0.08870435
0.08770537
0.09173870
0.08770728
0.08671045
0.09069729
0.09568572
0.09568357
0.09070063
0.08969998
0.08670664
0.08969641
0.08870339
0.08770704
0.08869934
0.08870721
0.09169412
0.08969998
0.08870268
0.10464931
0.08870292
0.08870673
0.08970380
0.09568000
0.08870864
0.08870411
0.08770514
0.09169340
0.08969975
0.09069443
0.08969975
0.09169364
0.09468293
0.09369016
0.08969569
0.08770657
0.08970404
0.08970284
0.08670998
0.08670592
0.08870673
0.08970118
0.08969712
0.09468198
0.08770299
0.09866619
0.08970189
0.08970404
0.08970022
0.09268880
0.08870196
0.09064031
0.08770370
0.08670998
0.08771086
0.09468317
0.08969998
0.08870363
0.09368682
0.08870173
0.08970380
0.09468365
0.07879448
0.08870363
0.09069300
0.09368682
0.09568071
0.09069562
0.08969665
0.08970022
0.08870077
0.08970094
0.08870053
0.08870363
0.08969951
0.09169292
0.08969736
0.09069896
0.09268999
0.08969975
0.09568477
0.08870387
0.08970046
0.08870363
0.08969641
0.08970022
0.08970094
0.08969736
0.08970475
0.08870435
0.09368682
0.08770704
0.08770895
0.08670902
0.09070015
0.08670974
0.09070063
0.08571076
0.09468770
0.08970356
0.08665705
0.08974051
0.09169292
0.09668016
0.08678079
0.08770919
0.08770752
0.08975172
0.08969784
0.08180141
0.09568024
0.08969998
0.08969975
0.09467983
0.08969927
0.08969998
0.08870363
0.08869958
0.08970022
0.09069705
0.08770609
0.08770895
0.08671045
0.09567475
0.08770537
0.09468365
0.08970046
0.08869982
0.08969688
0.08969617
0.09075165
0.10265636
0.08969975
0.08970022
0.08870745
0.08864856
0.09263229
0.09467983
0.08969998
0.09069252
0.08870578
0.08871031
0.09268737
0.08969951
0.08970451
0.08770537
0.08870673
0.08969998
0.08770537
0.09667301
0.09170103
0.08970928
0.08770680
0.08571219
0.08969998
0.08770657
0.08870363
0.08870602
0.08869886
0.09668064
0.08770752
0.09767127
0.08870387
0.09667897
0.09468341
0.09468055
0.08664799
0.08870482
0.08770776
0.08770537
0.08770657
0.08970046
0.08870387
0.09468341
0.09468341
0.08969951
0.09268951
0.08969903
0.08870292
0.08870339
0.08970165
0.08571386
0.08770299
0.08970141
0.08969641
0.08969760
0.09867001
0.08870387
0.09069705
0.08870339
0.08871031
0.08870459
0.09767342
0.09070086
0.08870363
0.09070015
0.08870006
0.08970022
0.10265303
0.08970022
0.08870506
0.08870721
0.08970356
0.08870077
0.08771038
0.09169507
0.08571672
0.08770251
0.09069324
0.08676243
0.08770704
0.09966278
0.08969641
0.08870673
0.08775973
0.08866763
0.08970356
0.08969641
0.09069681
0.08870602
0.08969998
0.08869958
0.08870292
0.09468269
0.08870316
0.08969998
0.08970428
0.08886456
0.08969975
0.08771038
0.09029722
0.08970022
0.08969712
0.08870697
0.09069681
0.09069705
0.09369063
0.08970070
0.08870697
0.08970571
0.08969998
0.08870339
0.08870721
0.08770895
0.08670616
0.08770943
0.09069705
0.08670998
0.10265279
0.08870363
0.08861208
0.08969975
0.10166025
0.08671236
0.08770704
0.08571339
0.08770299
0.08571744
0.08969998
0.08870316
0.08770680
0.09268785
0.09368730
0.09468150
0.08969569
0.08571315
0.08776236
0.08570933
0.08875084
0.08869910
0.08870363
