0.00000000
0.00000000
0.09424877
0.10976958
0.17279553
0.23522377
0.26658702
0.23558903
0.23516917
0.17268014
0.15713191
0.09414411
0.17275953
0.15658689
0.16978765
0.15710664
0.15706968
0.15664840
0.17243981
0.15707517
0.17286110
0.15709925
0.17177868
0.16635609
0.15705180
0.15710974
0.18830132
0.15675759
0.15677333
0.17219877
0.15701389
0.16575432
0.17244411
0.15154123
0.17287421
0.17268157
0.17327690
0.15665364
0.15706944
0.18779898
0.15723777
0.16565633
0.17227626
0.17268658
0.15715694
0.17267275
0.17265534
0.15685439
0.15682745
0.17263937
0.15706635
0.16469240
0.17678642
0.15671587
0.15719247
0.17268562
0.15718126
0.17227101
0.16172314
0.15715742
0.17268920
0.17275524
0.17528915
0.15682054
0.15720272
0.17267609
0.15705895
0.17231941
0.15671563
0.15712595
0.15723276
0.17226434
0.17226315
0.15704060
0.15726042
0.17266297
0.17228007
0.15683651
0.17267489
0.15711308
0.16466069
0.17238426
0.16815090
0.17268300
0.18839931
0.15652394
0.16920924
0.17227888
0.16367626
0.15718412
0.15719867
0.17634988
0.15665793
0.18790436
0.17285395
0.15709543
0.16815782
0.17231750
0.15704703
0.17267466
0.17287803
0.17284465
0.17251801
0.17233300
0.17265487
0.15705872
0.17262197
0.16310835
0.15666199
0.20397782
0.17226815
0.17680407
0.15705109
0.17267752
0.17271471
0.15664434
0.16917801
0.15673590
0.17281055
0.15704012
0.15665245
0.17273259
0.17280507
0.17268896
0.17285132
0.17531490
0.17228103
0.15665579
0.18830919
0.17274594
0.15724874
0.17233062
0.17543387
0.15665913
0.17268443
0.15706515
0.17287993
0.15668654
0.15673161
0.17292953
0.17269301
0.17266226
0.17265797
0.15677214
0.15665674
0.17268658
0.15711999
0.16609621
0.17183518
0.15060997
0.17288542
0.18841457
0.17286849
0.17276525
0.15664649
0.17279530
0.17274046
0.17280936
0.17270684
0.15676522
0.15528655
0.15718031
0.17275095
0.17270899
0.18184876
0.17175174
0.18178582
0.15718651
0.17292690
0.17269373
0.15717363
0.18184042
0.17176938
0.15705991
0.15704608
0.17291808
0.17241383
0.15611100
0.15711617
0.17239404
0.17273617
0.15665126
0.16367388
0.15724325
0.17273903
0.17282915
0.17278934
0.18830037
0.15664148
0.17269301
0.17267418
0.15705371
0.18837690
0.15766335
0.17253733
0.15671134
0.17282867
0.17266893
0.17286325
0.15677762
0.16823721
0.17289448
0.17274976
0.15709186
0.17267752
0.18027687
0.17234397
0.15718508
0.17268300
0.18831635
0.17286539
0.16762495
0.17227960
0.15729189
0.18830776
0.15655422
0.17265129
0.17274213
0.15676737
0.17284083
0.17276740
0.17282248
0.17267656
0.15668607
0.16924000
0.15655160
0.17264080
0.15704608
0.17226815
0.15668035
0.17263627
0.18830466
0.15709400
0.17577887
0.15683722
0.17224121
0.17267942
0.15701795
0.17268324
0.15663528
0.14905357
0.17268729
0.17268109
0.17266321
0.17221189
0.15664506
0.17273450
0.15712643
0.17271376
0.16479445
0.17228341
0.17275476
0.15703869
0.17268753
0.18785000
0.17274094
0.15664911
0.16367412
0.15725613
0.17268634
0.16121984
0.17228341
0.17178988
0.17274213
0.15650153
0.15715122
0.17243004
0.15682268
0.17275167
0.15699959
0.17267609
0.17211604
0.15665674
0.17268944
0.09413695
0.10977030
0.09415746
0.08269095
0.10015845
0.09415293
0.09432578
0.09422374
0.07870078
0.09418082
0.09415507
0.09415793
0.09414887
0.09415317
0.07854366
0.10985804
0.10021448
0.10983729
0.09415507
0.09420276
0.10976911
0.09421825
0.09422350
0.10971737
0.09363961
0.09409213
0.09415627
0.09429336
0.11004448
0.09409308
0.09414268
0.09415483
0.10015845
0.09425879
0.09413886
0.10984516
0.09413838
0.09426212
0.09416008
0.10977173
0.10020256
0.09926319
0.10977221
0.09415889
0.10982251
0.10985374
0.10977983
0.09480047
0.09415936
0.09420061
0.09414577
0.10982203
0.10986638
0.09414554
0.10989809
0.09422445
0.18084598
0.15322542
0.17233181
0.15966105
0.17236257
0.17228341
0.23578668
0.23519397
0.23573947
0.25077415
0.25035715
0.23588133
0.23526454
0.23558187
0.25104189
0.26651001
0.23557544
0.23529196
0.23558283
0.25094509
0.25153112
0.25095224
0.23516607
0.23511124
0.23536515
0.23546529
0.24476314
0.25639868
0.23543477
0.23919773
0.31395340
0.31367397
0.31381130
0.31215000
0.31368041
0.31376410
0.29772663
0.31142926
0.29802489
0.32950330
0.31378198
0.32697248
0.29814625
0.31371713
0.29817438
0.31109881
0.32952881
0.29804492
0.31683183
0.32931352
0.31381774
0.25127172
0.23575163
0.23514938
0.25126410
0.25090957
0.25121117
0.25091124
0.25086260
0.25070333
0.23528838
0.23567343
0.25083256
0.23737669
0.23516798
0.23538327
0.25118542
0.23516679
0.25121355
0.25092030
0.26691937
0.17216110
0.17261767
0.15664124
0.17234206
0.15717602
0.17268324
0.17272019
0.16269684
0.17245936
0.10977364
0.10167217
0.10977507
0.09420300
0.07846999
0.10975814
0.09413719
0.09413505
0.09415960
0.10020423
0.09425664
0.09409046
0.09415650
0.09435701
0.10978317
0.09415102
0.09414148
0.09413505
0.07812357
0.08964109
0.07812738
0.10014915
0.09413791
0.08157635
0.12540507
0.09370112
0.07863808
0.09414840
0.09413362
0.10978746
0.09925652
0.10982227
0.07852411
0.09420490
0.09415221
0.07852268
0.09415150
0.09428024
0.09413409
0.10976863
0.09420776
0.09375763
0.08456993
0.09422040
0.08063006
0.09415913
0.09420705
0.09416032
0.09415507
0.09415174
0.09419441
0.10972333
0.09069276
0.10939121
0.09415722
0.09415603
0.09415793
0.09426832
0.07852864
0.10972214
0.09415460
0.07656336
0.08619094
0.09776783
0.09419489
0.09408474
0.10977173
0.07853174
0.09421825
0.09429765
0.09411502
0.09415007
0.09415436
0.09415126
0.07853341
0.09416080
0.09415722
0.07818484
0.10020185
0.09427571
0.09421015
0.09413815
0.10976672
0.09421611
0.09428811
0.09420919
0.09425592
0.07851291
0.10979009
0.11035705
0.08363223
0.09415770
0.10978389
0.09415936
0.09414864
0.07859302
0.09413409
0.10936618
0.10994816
0.07853198
0.11840296
0.09415841
0.09414101
0.09413862
0.09421039
0.09415436
0.07870770
0.09427691
0.09415579
0.09364820
0.09416151
0.09416175
0.10022211
0.09413624
0.09414911
0.09420776
0.09415030
0.09420919
0.09415460
0.07863379
0.09415722
0.09414983
0.09414673
0.09414244
0.09063244
0.07812810
0.10032153
0.09429288
0.09415126
0.09419656
0.12539458
0.09422016
0.09415293
0.09415054
0.09414816
0.07858562
0.09421802
0.09423828
0.09416986
0.08775306
0.09375167
0.08669925
0.09413815
0.08313274
0.09427047
0.09412694
0.09420300
0.09424233
0.07846761
0.09420180
0.10977626
0.09422112
0.10977936
0.10024285
0.09421396
0.09414768
0.09420848
0.09422159
0.10979009
0.10984874
0.09417701
0.07859254
0.10926676
0.09055305
0.09626675
0.09422159
0.09415340
0.09415460
0.09440637
0.09424186
0.09410334
0.07853436
0.09430051
0.09422159
0.07797456
0.09415698
0.09420371
0.09414649
0.09420109
0.09431911
0.09433079
0.07812881
0.09313512
0.09426975
0.09676218
0.10979438
0.09421492
0.09416175
0.07852912
0.09411025
0.09415269
0.09415865
0.09411407
0.09421182
0.10014153
0.09415722
0.10977268
0.07852793
0.11001301
0.09417200
0.09410238
0.09415150
0.07852745
0.09420824
0.09427762
0.09421086
0.09368658
0.09415126
0.09413815
0.09415340
0.09416199
0.07862020
0.09415317
0.09414601
0.09416127
0.07852697
0.09414935
0.09428644
0.09414220
0.07853580
0.08163452
0.09113812
0.10977721
0.09415770
0.09428144
0.09428048
0.09442687
0.09414554
0.09416604
0.07853270
0.09412169
0.09415460
0.07852125
0.09419823
0.09415960
0.09938431
0.08969259
0.09531641
0.10978293
0.07853389
0.10983300
0.09432197
0.09373689
0.09410048
0.09415936
0.07864332
0.09420419
0.07818627
0.08863831
0.07811999
0.10014415
0.09416223
0.09414458
0.09415126
0.09414911
0.09407163
0.09426713
0.07851815
0.09414959
0.09420848
0.09413719
0.07866096
0.12580967
0.09423542
0.09415913
0.09421492
0.07852006
0.09419084
0.10971594
0.09414339
0.07853317
0.09425449
0.08867931
0.07812738
0.10020733
0.09422278
0.08257627
0.09415817
0.09414339
0.09420824
0.07851458
0.09415150
0.09408808
0.09377027
0.09414840
0.09421444
0.10977554
0.09415436
0.09415388
0.07851648
0.09421158
0.09214354
0.09214449
0.09826469
0.09416151
0.11002827
0.09409642
0.09415436
0.07846880
0.09420896
0.09415770
0.09411025
0.09415317
0.09415817
0.09414911
0.09826398
0.09415221
0.09413624
0.09412313
0.09430480
0.09415460
0.07852745
0.09417343
0.09415698
0.07853460
0.10977411
0.07851672
0.09420514
0.08969998
0.07820749
0.09320617
0.09414768
0.09409308
0.09415174
0.09364724
0.09426308
0.09414315
0.09421062
0.10973072
0.09429359
0.09421420
0.10982370
0.09313726
0.09414649
0.09414172
0.09415221
0.09364319
0.09415650
0.09415531
0.07860470
0.09411216
0.09413981
0.09416676
0.08271170
0.10816050
0.07852244
0.09414363
0.09415579
0.09414816
0.09427929
0.09421968
0.09416008
0.11697817
0.10982704
0.09409904
0.09408045
0.09415126
0.09422326
0.07867885
0.09857607
0.09012842
0.08964586
0.08364058
0.09319091
0.09114456
0.09725690
0.10978198
0.07802248
0.09425163
0.07855034
0.09409833
0.07852888
0.09414554
0.09415197
0.07852387
0.09429765
0.09427118
0.09415627
0.09415364
0.07853150
0.09431219
0.08714128
0.09375024
0.08763099
0.09372830
0.09413195
0.07867432
0.10982895
0.09407282
0.09414721
0.07858896
0.12540960
0.07706475
0.08663750
0.09726620
0.12541056
0.09369063
0.09410477
0.09415603
0.09414029
0.09422016
0.09420133
0.07861972
0.08264089
0.09213257
0.10223436
0.09414816
0.07852149
0.09421420
0.07852626
0.10977125
0.09422135
0.09414339
0.09369564
0.09413743
0.11279082
0.09415054
0.07862067
0.09409571
0.09416509
0.10976291
0.07853460
0.09416008
0.07851529
0.09416103
0.10983205
0.07853174
0.09418631
0.09413838
0.08464170
0.10026526
0.09413648
0.09425402
0.09425807
0.09415030
0.10983515
0.09409380
0.09427023
0.09414649
0.09415603
0.10977626
0.10976386
0.10978556
0.09426188
0.07864475
0.09414196
0.10922170
0.10977411
0.09677243
0.09414887
0.09415579
0.10975718
0.07851028
0.09415197
0.09428120
0.09415507
0.09415555
0.09426379
0.09314275
0.10978508
0.09425664
0.07847786
0.09414911
0.09414577
0.09409857
0.07852507
0.09410357
0.09435463
0.09409809
0.09435081
0.09367847
0.08764219
0.07819748
0.10013986
0.09415722
0.09421015
0.07852268
0.09413910
0.07870817
0.10990214
0.09423256
0.09411430
0.07853723
0.18830180
0.07853127
0.09426594
0.09439635
0.09420824
0.07853723
0.09415698
0.14960957
0.09416032
0.09409642
0.07852316
0.17268920
0.10977459
0.17274284
0.17268538
0.23521900
0.09782338
0.09415770
0.09414458
0.09415126
0.09415960
0.09414840
0.10969949
0.09433794
0.09410572
0.09421349
0.10977483
0.09163380
0.09782147
0.09421921
0.09413457
0.09420705
0.09420228
0.09410715
0.07852292
0.09415436
0.10981441
0.07865262
0.09414363
0.10265946
0.10977960
0.09428811
0.10936260
0.09415483
0.08163142
0.09114361
0.09415340
0.09926605
0.09415054
0.10996246
0.09426141
0.09419918
0.07852697
0.10978127
0.07848930
0.09409881
0.09427929
0.09426832
0.09414768
0.10977912
0.07851243
0.09413958
0.09415293
0.09427238
0.09428716
0.10982943
0.07801461
0.09416103
0.11277771
0.09431720
0.07845974
0.09414554
0.09421229
0.09408641
0.09409189
0.09415817
0.09421062
0.09415531
0.09415460
0.08717966
0.07812810
0.10021400
0.09414744
0.09409022
0.09411168
0.09415436
0.09414387
0.09413004
0.09414530
0.07853651
0.09419703
0.07854199
0.09421372
0.09410334
0.09415197
0.07813048
0.10373616
0.09410238
0.09415960
0.09428453
0.07863235
0.09417677
0.09420347
0.09432268
0.09426832
0.09415603
0.09413743
