1142.000,499.000,203.000,56.000
1119.812,500.277,213.720,66.636
1104.150,507.427,216.644,68.215
1095.742,509.953,211.958,67.042
1080.307,513.305,215.215,67.766
1071.570,517.088,216.258,67.967
1066.012,520.745,212.922,66.763
1097.222,524.798,211.926,66.706
1138.249,528.684,218.950,68.760
1161.370,531.407,224.168,70.497
1144.836,537.368,224.501,70.753
1126.289,542.374,228.253,71.742
1113.436,548.243,226.768,71.572
1108.462,556.159,217.995,69.287
1089.058,560.013,224.745,70.850
1077.880,549.761,220.712,69.757
1072.806,531.009,210.879,66.940
1063.194,508.066,209.777,66.198
1045.900,485.306,214.039,67.146
1038.988,465.607,212.245,66.715
1023.788,469.148,214.898,67.710
1015.141,478.370,212.255,67.107
1000.212,483.114,218.711,68.664
988.910,491.141,217.187,68.595
981.165,500.542,209.232,66.396
972.481,505.236,210.335,66.074
979.843,510.958,212.865,66.724
1015.398,514.899,214.815,67.404
1063.840,520.877,214.591,67.389
1108.100,527.807,212.503,66.922
1129.827,535.904,211.746,66.873
1111.375,544.233,210.018,66.369
1089.717,549.833,213.904,67.267
1073.460,556.225,218.474,68.855
1064.503,562.737,214.226,67.830
1056.363,569.409,212.896,67.391
1046.185,576.063,213.120,67.316
1035.077,582.682,211.155,66.900
1024.666,588.742,212.876,67.174
1010.954,593.181,217.985,68.639
1001.881,599.298,215.351,68.162
991.907,606.751,213.733,67.822
980.641,613.522,210.696,66.986
975.435,596.593,203.120,64.555
966.146,573.837,205.857,64.777
953.523,555.063,203.868,64.418
942.675,532.554,207.666,65.192
933.668,511.169,208.946,65.595
926.278,513.107,207.592,65.686
913.303,522.628,207.434,65.784
901.491,529.335,207.943,65.859
896.045,535.173,205.722,64.995
897.375,538.355,209.030,65.622
924.029,542.043,213.208,67.271
969.716,547.934,209.894,66.363
1012.664,552.571,207.263,65.461
1052.467,555.027,218.788,68.778
1082.634,558.794,231.509,73.025
1083.643,562.215,241.685,76.124
1063.654,568.366,234.280,74.422
1061.498,571.991,222.332,70.992
1048.528,572.969,229.724,72.378
1038.337,576.061,223.755,71.125
1026.335,577.705,229.241,72.334
1018.334,579.582,227.068,71.945
1004.535,580.664,229.495,72.468
991.677,581.200,225.608,71.786
979.085,581.348,227.434,72.029
971.474,582.317,225.694,71.457
982.640,579.920,225.145,71.442
973.867,581.891,230.397,73.091
950.357,583.091,227.752,72.579
936.446,586.353,219.005,70.031
927.867,584.476,215.600,68.545
913.755,583.078,217.175,68.924
897.283,584.380,223.169,70.591
890.740,585.626,215.471,68.732
881.507,584.212,212.912,67.813
871.408,583.854,213.844,68.029
856.345,585.860,213.297,67.886
845.579,588.223,210.048,67.253
839.105,589.785,209.464,66.699
825.789,592.708,208.320,66.312
813.331,591.582,210.944,67.005
806.987,591.405,212.250,67.375
797.475,591.370,210.249,66.878
784.829,592.930,213.949,67.384
791.764,593.863,214.794,67.733
833.816,593.963,207.966,66.002
880.490,594.254,210.045,66.391
921.669,594.879,208.801,66.124
967.633,598.796,203.685,64.310
994.949,599.643,201.432,63.949
982.845,599.344,203.499,64.448
960.389,598.319,211.437,66.605
949.949,599.497,213.048,67.665
940.057,602.521,206.731,65.761
927.265,598.598,209.549,66.039
912.977,599.951,209.951,66.423
899.216,600.950,211.724,66.927
887.431,600.654,213.172,66.974
897.962,598.888,219.327,69.073
944.675,602.516,209.216,66.339
989.954,602.734,211.446,66.838
1037.482,600.817,208.753,65.822
1071.762,602.523,210.584,66.612
1058.069,607.306,217.606,68.710
1044.188,603.344,220.432,69.592
1023.422,601.784,228.782,72.124
1017.594,604.979,231.488,73.479
1001.046,600.452,235.487,74.424
982.975,601.006,246.472,77.781
978.191,598.555,249.833,79.132
935.824,600.385,295.119,91.206
0.000,0.000,0.000,0.000
0.000,0.000,0.000,0.000
0.000,0.000,0.000,0.000
0.000,0.000,0.000,0.000
0.000,0.000,0.000,0.000
0.000,0.000,0.000,0.000
0.000,0.000,0.000,0.000
0.000,0.000,0.000,0.000
0.000,0.000,0.000,0.000
0.000,0.000,0.000,0.000
0.000,0.000,0.000,0.000
0.000,0.000,0.000,0.000
0.000,0.000,0.000,0.000
0.000,0.000,0.000,0.000
0.000,0.000,0.000,0.000
0.000,0.000,0.000,0.000
0.000,0.000,0.000,0.000
0.000,0.000,0.000,0.000
0.000,0.000,0.000,0.000
0.000,0.000,0.000,0.000
0.000,0.000,0.000,0.000
0.000,0.000,0.000,0.000
0.000,0.000,0.000,0.000
0.000,0.000,0.000,0.000
0.000,0.000,0.000,0.000
0.000,0.000,0.000,0.000
0.000,0.000,0.000,0.000
0.000,0.000,0.000,0.000
0.000,0.000,0.000,0.000
0.000,0.000,0.000,0.000
0.000,0.000,0.000,0.000
0.000,0.000,0.000,0.000
0.000,0.000,0.000,0.000
0.000,0.000,0.000,0.000
0.000,0.000,0.000,0.000
0.000,0.000,0.000,0.000
0.000,0.000,0.000,0.000
0.000,0.000,0.000,0.000
0.000,0.000,0.000,0.000
0.000,0.000,0.000,0.000
0.000,0.000,0.000,0.000
0.000,0.000,0.000,0.000
0.000,0.000,0.000,0.000
0.000,0.000,0.000,0.000
0.000,0.000,0.000,0.000
0.000,0.000,0.000,0.000
0.000,0.000,0.000,0.000
0.000,0.000,0.000,0.000
0.000,0.000,0.000,0.000
0.000,0.000,0.000,0.000
0.000,0.000,0.000,0.000
0.000,0.000,0.000,0.000
0.000,0.000,0.000,0.000
0.000,0.000,0.000,0.000
0.000,0.000,0.000,0.000
0.000,0.000,0.000,0.000
0.000,0.000,0.000,0.000
1361.069,401.085,355.625,102.461
0.000,0.000,0.000,0.000
0.000,0.000,0.000,0.000
0.000,0.000,0.000,0.000
0.000,0.000,0.000,0.000
0.000,0.000,0.000,0.000
0.000,0.000,0.000,0.000
0.000,0.000,0.000,0.000
0.000,0.000,0.000,0.000
0.000,0.000,0.000,0.000
0.000,0.000,0.000,0.000
0.000,0.000,0.000,0.000
0.000,0.000,0.000,0.000
0.000,0.000,0.000,0.000
0.000,0.000,0.000,0.000
0.000,0.000,0.000,0.000
0.000,0.000,0.000,0.000
0.000,0.000,0.000,0.000
0.000,0.000,0.000,0.000
0.000,0.000,0.000,0.000
0.000,0.000,0.000,0.000
0.000,0.000,0.000,0.000
0.000,0.000,0.000,0.000
0.000,0.000,0.000,0.000
0.000,0.000,0.000,0.000
0.000,0.000,0.000,0.000
0.000,0.000,0.000,0.000
0.000,0.000,0.000,0.000
0.000,0.000,0.000,0.000
0.000,0.000,0.000,0.000
0.000,0.000,0.000,0.000
0.000,0.000,0.000,0.000
0.000,0.000,0.000,0.000
0.000,0.000,0.000,0.000
0.000,0.000,0.000,0.000
0.000,0.000,0.000,0.000
0.000,0.000,0.000,0.000
0.000,0.000,0.000,0.000
1095.071,708.927,95.674,38.194
1061.673,707.666,182.629,57.128
1047.780,710.508,204.887,64.019
1037.429,710.900,216.752,67.987
1032.456,714.434,220.336,69.549
1026.665,715.387,225.933,71.352
1021.884,715.358,222.983,70.614
1015.032,716.710,226.129,71.159
1006.656,718.703,230.807,72.646
1004.052,721.357,229.496,72.464
997.952,719.785,234.687,73.873
990.349,721.109,228.862,72.382
986.659,722.031,231.067,72.870
979.744,724.176,230.212,72.790
977.753,724.856,228.860,72.326
971.919,726.551,228.481,72.157
969.523,726.768,229.574,72.584
963.544,726.229,230.871,72.860
954.767,726.940,232.526,73.479
952.895,728.798,223.434,70.837
950.297,729.123,221.133,69.892
945.504,728.586,219.568,69.353
942.554,730.164,213.283,67.604
936.294,730.533,212.280,67.071
926.178,727.981,219.082,68.920
916.425,728.609,224.762,70.668
910.437,729.686,225.850,71.373
911.256,729.412,219.783,69.629
906.429,729.991,218.784,69.194
897.635,727.808,219.241,69.275
891.311,730.423,214.638,68.013
887.751,732.719,210.744,66.717
882.179,731.187,211.421,66.551
878.759,731.803,206.974,65.422
871.747,730.365,210.327,66.313
862.613,729.959,213.756,67.451
856.257,733.403,211.896,67.221
849.184,732.675,212.791,67.382
841.145,732.564,211.678,67.034
833.926,732.292,212.647,67.324
827.580,734.254,210.672,66.861
821.836,735.034,209.562,66.845
815.368,717.130,212.864,67.575
812.110,692.396,207.615,65.991
800.817,663.462,213.055,67.257
795.459,638.178,217.026,68.440
787.932,613.120,217.447,68.419
785.609,588.406,220.353,69.066
778.812,591.728,219.224,69.207
774.356,593.764,218.889,69.100
770.539,595.797,216.586,68.735
794.751,596.259,212.015,67.145
841.149,596.154,214.645,67.959
887.766,595.501,219.451,69.204
933.977,597.046,218.078,69.008
976.617,596.977,213.083,67.553
981.304,595.363,221.665,70.027
964.360,593.966,230.727,72.597
959.867,593.832,227.859,72.342
948.843,594.264,232.500,73.438
941.644,593.815,230.473,72.817
933.713,595.472,231.370,73.116
955.521,595.226,223.436,70.618
998.655,590.654,230.243,72.720
1037.178,593.054,229.844,72.641
1027.595,594.887,231.347,72.976
1018.107,593.815,229.178,72.320
1011.124,593.045,226.226,71.422
1002.601,592.151,225.415,71.117
994.151,591.909,224.811,71.010
989.150,591.353,221.878,70.174
983.849,592.504,220.735,69.813
977.195,592.192,220.867,69.882
973.097,589.303,221.662,70.157
968.657,591.187,217.733,69.033
962.379,591.880,219.902,69.537
957.455,589.679,220.735,69.832
952.644,588.448,220.341,69.720
950.045,591.245,219.694,69.512
936.497,590.846,219.134,69.169
932.263,592.964,216.674,68.611
930.335,593.248,215.127,67.970
924.672,596.812,211.771,67.195
919.945,597.155,209.590,66.430
910.266,597.223,212.928,67.254
900.736,594.292,219.417,69.209
898.515,599.195,215.215,68.504
891.185,599.693,221.220,69.918
884.193,596.344,224.289,71.006
877.878,599.988,222.668,70.821
871.945,599.239,222.027,70.361
870.046,599.254,215.636,68.445
862.253,596.898,223.033,70.261
853.634,599.765,221.162,70.155
850.584,600.604,224.363,70.982
840.477,598.710,228.380,72.270
838.916,597.822,225.457,71.515
830.531,596.974,227.195,71.952
819.556,598.708,234.965,74.178
821.959,600.616,228.061,72.643
816.104,599.882,230.614,73.264
811.593,600.139,230.490,73.181
804.986,601.696,228.713,72.684
799.927,600.482,228.987,72.628
793.195,598.608,233.666,73.770
788.701,599.696,230.535,73.281
785.721,598.646,228.593,72.575
778.635,597.181,228.737,72.638
773.287,599.168,225.674,71.703
768.520,597.874,230.729,72.992
763.601,600.088,226.382,71.918
760.779,601.757,216.324,69.102
751.736,597.924,223.861,70.775
746.424,599.751,222.733,70.739
743.447,597.498,225.917,71.601
738.485,600.255,219.842,70.061
730.673,599.174,222.642,70.508
727.446,600.412,219.203,69.751
721.500,602.170,211.948,67.770
718.567,600.668,212.481,67.550
713.426,600.129,213.718,67.913
704.906,598.964,218.772,69.297
701.875,600.644,214.952,68.544
694.548,598.755,216.688,68.845
691.307,600.234,215.119,68.645
688.400,600.277,213.779,68.128
682.467,596.828,217.337,68.923
673.280,596.868,215.020,68.385
667.790,597.290,216.204,68.559
664.090,598.458,214.128,68.140
663.819,598.961,210.126,66.998
655.612,594.620,215.892,68.304
645.061,595.025,220.038,69.646
641.374,595.493,218.212,69.395
642.843,596.807,207.609,66.447
630.268,592.824,215.791,68.229
618.822,594.444,218.996,69.389
618.809,593.767,217.745,69.212
615.490,593.853,214.473,68.263
606.461,594.471,217.409,68.739
597.072,591.572,222.326,70.150
589.275,593.506,224.657,70.995
616.330,594.546,220.393,69.972
671.494,592.515,218.973,69.542
721.167,591.948,214.786,68.211
723.277,591.122,221.938,69.848
705.534,591.520,224.122,70.739
701.655,592.761,219.745,69.898
696.567,590.704,211.939,67.548
687.441,589.757,214.054,67.768
680.515,587.321,215.307,68.135
673.564,589.664,210.330,66.993
664.947,587.598,214.188,67.700
658.041,587.488,215.298,68.108
652.230,586.577,214.841,68.038
