669.000,822.000,173.000,47.000
662.625,831.599,178.285,54.487
647.156,844.715,180.188,55.619
634.667,855.316,185.115,56.932
620.954,867.503,185.218,57.198
628.963,878.686,178.494,55.598
646.400,887.520,177.958,55.098
642.225,896.021,180.152,55.607
630.608,905.588,181.428,55.998
620.999,914.320,184.130,56.951
617.730,923.690,187.280,58.147
642.593,926.200,194.284,60.284
649.590,935.813,198.855,61.947
627.813,940.521,210.734,65.149
607.248,948.175,218.816,67.577
607.660,959.967,210.464,65.494
603.785,968.479,201.345,62.785
608.665,977.425,200.038,62.133
632.005,983.873,205.548,63.766
652.925,992.103,208.043,64.763
672.131,1003.991,207.406,64.739
676.397,1013.137,207.893,64.800
665.433,1023.162,215.836,66.508
657.930,1031.963,216.676,67.051
599.935,1038.098,283.040,83.803
0.000,0.000,0.000,0.000
0.000,0.000,0.000,0.000
556.835,1019.741,406.526,120.518
372.889,927.794,560.206,167.204
0.000,0.000,0.000,0.000
0.000,0.000,0.000,0.000
0.000,0.000,0.000,0.000
0.000,0.000,0.000,0.000
552.100,745.744,749.684,221.432
0.000,0.000,0.000,0.000
0.000,0.000,0.000,0.000
0.000,0.000,0.000,0.000
0.000,0.000,0.000,0.000
0.000,0.000,0.000,0.000
0.000,0.000,0.000,0.000
0.000,0.000,0.000,0.000
0.000,0.000,0.000,0.000
0.000,0.000,0.000,0.000
0.000,0.000,0.000,0.000
0.000,0.000,0.000,0.000
835.579,1009.778,97.631,34.926
803.059,1015.957,172.998,52.493
812.011,999.469,203.466,61.948
824.239,985.303,215.856,66.583
841.591,970.191,212.304,65.792
861.382,953.432,214.954,66.498
881.627,941.063,205.713,64.092
900.241,928.233,204.812,63.543
915.153,913.664,201.455,62.640
931.552,901.841,202.779,62.988
948.303,890.543,197.172,61.334
960.111,876.932,203.264,63.010
974.235,864.343,204.760,63.411
977.653,852.993,199.288,61.962
973.427,842.401,196.715,60.986
959.384,836.071,193.118,59.927
953.478,827.255,186.786,58.104
945.964,819.801,182.199,56.563
932.544,810.037,183.557,56.938
917.646,803.842,187.188,57.839
898.997,797.726,199.186,61.029
902.075,793.280,192.434,59.832
910.676,789.347,190.961,59.532
937.365,785.303,189.760,59.128
952.345,777.939,196.020,60.602
956.282,780.318,196.176,60.951
943.110,772.329,205.066,63.113
925.337,765.599,210.594,64.916
900.866,766.897,234.214,71.218
863.977,769.195,285.473,86.003
0.000,0.000,0.000,0.000
0.000,0.000,0.000,0.000
0.000,0.000,0.000,0.000
1038.862,747.950,162.060,36.242
983.674,758.875,209.197,62.215
1029.274,735.196,166.304,45.252
988.475,731.307,196.874,59.106
967.898,725.195,219.985,66.992
950.203,722.012,231.213,70.947
923.650,719.555,238.766,73.129
950.763,711.341,187.722,45.958
931.967,711.036,206.110,62.537
983.368,700.315,193.379,59.904
978.780,700.631,188.196,58.709
969.697,700.897,186.366,58.046
964.190,699.434,181.035,56.522
951.407,695.700,182.750,56.735
937.164,690.994,187.495,57.968
918.142,688.389,195.606,60.263
900.759,687.630,194.624,60.502
893.075,688.161,190.357,59.273
886.374,685.369,188.715,58.955
874.144,686.530,189.942,58.861
868.799,688.440,183.544,57.148
885.260,685.576,186.445,57.842
908.347,686.995,187.845,58.137
916.452,688.283,188.247,58.428
909.530,686.176,189.671,58.896
894.699,687.375,191.165,59.378
882.973,688.906,187.611,58.558
871.249,686.486,191.605,59.435
858.342,688.837,186.913,58.383
850.873,686.397,187.502,58.389
837.604,689.187,185.337,57.699
830.048,686.965,184.114,57.155
814.982,688.249,186.615,57.838
820.978,686.971,182.936,56.948
843.034,686.443,184.421,57.269
865.303,685.876,184.257,57.220
880.306,684.427,186.597,58.034
887.845,683.648,192.157,59.717
885.212,684.921,189.464,59.183
877.351,682.916,193.060,59.993
860.516,683.217,194.910,60.727
846.690,679.734,200.702,62.199
835.325,678.472,197.889,61.768
823.841,675.587,199.360,61.881
812.874,673.381,199.538,61.951
802.782,670.552,205.196,63.587
823.098,669.688,199.913,62.184
840.015,666.128,203.451,63.235
857.101,665.760,199.911,62.499
874.279,663.184,193.023,60.289
867.937,659.695,197.856,61.113
852.148,658.594,194.963,60.706
843.326,656.416,191.060,59.722
833.659,652.389,188.092,58.703
818.534,651.372,185.212,57.738
804.647,650.580,180.950,56.523
792.058,645.914,177.841,55.455
781.196,643.630,177.987,55.292
765.257,641.334,179.375,55.745
748.928,636.352,183.603,56.840
738.418,633.265,182.366,56.542
723.095,627.926,190.339,58.527
735.567,627.003,185.972,57.650
760.022,624.123,184.949,57.254
780.379,621.135,184.487,57.167
794.181,620.698,182.010,56.399
803.823,618.972,177.482,55.040
790.032,615.214,186.207,57.120
777.206,611.846,192.144,58.971
765.842,611.734,191.278,59.039
763.740,610.828,187.205,57.729
783.783,609.161,183.544,56.726
800.782,607.971,183.132,56.621
818.957,605.583,182.660,56.584
837.456,605.218,179.490,55.711
839.891,605.097,178.378,55.218
823.691,603.102,185.602,57.059
811.955,603.498,183.771,56.822
801.035,601.231,183.028,56.762
787.407,601.596,180.457,55.887
775.463,598.681,180.909,55.851
763.336,597.260,181.566,56.010
751.505,596.692,179.076,55.322
760.877,593.673,176.760,54.574
780.606,592.843,176.540,54.443
798.056,590.992,178.494,55.091
815.723,588.377,179.365,55.461
820.313,587.302,178.883,55.349
807.132,586.103,185.077,56.858
798.665,586.079,182.162,56.489
790.137,585.389,178.661,55.494
775.179,584.639,180.878,55.788
762.904,582.472,180.701,55.782
749.078,581.967,183.142,56.429
764.582,581.119,182.021,56.015
788.093,580.309,178.785,55.346
803.730,582.007,176.601,54.646
822.017,581.681,171.550,53.137
829.495,579.546,175.385,54.147
824.440,576.275,179.269,55.307
811.768,579.175,180.157,55.684
802.960,575.381,179.900,55.598
788.573,575.694,184.188,56.750
773.812,574.201,187.629,57.683
764.765,575.028,181.933,56.205
781.384,573.217,179.817,55.521
802.618,573.543,184.528,56.886
825.924,572.625,178.645,55.213
841.387,570.207,183.801,56.714
856.517,569.733,184.417,57.083
879.663,569.398,178.151,55.372
876.712,568.343,184.069,56.831
863.929,565.603,188.969,58.374
852.030,566.226,190.157,58.735
841.044,564.514,189.348,58.681
830.673,563.868,187.001,57.948
816.382,560.321,189.880,58.536
802.142,560.894,190.187,58.626
795.843,559.227,185.911,57.359
806.046,558.423,180.245,55.778
832.448,556.300,175.970,54.455
848.356,551.479,180.012,55.458
866.527,548.211,180.914,55.888
887.907,545.895,178.968,55.217
907.399,543.798,174.373,54.155
908.679,539.626,173.929,54.017
896.783,532.745,178.656,55.072
886.387,528.623,178.901,55.397
876.768,523.409,182.721,56.432
863.025,517.973,183.875,56.786
853.649,516.129,178.308,55.489
847.270,511.088,178.876,55.368
837.161,506.273,177.304,55.028
830.844,502.048,176.625,54.576
833.210,495.914,176.085,54.435
851.873,490.030,181.157,55.906
877.218,486.409,178.894,55.467
893.689,480.247,179.150,55.553
888.667,474.360,178.270,55.300
879.717,471.873,173.846,54.037
870.539,465.637,175.302,54.320
862.738,461.000,174.416,54.305
850.752,456.124,180.080,55.353
841.917,451.515,182.753,56.503
830.401,447.093,184.941,57.260
821.459,442.668,185.346,57.344
811.696,436.610,188.585,58.036
819.520,434.550,179.769,55.744
841.602,430.309,180.830,55.939
867.229,425.674,181.327,56.019
893.166,422.463,178.404,55.218
911.715,418.824,178.336,55.136
924.193,415.221,179.739,55.673
924.399,410.318,181.437,56.198
918.048,410.134,178.664,55.376
906.351,405.949,183.054,56.493
902.595,403.192,179.696,55.937
894.318,398.403,179.226,55.519
885.226,393.352,180.859,55.914
873.506,392.154,182.685,56.415
864.361,388.328,181.395,56.011
883.345,384.054,178.599,55.220
911.479,382.636,172.960,53.544
936.590,378.102,173.282,53.401
954.293,374.068,177.008,54.672
974.827,371.132,177.281,54.820
980.010,371.410,170.645,53.050
971.929,366.604,175.588,54.352
962.482,364.423,174.432,54.135
956.802,362.039,175.883,54.545
944.367,357.400,179.629,55.357
936.938,354.000,179.079,55.430
927.418,351.390,182.891,56.540
921.746,349.015,179.653,55.933
917.467,348.266,176.630,54.906
911.438,345.590,173.099,53.957
905.349,341.203,172.947,53.459
903.980,338.811,172.819,53.359
922.178,337.532,172.786,53.347
943.951,333.812,176.186,54.379
967.484,328.491,177.900,54.950
988.999,328.091,179.419,55.505
1009.024,325.424,179.539,55.699
1018.194,322.113,175.653,54.588
1012.136,319.653,175.201,54.395
1003.631,316.077,176.994,54.818
996.571,312.971,179.652,55.558
984.056,309.639,182.695,56.338
980.565,306.995,182.083,56.351
978.967,304.407,175.219,54.411
973.644,299.322,180.298,55.266
1001.866,298.056,176.348,54.472
1021.094,292.655,181.105,55.940
1031.777,292.145,176.747,54.846
1011.927,282.206,187.091,57.194
1013.946,279.813,178.385,55.503
1003.158,276.210,180.084,55.693
993.570,274.669,178.207,55.268
993.539,270.998,176.211,54.602
977.374,266.494,183.574,56.295
975.750,263.091,177.010,55.054
980.049,258.148,174.183,53.807
1004.397,252.846,176.364,54.364
1027.469,248.675,177.458,54.694
1051.426,244.528,176.733,54.455
1058.132,243.530,171.617,53.306
1045.087,235.591,183.516,56.225
1037.938,232.494,179.191,55.676
1028.740,226.998,182.184,56.037
1017.746,221.007,184.197,56.756
1017.137,216.195,181.214,56.056
1010.303,211.700,179.033,55.566
1004.272,206.063,180.364,55.738
990.126,200.124,185.267,57.067
983.766,194.362,185.941,57.259
981.478,189.986,181.669,56.313
985.328,183.711,178.251,55.005
1005.126,176.435,181.823,55.913
1035.824,173.727,176.399,54.549
1056.159,169.751,174.523,54.062
1051.769,165.235,176.912,54.536
1038.249,157.794,182.195,55.896
1031.043,151.621,186.335,57.438
1031.952,146.638,184.678,56.982
1056.240,142.140,182.620,56.312
1083.887,136.117,183.685,56.699
1106.334,131.944,185.055,56.941
1126.090,127.191,185.414,57.218
1136.322,127.110,174.917,54.392
1121.681,122.229,182.928,56.179
1115.461,115.981,184.709,56.940
1107.235,112.629,184.109,56.977
1105.150,107.386,185.742,57.332
1124.445,103.478,185.907,57.412
1151.612,98.107,184.763,56.938
1172.706,95.343,180.874,55.942
1170.930,90.669,182.820,56.397
1160.465,87.835,183.433,56.638
1155.169,83.437,182.236,56.200
1146.370,79.211,181.922,56.202
1135.916,74.373,184.747,56.829
1125.631,68.851,187.942,57.814
1138.941,63.637,182.627,56.458
1168.855,59.726,178.862,55.327
1193.737,57.548,178.576,55.053
1213.425,53.030,178.240,55.017
1217.929,48.242,178.249,55.150
1209.360,44.321,181.488,55.903
1204.215,41.388,177.581,55.035
1193.652,36.107,181.088,55.753
1182.926,30.627,183.257,56.428
1174.029,25.039,186.976,57.589
1175.183,21.496,183.511,56.753
1199.272,15.942,183.591,56.404
1221.021,11.071,186.619,57.273
1225.839,6.449,184.830,57.128
1213.873,2.380,191.417,58.778
1203.330,0.573,193.705,59.608
1199.003,0.185,186.905,58.031
1187.587,-2.045,193.806,59.545
1181.445,1.492,187.318,57.932
1174.631,0.283,189.061,58.398
1160.769,6.056,191.827,59.138
1156.852,15.011,186.167,57.724
1146.328,22.158,190.656,58.737
1139.223,34.973,184.459,57.273
1133.747,48.365,180.766,56.131
1125.502,65.519,184.424,57.157
1111.707,85.571,188.017,58.245
1098.381,107.155,194.751,60.161
1102.023,133.384,184.834,57.561
1120.228,158.671,184.273,57.001
1146.362,185.536,182.754,56.632
1172.409,214.944,178.166,55.322
1193.853,242.818,178.741,55.261
1211.449,269.183,176.122,54.550
1217.723,292.528,185.442,57.024
1215.232,317.496,187.113,57.885
1214.028,340.668,175.258,54.859
1203.930,357.848,170.762,53.272
1193.552,371.169,172.819,53.535
1195.473,381.820,170.563,52.862
1221.566,390.472,171.873,53.070
1246.008,399.244,175.178,54.236
1252.358,410.044,175.883,54.489
1245.224,417.584,174.900,54.291
1232.820,421.419,177.645,54.906
1225.496,425.944,175.494,54.500
1213.207,425.630,185.111,57.019
1203.344,431.020,183.711,57.213
1194.621,433.111,184.906,57.373
1182.013,437.737,186.650,57.765
1179.282,441.430,178.774,55.696
1171.440,444.475,182.484,56.435
1163.554,444.245,186.193,57.568
1152.114,445.144,188.856,58.589
1144.679,446.084,188.746,58.625
1128.074,449.585,194.894,60.087
1117.989,448.363,192.194,59.484
1097.076,447.008,206.298,63.380
1079.429,446.295,219.789,67.768
1069.857,447.906,226.440,69.620
1080.599,451.330,219.705,68.192
1101.011,449.731,222.073,69.063
1124.331,455.620,218.285,68.078
1149.434,457.969,217.242,67.726
1163.197,457.549,222.242,69.289
1180.273,458.400,228.414,71.009
1192.589,463.174,228.352,71.231
1193.663,466.216,226.659,70.595
1181.155,476.148,217.240,67.952
1181.010,481.882,201.596,63.347
1174.570,482.376,198.687,62.122
1165.336,487.270,200.417,62.307
1156.488,486.858,201.924,62.756
1148.114,488.862,201.976,62.655
1145.618,493.912,196.348,61.019
1165.699,493.733,202.518,62.737
1190.924,497.102,203.656,63.534
1190.825,503.030,198.835,62.320
1183.895,509.471,195.869,60.935
1175.788,514.024,197.982,61.165
1163.298,519.006,198.186,61.510
1152.588,522.312,197.300,61.386
1140.415,522.829,200.520,62.375
1123.939,531.435,208.495,64.385
1115.279,534.839,207.689,64.531
1109.180,538.826,206.781,64.331
1097.740,544.633,208.437,64.602
1080.877,550.721,210.570,65.389
1063.372,557.793,217.078,67.214
1057.079,562.362,209.430,65.390
1048.971,568.655,204.900,63.711
1038.082,572.377,207.996,64.346
1026.918,577.344,213.185,65.818
1018.293,583.591,212.380,65.830
1011.939,588.994,205.800,63.854
1012.945,596.624,203.449,62.857
1034.789,595.934,209.234,64.502
1051.162,604.636,214.165,66.111
1074.874,607.358,209.198,64.843
1088.609,611.733,212.623,65.908
1100.306,619.566,208.662,64.784
1088.378,620.178,215.536,66.745
1079.285,625.914,219.150,67.833
1070.939,631.426,222.128,68.779
1054.581,634.488,220.339,68.599
1046.254,639.569,217.877,67.768
1038.172,643.147,212.179,66.240
1042.194,648.368,203.171,63.333
1060.377,649.990,201.420,62.526
1075.381,650.291,202.237,62.782
1074.308,650.808,200.486,62.229
1063.707,651.543,198.400,61.903
1044.760,651.158,199.830,62.167
1034.183,654.038,195.366,61.117
1025.420,651.726,192.199,60.282
1006.598,651.793,205.943,63.836
987.398,653.255,208.783,65.096
980.293,652.595,204.911,64.125
967.444,654.853,209.626,65.203
950.869,655.935,209.049,65.458
938.938,657.261,206.312,64.685
923.938,657.349,198.947,62.760
906.863,659.672,194.925,61.423
886.028,658.432,194.797,61.196
871.560,659.465,184.379,58.527
849.742,658.588,186.558,58.415
826.010,658.187,185.452,58.031
826.782,655.181,182.257,56.952
837.881,656.174,179.051,55.880
846.110,655.990,179.520,56.047
852.455,656.121,176.048,55.031
856.100,654.199,177.825,55.297
858.562,652.682,182.154,56.509
860.431,651.650,182.990,56.966
865.481,651.508,183.862,57.021
860.716,650.195,186.514,58.043
842.723,650.801,188.513,58.679
795.423,656.173,186.666,57.990
776.683,653.167,180.015,56.321
772.434,650.240,185.624,57.548
780.240,651.903,189.753,58.791
797.928,656.062,184.933,57.711
801.646,654.148,187.588,58.192
804.564,655.218,192.622,59.416
812.582,658.615,191.801,59.737
822.539,660.151,190.888,59.586
833.239,661.336,188.495,58.986
840.568,662.383,186.487,58.285
850.092,663.386,182.289,56.821
854.398,664.785,182.318,56.906
856.310,665.480,188.076,58.151
843.075,665.915,193.320,59.825
825.989,665.754,197.873,61.183
810.679,667.667,202.074,62.630
825.676,668.132,201.293,62.628
839.417,668.499,202.359,62.855
850.093,669.243,204.610,63.668
865.279,669.882,202.975,63.294
878.226,672.519,192.504,60.229
868.736,674.228,187.953,58.974
848.509,673.287,195.960,60.958
830.124,673.455,199.006,62.016
816.943,674.037,199.261,62.229
801.850,675.620,198.415,61.971
802.829,674.928,194.943,60.727
823.633,672.970,202.138,62.695
834.391,674.862,204.687,63.680
848.597,676.112,206.641,64.336
864.726,676.862,206.153,64.312
866.723,682.183,205.507,64.084
857.865,683.035,206.086,64.316
839.335,682.337,207.011,64.547
821.373,681.888,214.063,66.472
807.399,679.511,221.843,68.606
801.561,683.338,215.777,67.317
823.379,685.073,204.151,63.824
846.928,686.587,198.229,61.759
864.145,689.340,193.722,60.261
865.255,690.921,192.856,59.880
856.742,690.516,191.783,59.908
844.551,692.197,192.404,59.978
838.373,693.060,186.748,58.406
827.688,692.367,186.891,58.137
815.446,693.630,187.888,58.508
812.531,692.206,184.140,57.390
796.993,693.069,189.118,58.813
783.788,691.786,191.594,59.579
776.250,692.307,192.029,59.915
793.188,691.754,195.298,60.696
824.163,694.796,191.090,59.673
849.626,695.186,189.611,59.145
870.798,694.833,190.101,59.280
885.361,696.203,193.114,60.338
905.680,696.583,192.674,60.235
929.236,697.192,188.339,59.111
951.441,698.602,185.041,57.951
967.726,699.726,182.852,57.060
982.624,700.087,185.663,57.526
982.058,701.512,182.431,56.760
976.459,702.472,180.268,55.844
973.302,702.470,180.007,55.697
965.785,703.692,178.617,55.503
951.792,700.633,189.319,58.291
941.192,700.613,191.261,59.049
934.982,699.339,192.169,59.634
921.661,697.631,202.227,62.208
916.191,699.747,201.553,62.352
939.778,699.104,191.390,59.797
973.245,701.305,188.647,58.523
990.510,700.057,192.761,59.827
1023.060,703.539,187.336,58.415
1051.481,704.026,185.661,57.883
1067.846,704.617,187.742,58.386
1084.261,703.640,191.067,59.264
1094.536,704.309,184.754,57.586
1090.639,705.242,183.457,57.017
1080.798,704.146,184.811,57.262
1078.320,706.996,180.293,56.357
1078.496,706.841,179.455,55.562
1070.426,705.232,186.689,57.411
1068.426,707.919,183.187,56.887
1062.732,705.153,181.005,56.252
1056.275,706.547,186.239,57.451
1060.592,706.256,180.430,56.383
1049.965,703.584,188.164,58.315
1043.265,704.092,189.298,58.926
1041.480,706.567,191.670,59.524
1031.767,705.434,199.276,61.568
1029.812,703.268,212.647,65.625
1031.284,707.576,199.335,62.453
1029.146,702.983,196.916,61.282
1023.653,702.639,199.002,61.928
1014.601,699.564,213.022,65.811
1006.081,699.288,221.879,68.408
1003.480,702.378,211.629,66.643
998.788,699.184,212.448,66.171
990.181,694.262,223.175,69.313
977.548,701.000,230.685,70.915
984.094,700.571,221.426,69.038
985.606,699.546,226.575,70.137
1011.054,696.104,234.251,72.427
1039.830,695.626,234.098,73.034
1080.938,702.893,219.799,68.716
1122.489,702.136,204.954,63.775
1127.742,701.977,208.555,64.251
1132.603,704.858,199.802,61.923
1117.524,702.923,202.781,62.655
1110.140,703.545,205.167,63.277
1118.645,704.138,195.960,60.808
1115.123,704.024,199.060,61.339
1111.041,703.310,202.887,62.508
1112.635,704.486,199.199,61.503
1110.405,702.518,196.067,60.735
1110.675,701.046,193.887,60.084
1100.282,698.030,200.764,61.644
1097.031,700.563,196.610,60.701
1103.091,698.755,188.556,58.315
1129.210,698.100,186.649,57.614
1162.055,698.156,184.995,57.088
1186.625,698.746,182.408,56.306
1214.006,697.381,184.967,57.027
1227.489,698.102,189.351,58.465
1234.424,698.999,178.980,55.631
1225.822,695.570,182.596,56.070
1221.138,693.552,187.818,57.930
1214.610,694.381,185.378,57.308
1205.315,692.403,188.140,57.841
1205.081,693.213,184.798,57.190
1207.917,694.545,172.926,53.835
1200.179,690.173,180.427,55.380
1194.701,691.850,179.419,55.567
1193.284,691.398,176.798,54.967
1183.183,688.435,186.497,57.388
1184.351,689.819,178.947,55.937
1177.717,686.723,183.064,56.725
1171.741,686.577,183.747,56.997
1170.819,685.513,178.834,55.850
1192.498,686.301,172.862,53.920
1225.394,682.000,173.755,53.906
1246.298,683.240,177.655,55.137
1260.785,684.922,168.642,52.659
1257.072,684.008,169.735,52.794
1247.678,680.476,174.394,53.976
1243.295,680.625,177.992,55.067
1231.168,677.973,183.634,56.462
1222.360,676.115,189.932,58.522
1219.569,675.922,187.606,58.155
1213.358,673.943,192.784,59.733
1202.369,671.211,201.797,62.315
1188.637,669.892,204.978,63.441
1181.003,671.573,200.316,62.438
1179.181,668.849,198.919,61.847
1175.017,667.288,195.615,60.893
1173.270,666.144,197.279,61.241
1164.437,667.070,193.061,60.110
1177.159,667.152,182.984,56.995
1201.735,665.708,181.831,56.555
1227.383,663.566,188.366,58.457
1246.837,667.169,189.486,58.730
1254.052,667.306,188.303,58.294
1251.121,668.125,187.593,58.109
1242.116,664.826,188.141,58.129
1236.871,666.191,182.094,56.644
1230.691,663.226,185.176,57.199
1219.729,664.090,183.870,57.150
1210.328,662.869,186.307,57.742
1200.449,663.282,183.457,57.232
1190.817,665.501,180.781,56.258
1189.158,662.375,180.156,55.881
1179.660,661.036,186.911,57.933
1169.338,659.319,190.823,59.380
1161.622,659.531,190.402,59.220
1153.685,661.281,187.996,58.539
1140.523,659.475,194.366,59.991
1137.993,660.142,189.512,58.941
1127.554,658.449,190.909,58.963
1129.221,660.880,183.558,57.026
1147.593,660.592,182.034,56.468
1175.158,659.862,176.839,54.743
1197.034,659.713,173.406,53.724
1218.801,656.842,172.898,53.576
1230.891,657.881,177.868,55.037
1222.443,658.770,172.865,53.719
1208.942,656.047,176.553,54.628
1201.120,656.409,172.125,53.545
1187.768,652.024,179.742,55.104
1177.666,652.669,180.312,55.601
1170.045,652.714,180.437,55.818
1162.389,652.272,178.277,55.296
1149.761,650.853,182.743,56.304
1141.604,650.983,180.947,55.927
1135.796,650.157,178.581,55.393
1124.590,650.538,175.378,54.284
1109.476,647.146,179.797,55.384
1102.020,643.793,181.453,56.015
1090.197,644.392,183.877,56.615
1076.506,644.206,187.239,57.632
1064.448,645.474,184.003,56.926
1055.516,644.114,184.837,56.921
1051.224,644.803,176.559,54.913
1038.861,641.843,180.798,55.678
1024.235,642.592,182.157,56.225
1012.099,640.040,184.559,56.943
1001.106,639.812,182.839,56.626
1003.227,640.066,178.409,55.421
1022.392,639.730,180.154,55.787
1045.215,637.981,179.641,55.519
1062.117,636.717,180.453,55.731
1076.338,636.639,178.460,55.329
1074.901,637.817,180.343,55.928
1061.628,638.270,183.915,56.983
1051.157,635.615,181.225,56.500
1034.111,635.916,185.088,57.485
1023.427,636.339,184.404,57.576
1009.772,635.322,181.849,56.846
997.232,633.360,182.408,56.738
1001.501,633.690,174.237,54.463
1024.327,633.157,171.577,53.401
1041.076,632.528,174.353,54.110
1057.764,633.381,175.031,54.410
1075.458,631.675,176.368,54.687
1086.995,632.154,178.472,55.249
1080.749,631.287,180.170,55.704
1060.957,626.170,193.017,59.350
1042.162,620.297,207.876,64.071
1033.914,627.670,207.794,64.412
1026.477,624.680,202.717,63.098
1002.943,622.932,209.588,64.603
998.670,624.486,200.989,62.717
991.398,624.069,199.102,62.091
979.789,626.304,195.236,60.896
963.728,622.740,198.809,61.795
941.446,625.105,205.069,63.505
934.924,622.865,207.206,64.264
923.790,623.295,205.792,64.201
919.535,622.981,198.382,62.292
909.940,622.349,195.133,61.090
896.154,621.375,194.213,60.738
885.214,620.770,193.974,60.539
898.611,621.370,192.125,60.041
922.618,620.099,195.905,60.904
939.449,617.534,203.461,63.203
959.184,622.174,197.015,61.565
979.996,624.386,183.503,57.497
1003.552,622.909,180.440,56.235
1009.727,620.350,188.730,58.729
1025.733,620.347,196.489,61.238
1038.737,620.508,195.582,61.207
1055.603,621.358,194.183,60.613
1052.559,621.088,192.288,60.066
1043.502,622.634,189.576,59.317
1030.430,625.785,185.754,58.292
1019.567,623.106,188.122,58.440
1004.540,624.151,189.826,59.356
1001.456,622.139,188.817,59.125
982.734,623.452,195.614,60.697
981.306,623.534,192.020,60.124
996.192,624.204,189.081,59.189
1021.382,624.251,188.760,59.012
1037.658,623.159,189.115,58.943
1056.753,624.493,185.041,58.053
1072.787,624.790,183.421,57.466
1076.824,624.026,187.325,58.355
1062.345,627.011,191.350,59.512
1048.975,627.970,191.304,59.625
1046.269,630.606,178.109,56.030
1032.536,627.931,183.372,56.682
1016.536,627.809,187.437,58.088
1005.536,626.820,185.782,57.931
999.000,629.567,183.147,57.098
986.878,626.693,183.452,56.809
973.059,625.636,191.823,59.130
956.079,623.912,196.449,60.925
940.880,625.963,196.188,61.053
934.657,624.583,193.450,60.369
927.883,627.797,190.038,59.332
958.091,626.997,184.235,57.293
980.846,626.588,185.754,57.683
1000.009,626.310,185.860,57.803
1013.191,626.423,186.686,58.264
1026.312,628.209,184.238,57.326
1029.069,629.817,180.974,56.379
1018.871,630.960,181.946,56.524
1013.236,629.137,180.712,56.191
997.394,630.103,185.702,57.535
990.769,630.675,181.419,56.685
972.322,629.366,182.979,56.639
957.842,628.469,187.319,57.890
961.423,628.890,183.702,57.047
982.517,625.991,189.966,58.801
1002.928,628.827,187.135,58.316
999.872,628.993,187.218,57.980
980.719,630.094,191.521,59.134
967.443,630.073,187.527,58.602
957.098,629.410,187.917,58.189
956.909,627.899,184.946,57.650
977.814,629.997,181.712,56.534
997.741,628.654,182.837,56.891
1003.329,632.725,179.194,55.744
987.685,631.247,182.747,56.571
979.065,632.696,180.777,56.417
972.874,634.683,176.807,55.225
982.668,630.919,181.396,56.267
998.440,630.617,186.597,57.898
999.410,633.129,182.433,56.793
984.613,632.490,182.270,56.742
976.438,633.314,176.708,55.364
958.808,632.652,182.043,56.396
946.476,633.911,180.406,56.212
939.007,632.587,182.103,56.495
939.323,634.595,181.344,56.533
965.194,631.583,183.456,56.984
979.986,632.928,182.858,56.761
991.737,634.385,181.488,56.527
979.383,631.246,187.855,58.043
961.450,631.580,195.758,60.366
950.459,636.767,194.219,60.451
938.515,635.919,192.951,59.912
927.866,634.841,187.869,58.544
914.752,637.416,187.731,58.476
905.298,635.844,187.117,58.051
888.463,636.937,193.177,59.714
875.537,635.841,194.023,60.546
871.651,638.378,194.640,60.671
890.024,636.919,199.014,61.595
907.807,637.535,200.697,62.403
922.655,640.237,191.268,60.000
917.877,641.314,189.688,59.246
904.440,642.210,190.583,59.372
884.650,641.477,197.982,61.432
873.577,642.734,196.404,61.413
862.096,644.556,195.454,61.131
853.876,644.423,188.567,59.125
841.051,645.256,187.962,58.719
831.567,644.812,187.454,58.470
824.986,643.848,190.141,59.249
835.647,646.181,192.139,59.758
854.619,647.262,188.159,58.819
868.688,645.547,190.494,59.193
887.840,648.534,192.444,59.745
905.171,653.449,183.750,57.364
917.814,654.424,172.351,53.874
905.954,657.571,173.424,53.744
888.731,658.653,175.973,54.467
873.231,657.691,180.097,55.905
862.904,657.923,177.158,55.278
846.040,659.273,180.277,56.012
840.406,656.439,182.301,56.618
859.572,659.992,184.746,57.076
881.366,660.613,180.579,56.035
902.213,660.767,174.759,54.346
910.614,661.071,177.488,54.804
896.545,658.597,187.859,57.815
882.632,659.503,186.900,58.120
867.407,660.665,185.463,57.735
856.373,660.548,180.334,56.282
844.584,659.056,179.925,55.893
839.281,657.076,179.933,55.981
859.972,659.406,175.543,54.708
874.049,656.138,179.176,55.486
892.042,658.203,175.757,54.439
908.919,657.430,174.282,53.975
924.031,656.552,172.131,53.467
914.197,653.833,179.107,55.119
893.470,654.099,184.820,57.185
878.987,653.289,184.708,57.388
863.596,653.046,184.462,57.330
839.588,655.905,171.717,53.893
824.639,651.034,177.188,54.613
815.333,649.757,186.042,57.463
831.028,651.454,180.342,56.285
852.591,650.839,176.790,54.974
857.708,652.114,172.181,53.427
850.787,649.517,165.418,51.470
827.835,647.019,174.504,53.750
805.773,646.833,170.645,53.182
790.526,645.882,173.997,53.759
768.272,644.610,181.206,55.740
712.835,672.820,235.403,70.990
717.140,658.639,203.579,64.273
658.430,662.648,254.978,76.352
0.000,0.000,0.000,0.000
0.000,0.000,0.000,0.000
690.910,662.710,296.546,89.358
0.000,0.000,0.000,0.000
0.000,0.000,0.000,0.000
0.000,0.000,0.000,0.000
0.000,0.000,0.000,0.000
0.000,0.000,0.000,0.000
0.000,0.000,0.000,0.000
0.000,0.000,0.000,0.000
793.845,600.560,159.245,74.160
752.456,632.296,188.063,57.771
743.257,631.538,193.214,59.672
723.259,629.908,202.326,62.352
703.726,626.058,197.753,61.410
692.398,627.916,187.078,58.398
677.566,622.458,183.190,56.830
661.360,616.670,185.331,57.187
637.155,611.822,195.971,60.153
628.334,607.868,191.452,59.263
644.782,603.817,185.979,57.476
665.857,599.471,187.127,57.534
676.468,593.159,189.192,57.936
689.203,588.508,187.013,57.538
709.907,581.373,178.832,55.068
723.427,575.401,177.750,54.782
736.753,568.620,173.327,53.521
746.761,562.357,172.287,53.015
754.995,553.863,174.042,53.455
765.833,548.707,171.179,52.843
776.903,538.755,179.619,55.103
786.833,533.295,174.344,53.840
797.277,526.736,175.701,54.137
807.318,521.743,178.661,55.236
819.070,514.661,177.150,54.650
824.154,509.541,174.242,53.688
808.673,502.669,179.513,55.047
788.530,495.531,183.852,56.644
773.376,492.398,180.266,56.014
754.054,485.155,184.102,56.592
735.641,477.092,187.348,57.687
721.205,472.652,182.817,56.667
704.478,465.258,184.227,56.839
691.143,457.015,185.523,57.306
711.739,454.110,174.940,54.277
728.964,446.887,178.854,55.036
741.313,440.745,177.134,54.770
745.782,436.399,175.568,54.228
730.026,430.314,180.286,55.344
713.711,425.903,181.719,56.080
697.079,421.117,181.305,56.129
690.596,416.247,180.738,55.958
714.041,412.534,176.443,54.488
727.366,407.105,177.259,54.801
740.197,403.693,173.725,53.712
748.704,400.228,176.128,54.323
760.682,398.572,174.566,54.061
769.210,393.255,178.396,55.099
779.303,390.940,175.967,54.517
766.688,387.978,182.014,55.902
750.062,384.149,185.045,57.027
732.593,380.655,183.972,57.104
715.452,376.353,184.936,57.320
701.281,374.795,180.400,55.977
687.085,371.475,176.820,54.990
666.775,366.269,178.202,55.164
671.443,363.749,174.900,54.227
690.257,359.770,175.401,54.247
701.854,355.839,175.233,54.293
714.333,352.488,174.565,53.901
726.483,348.529,173.466,53.697
736.926,345.592,171.706,53.086
742.915,339.465,174.966,54.123
728.649,336.996,180.145,55.408
711.252,334.425,180.898,55.989
691.792,329.438,184.086,56.808
670.939,324.332,187.602,57.972
657.307,323.144,181.309,56.587
643.796,319.139,180.512,55.966
628.024,315.092,175.412,54.572
611.523,310.166,176.173,54.455
603.253,303.733,183.652,56.517
616.492,299.828,180.422,55.884
632.649,295.663,176.230,54.454
642.641,288.370,177.116,54.411
644.896,285.971,176.580,54.377
626.239,281.089,184.468,56.490
602.852,276.428,189.082,57.862
587.328,272.073,183.686,56.992
570.677,266.855,182.788,56.571
559.750,264.192,175.956,54.731
544.755,259.619,175.286,54.182
524.425,254.587,179.075,55.043
506.676,251.630,177.637,54.704
505.038,246.228,175.740,54.225
521.960,239.108,177.289,54.526
538.098,234.932,175.561,54.200
549.021,229.341,178.230,54.971
564.884,226.686,172.113,53.273
571.179,221.624,172.198,53.133
557.945,216.425,179.549,55.075
539.620,214.360,179.506,55.411
521.090,209.604,179.830,55.528
501.345,203.011,181.645,55.952
485.875,200.026,179.055,55.409
466.924,195.182,179.721,55.536
449.059,190.317,179.273,55.491
432.515,182.844,181.620,55.987
448.444,181.023,173.555,53.870
465.618,176.014,174.227,53.752
474.695,169.182,176.864,54.514
488.582,165.942,176.063,54.147
494.406,170.757,178.490,54.962
503.038,178.843,179.624,55.218
517.408,189.329,175.222,54.024
525.798,195.817,177.026,54.527
537.800,206.318,173.652,53.618
547.578,215.233,173.571,53.497
553.544,223.281,178.391,54.854
565.493,233.086,173.991,53.778
574.901,243.154,174.953,53.899
582.469,250.295,178.415,54.913
593.263,260.924,175.263,54.075
602.280,269.620,175.822,54.035
614.252,263.948,174.596,53.825
625.515,259.384,174.879,53.959
629.932,254.548,180.308,55.474
638.164,248.990,183.049,56.455
651.870,244.036,178.829,55.378
661.619,240.902,179.135,55.335
672.366,236.571,179.720,55.542
683.106,232.695,178.653,55.193
692.001,236.340,177.879,55.024
702.761,247.962,177.678,54.919
712.765,255.715,179.013,55.370
722.563,265.303,180.734,55.663
732.934,273.742,184.323,56.769
736.972,283.544,187.010,57.472
749.903,291.377,190.103,58.420
759.334,300.671,193.733,59.447
770.260,311.790,188.771,58.244
790.943,322.049,183.404,56.578
799.183,332.590,181.485,55.903
809.088,343.647,178.556,55.014
819.738,351.001,181.077,55.644
835.197,359.810,179.721,55.439
846.781,370.527,175.357,54.133
856.409,378.470,179.149,55.013
869.561,390.074,176.803,54.456
878.875,398.820,180.708,55.510
892.679,394.481,179.290,55.229
906.069,389.971,176.652,54.363
917.414,386.997,178.060,54.988
927.486,381.733,179.415,55.331
924.056,377.649,177.951,55.014
908.165,373.704,177.602,54.842
889.603,368.959,182.024,56.046
875.454,365.312,179.949,55.619
862.135,360.935,177.784,54.939
