206.44	257.44	21.13	15.22
209.08	257.08	20.85	12.4
212.7	256.7	19.6	11.31
216.09	257.09	20.82	11.49
218.16	258.16	21.68	12.66
221.04	259.04	19.91	15.63
223.1	257.1	22.79	12.2
227.75	257.75	21.5	10.86
228.7	257.7	22.6	13.83
232.52	257.52	22.97	11.79
234.97	256.97	24.06	13.09
239.35	258.35	21.3	16.21
241.49	258.49	23.02	14.77
242.38	259.38	23.24	15.34
245.94	259.94	22.12	13.02
251.08	262.08	18.84	11.18
252.74	260.74	19.51	11.37
254.37	260.37	21.26	13.71
257.88	259.88	21.25	14.03
260.38	260.38	22.23	11.71
254.01	258.01	23.99	15.33
232.95	258.95	25.09	13.26
212.31	259.31	23.38	13.32
190.79	259.79	23.42	17.67
170.8	258.8	23.4	18.05
148.14	257.14	25.72	15.61
126.27	256.27	28.46	15.05
105.52	257.52	27.97	18.11
85.91	257.91	27.18	16.93
64.91	259.91	25.17	18.93
43.38	257.38	30.24	18.74
26.28	258.28	28.44	16.2
30.17	258.17	27.66	20.04
43.08	259.08	24.83	17.93
43.52	259.52	24.95	16.61
42.94	257.94	27.12	16.29
47.99	259.99	23.02	18.05
49.0	259.0	26.01	12.76
53.31	261.31	22.38	16.52
58.2	261.2	21.61	15.26
58.15	260.15	22.7	11.2
61.18	259.18	22.64	14.69
63.66	259.66	22.68	15.0
65.98	257.98	24.03	15.72
70.12	259.12	23.76	14.14
72.88	259.88	20.25	14.37
76.12	260.12	21.75	12.5
78.78	257.78	21.43	13.8
81.61	257.61	22.77	13.89
82.24	256.24	23.53	14.75
88.47	258.47	20.06	13.71
90.35	256.35	20.3	11.12
92.95	255.95	20.1	12.13
94.96	256.96	20.08	12.96
97.9	255.9	19.2	13.94
99.45	254.45	23.09	12.89
103.53	253.53	23.94	13.9
106.46	255.46	21.08	12.11
107.99	253.99	23.01	14.55
113.06	254.06	20.88	14.05
114.26	252.26	23.48	15.33
119.06	255.06	19.89	12.5
120.16	253.16	21.68	13.82
121.76	251.76	23.47	14.35
127.68	253.68	20.63	12.38
127.63	251.63	21.74	14.87
130.77	251.77	22.45	16.17
135.97	253.97	19.07	11.92
136.97	250.97	22.06	13.01
140.69	252.69	21.61	14.72
143.86	252.86	20.27	13.31
143.38	250.38	23.24	11.85
149.11	252.11	19.78	11.82
149.25	249.25	23.5	16.02
152.1	247.1	24.8	13.89
156.84	235.84	22.32	16.97
157.88	223.88	23.24	16.78
158.53	209.53	26.93	17.3
161.52	197.52	26.96	14.07
165.62	186.62	24.76	16.47
166.17	182.17	26.66	16.73
170.89	185.89	23.21	15.61
174.37	186.37	23.26	13.96
176.62	185.62	25.77	13.76
179.78	187.78	22.44	15.15
184.76	187.76	21.49	12.02
185.0	187.0	23.0	14.49
186.67	187.67	24.66	15.23
189.98	186.98	24.05	15.34
192.43	187.43	25.14	15.22
195.03	187.03	24.94	17.86
200.02	189.02	21.96	16.76
202.26	188.26	23.48	14.24
204.5	188.5	25.0	14.07
206.91	187.91	24.18	14.04
209.64	187.64	25.72	15.88
212.14	187.14	26.72	17.6
214.88	186.88	27.24	16.47
219.26	188.26	24.48	14.95
221.61	190.61	22.79	14.52
224.98	197.98	25.05	16.27
225.97	210.97	26.06	14.95
226.92	218.92	29.17	18.32
231.48	229.48	27.03	15.48
236.09	241.09	23.81	17.52
236.96	250.96	29.07	17.4
242.06	262.06	25.88	14.72
243.46	272.46	26.08	15.65
247.03	272.03	25.93	13.84
251.78	270.78	23.44	13.6
254.58	269.58	22.84	15.0
258.16	268.16	24.68	14.08
261.79	268.79	20.42	13.52
262.57	267.57	23.86	13.37
266.94	266.94	22.11	13.4
270.77	268.77	20.45	12.56
272.41	266.41	23.19	13.36
276.04	268.04	19.92	13.68
279.28	267.28	20.45	11.17
281.96	266.96	21.09	12.21
284.12	266.12	22.76	13.86
288.59	267.59	19.82	14.24
290.41	266.41	22.18	10.78
292.05	265.05	23.91	11.91
296.02	267.02	23.95	14.03
300.75	267.75	20.5	13.77
303.03	268.03	19.95	14.56
305.65	266.65	21.69	11.38
309.74	267.74	19.52	11.27
312.69	266.69	21.62	12.24
313.83	265.83	22.33	15.92
317.99	265.99	22.02	15.36
320.11	266.11	22.77	11.86
324.43	265.43	24.14	13.83
327.93	265.93	20.14	12.08
330.86	266.86	21.27	12.17
334.7	267.7	19.59	12.24
334.07	267.07	18.86	13.52
314.95	266.95	20.09	14.57
292.86	264.86	23.28	13.16
271.11	263.11	25.78	14.1
250.29	263.29	26.42	14.29
231.76	264.76	23.49	14.28
210.05	263.05	25.9	18.22
200.05	263.05	26.89	16.26
209.0	262.0	27.0	15.85
219.12	265.12	23.76	14.95
217.31	263.31	24.38	15.2
221.3	264.3	23.41	15.09
226.38	263.38	24.24	13.87
228.29	265.29	21.42	12.65
231.36	264.36	22.28	11.96
234.72	264.72	22.57	13.67
237.61	263.61	22.79	12.99
240.46	264.46	21.07	12.52
244.33	263.33	20.34	13.38
247.11	263.11	21.77	13.84
249.51	262.51	23.97	13.84
254.06	263.06	22.88	16.93
254.79	268.79	22.42	15.26
259.45	277.45	25.1	14.74
261.41	287.41	26.18	17.43
263.07	298.07	27.86	17.63
267.54	308.54	25.92	16.27
271.44	320.44	23.12	16.15
275.65	331.65	24.7	16.72
279.02	343.02	21.96	13.94
283.57	345.57	23.86	12.77
286.05	342.05	24.9	14.21
291.12	341.12	21.76	14.4
292.7	340.7	22.59	15.05
298.72	339.72	20.56	14.49
298.95	337.95	22.09	11.97
303.9	338.9	22.2	12.15
307.24	337.24	23.52	12.24
309.69	336.69	22.62	13.97
312.81	337.81	22.38	12.7
318.69	337.69	20.62	15.56
320.62	337.62	19.77	14.74
324.24	338.24	21.52	13.59
327.32	339.32	21.37	13.22
329.81	340.81	22.38	16.08
335.79	350.79	20.41	14.24
338.64	361.64	20.73	11.97
342.38	373.38	21.25	12.99
344.88	384.88	23.25	13.8
347.09	394.09	25.83	16.15
352.88	393.88	21.25	13.06
355.63	391.63	22.73	12.1
360.39	390.39	21.22	14.22
362.21	388.21	22.58	13.44
366.97	388.97	21.06	11.99
369.76	388.76	21.48	13.1
375.08	389.08	18.83	13.69
378.1	390.1	18.8	12.96
381.98	387.98	19.05	12.45
383.22	387.22	22.56	14.29
382.72	387.72	22.56	13.47
362.96	386.96	23.08	15.28
341.97	386.97	22.06	14.09
321.76	386.76	23.49	15.06
300.33	385.33	27.35	19.03
279.03	387.03	27.95	15.8
259.25	387.25	26.51	15.64
238.07	386.07	27.86	19.23
218.84	387.84	29.32	16.41
201.12	389.12	26.75	17.17
178.67	388.67	28.66	18.88
158.51	388.51	29.98	19.74
142.41	388.41	28.17	16.65
147.85	388.85	26.31	18.79
163.08	390.08	23.84	14.48
162.31	389.31	24.37	17.31
163.54	388.54	24.92	16.77
168.65	388.65	24.69	12.9
173.76	389.76	21.48	14.85
176.36	388.36	23.28	15.11
179.49	389.49	24.01	13.1
184.79	389.79	20.42	13.59
185.59	388.59	22.83	15.54
191.16	388.16	22.69	15.45
194.8	388.8	22.39	15.38
197.64	387.64	19.73	13.67
201.14	388.14	20.71	14.17
205.62	388.62	19.77	14.39
209.91	388.91	19.18	14.39
199.72	387.72	22.57	14.88
177.3	386.3	24.4	15.13
158.91	387.91	24.18	14.9
139.51	388.51	22.97	15.66
118.22	387.22	24.56	13.75
98.2	388.2	25.6	13.77
79.66	388.66	23.67	17.32
72.09	386.09	25.81	17.05
85.57	388.57	24.87	17.06
92.08	387.08	24.84	15.25
94.99	388.99	20.02	15.85
97.34	387.34	22.31	15.68
100.71	387.71	23.58	14.72
102.64	386.64	23.72	13.0
107.36	386.36	24.27	16.79
112.81	387.81	20.39	12.45
112.91	387.91	23.19	16.5
117.46	387.46	22.09	14.86
120.17	385.17	25.67	14.94
124.24	385.24	24.51	14.18
128.1	386.1	21.81	13.24
131.33	386.33	22.35	17.18
134.0	385.0	25.99	14.63
137.53	384.53	25.94	17.88
141.4	385.4	25.2	13.9
145.1	385.1	24.8	15.87
150.73	386.73	22.54	14.14
155.99	386.99	21.02	12.74
158.71	386.71	20.58	13.49
163.47	386.47	22.06	14.62
166.53	386.53	20.93	11.8
167.97	384.97	24.06	15.29
172.54	384.54	23.93	15.29
174.99	384.99	25.02	16.12
179.38	384.38	25.24	16.03
184.1	386.1	22.8	13.34
187.97	385.97	21.06	12.07
192.23	386.23	21.53	13.71
196.02	386.02	19.97	15.26
198.34	385.34	23.31	14.83
203.84	385.84	21.33	14.5
206.11	385.11	21.78	13.81
210.04	384.04	21.93	12.11
212.92	384.92	23.17	16.68
217.45	384.45	23.11	13.23
219.45	384.45	24.11	16.32
224.09	385.09	21.82	13.43
225.04	382.04	25.93	14.58
229.0	383.0	26.0	12.81
234.74	383.74	21.52	13.49
237.18	381.18	25.64	15.35
240.8	382.8	23.4	14.34
244.73	382.73	24.54	14.0
248.74	383.74	21.52	14.15
252.36	383.36	22.27	16.36
253.98	380.98	24.04	12.17
258.54	380.54	23.93	16.5
261.13	381.13	23.74	14.62
267.58	381.58	21.84	15.09
267.21	382.21	22.58	16.11
245.59	382.59	22.82	16.57
224.13	381.13	24.75	16.79
203.53	381.53	26.94	17.04
181.14	382.14	28.72	17.45
162.54	382.54	25.92	15.4
140.73	381.73	29.54	18.9
121.54	382.54	27.92	17.43
102.69	383.69	26.62	16.69
86.99	383.99	25.02	16.35
88.04	384.04	24.91	18.13
101.48	383.48	28.04	16.11
105.9	383.9	25.21	16.98
106.31	384.31	25.39	18.45
109.58	384.58	25.84	13.8
114.61	384.61	23.78	17.58
117.07	384.07	25.86	15.26
122.46	384.46	24.08	13.22
125.27	385.27	24.45	13.25
129.15	385.15	24.7	16.88
134.78	386.78	20.44	13.39
136.03	388.03	19.95	11.87
139.81	385.81	22.37	12.91
142.23	386.23	23.54	14.94
145.24	386.24	23.52	12.42
150.95	387.95	21.1	12.63
153.56	387.56	22.89	14.78
157.98	389.98	22.03	16.8
158.38	386.38	26.23	17.99
163.21	388.21	23.58	13.89
166.35	389.35	23.3	14.04
172.8	390.8	21.41	15.98
173.0	388.0	26.0	16.37
179.54	389.54	21.92	14.61
180.25	389.25	25.5	13.9
188.01	391.01	20.98	13.91
188.89	391.89	23.23	15.8
192.06	390.06	25.89	13.22
194.89	390.89	25.22	14.04
200.01	392.01	23.97	16.8
201.19	391.19	25.63	17.0
207.16	391.16	25.68	15.05
208.91	390.91	26.19	14.76
214.41	391.41	25.19	13.38
216.49	391.49	26.03	14.3
220.24	393.24	25.51	17.07
225.45	393.45	22.09	13.75
229.02	393.02	24.96	13.41
233.92	395.92	20.15	14.71
235.95	392.95	24.1	13.38
241.04	395.04	20.92	15.42
244.56	395.56	23.89	13.18
246.93	394.93	24.14	13.39
251.89	395.89	24.22	14.38
255.01	397.01	22.97	14.13
257.56	395.56	23.88	15.91
261.42	397.42	24.16	16.98
266.87	398.87	22.26	14.22
270.11	398.11	21.77	14.16
271.99	396.99	25.03	13.83
277.38	398.38	24.24	14.93
280.27	399.27	24.46	17.28
282.9	397.9	26.19	15.15
287.99	399.99	24.02	13.26
292.92	401.92	22.17	16.18
295.57	401.57	24.86	15.82
299.46	400.46	24.08	13.77
303.67	401.67	21.66	15.4
306.2	401.2	24.61	15.25
309.47	401.47	23.06	16.37
313.8	401.8	24.4	15.65
316.43	402.43	23.14	16.8
320.73	402.73	24.55	14.2
325.8	404.8	21.41	17.03
327.27	403.27	23.46	15.96
330.93	402.93	27.14	18.07
335.24	403.24	25.51	14.82
341.06	404.06	22.88	16.75
345.99	405.99	21.03	13.07
347.14	404.14	24.72	13.71
350.52	406.52	24.97	16.14
354.26	405.26	26.48	14.7
357.26	405.26	26.47	14.43
360.19	394.19	27.63	16.38
366.08	384.08	23.84	16.35
368.75	374.75	25.51	14.01
372.84	363.84	24.33	17.69
375.97	350.97	29.07	17.65
379.63	341.63	26.73	17.81
383.46	329.46	30.08	16.29
386.46	317.46	31.07	18.17
392.07	307.07	28.86	20.29
394.3	295.3	31.39	16.8
397.97	283.97	33.06	19.64
401.0	272.0	34.01	21.4
407.44	262.44	30.11	21.24
409.92	248.92	33.15	17.33
414.04	238.04	30.91	20.26
416.99	227.99	32.02	17.31
423.39	232.39	28.22	18.27
428.24	232.24	27.51	18.37
430.3	232.3	28.39	19.12
435.66	233.66	28.69	17.8
439.29	235.29	26.43	16.08
442.01	233.01	28.98	17.32
448.68	234.68	24.65	18.31
453.01	235.01	24.97	17.24
456.42	235.42	26.17	15.19
459.73	234.73	29.53	19.46
463.97	234.97	29.07	16.81
468.01	234.01	28.99	17.63
471.09	234.09	28.81	14.87
476.19	234.19	28.63	15.53
481.76	236.76	24.49	17.16
484.79	235.79	25.41	14.82
489.8	235.8	25.41	15.86
493.33	236.33	25.34	15.86
497.93	236.93	23.15	15.04
500.88	234.88	27.24	14.49
500.3	235.3	27.4	16.34
480.51	236.51	25.99	16.32
459.63	234.63	28.74	17.13
440.0	237.0	29.0	16.52
419.75	237.75	28.51	17.53
400.33	235.33	31.34	18.63
379.73	235.73	29.53	17.71
359.48	235.48	31.04	21.95
338.82	234.82	31.36	23.16
319.95	234.95	32.11	21.5
297.93	232.93	36.14	21.21
287.99	235.99	30.02	18.49
289.99	232.99	36.03	19.16
305.59	234.59	32.82	21.02
304.91	231.91	34.18	18.19
310.08	236.08	28.85	19.05
314.43	233.43	31.15	18.0
319.7	235.7	27.59	15.95
320.1	235.1	28.81	19.04
325.38	234.38	27.23	19.09
329.81	235.81	25.38	16.62
334.8	236.8	25.4	16.18
337.04	235.04	28.93	14.82
341.25	236.25	25.51	14.6
344.89	233.89	27.22	16.63
349.65	234.65	25.7	16.91
352.08	234.08	26.84	17.18
353.9	232.9	28.21	18.2
361.73	235.73	24.54	15.64
355.67	232.67	27.66	17.51
334.06	233.06	27.87	18.18
314.28	233.28	28.45	19.85
294.03	233.03	29.93	17.12
273.98	232.98	33.04	17.47
253.99	233.99	30.02	19.25
234.09	233.09	30.81	21.07
212.09	231.09	33.83	20.16
192.96	229.96	34.07	21.07
189.66	231.66	31.69	19.0
201.59	231.59	30.83	22.12
212.35	231.35	29.3	16.83
211.49	230.49	30.01	19.23
216.05	232.05	26.9	16.41
219.71	229.71	28.57	18.69
224.41	230.41	28.18	15.57
228.25	230.25	26.51	17.17
232.07	232.07	26.85	18.66
235.5	232.5	26.0	18.19
239.95	230.95	27.1	17.44
244.08	231.08	26.85	17.6
248.98	232.98	25.04	18.17
251.37	231.37	26.26	18.38
255.03	233.03	26.94	15.05
259.55	232.55	27.9	17.21
263.76	232.76	26.48	18.84
268.87	233.87	25.26	14.93
272.27	231.27	27.45	19.08
276.29	232.29	28.42	17.26
280.01	232.01	26.97	15.5
284.72	233.72	25.56	15.26
288.79	233.79	24.43	15.94
292.99	232.99	28.03	18.12
294.9	231.9	29.2	17.82
280.01	234.01	26.98	19.29
257.16	232.16	31.67	20.5
238.07	234.07	30.85	21.22
218.79	234.79	30.42	19.29
198.89	232.89	33.23	17.64
179.99	233.99	33.03	17.06
162.41	236.41	30.17	16.98
142.19	234.19	32.62	16.75
122.49	234.49	33.03	18.78
100.9	234.9	36.21	21.87
84.09	236.09	33.82	20.41
68.59	236.59	32.81	22.15
72.02	236.02	33.95	22.15
86.94	235.94	34.11	22.17
92.9	237.9	31.2	20.8
96.33	239.33	29.33	20.32
102.1	241.1	26.8	18.06
106.77	241.77	25.45	15.15
109.94	241.94	24.11	17.96
115.08	242.08	26.85	16.85
119.0	242.0	27.0	17.48
123.65	241.65	27.7	16.07
128.93	242.93	25.14	16.72
132.87	242.87	26.27	15.33
137.89	243.89	24.23	15.73
142.14	244.14	28.73	16.16
148.95	245.95	25.1	17.63
151.44	243.44	28.11	18.16
155.72	243.72	27.55	18.3
161.01	245.01	25.98	17.38
166.08	246.08	28.84	15.09
169.59	245.59	27.82	19.09
174.56	246.56	27.89	16.51
179.47	246.47	29.07	17.44
187.03	249.03	24.94	16.5
189.94	248.94	27.12	14.84
193.58	247.58	29.84	19.3
198.9	249.9	26.19	18.24
205.08	250.08	26.85	15.86
207.63	249.63	27.73	19.14
200.51	250.51	27.98	18.4
177.28	251.28	30.44	16.18
161.09	252.09	29.82	18.5
140.78	252.78	31.43	17.88
120.09	252.09	31.82	19.38
101.97	251.97	34.05	19.02
82.0	253.0	34.0	20.86
63.05	254.05	35.9	21.8
49.14	255.14	32.73	22.51
53.35	255.35	31.3	17.99
69.02	256.02	29.95	20.16
71.18	256.18	30.63	20.16
75.96	258.96	26.08	17.02
82.1	260.1	26.8	19.35
84.41	259.41	29.18	20.44
86.78	257.78	29.43	17.19
93.12	259.12	26.76	15.46
96.08	259.08	28.85	15.94
100.54	258.54	30.91	20.42
104.37	258.37	30.26	18.08
110.05	261.05	25.9	16.1
114.6	259.6	29.81	17.71
117.48	259.48	30.04	17.64
122.85	259.85	28.3	17.45
128.92	259.92	27.17	16.64
132.51	260.51	26.98	19.66
138.54	259.54	27.93	18.05
142.21	261.21	26.59	18.86
145.57	260.57	28.86	18.8
152.89	261.89	26.22	18.87
157.45	261.45	26.11	15.33
160.29	260.29	28.43	15.59
167.06	262.06	24.88	14.95
172.65	261.65	24.69	19.11
175.89	261.89	26.22	16.95
181.35	262.35	26.3	17.48
185.66	262.66	27.68	14.79
190.03	261.03	28.93	15.22
195.29	262.29	27.42	18.87
198.57	261.57	27.86	16.54
203.09	261.09	28.82	19.0
209.97	261.97	27.07	17.41
214.96	263.96	25.08	15.96
219.09	264.09	23.82	15.57
223.0	261.0	28.99	18.41
227.5	261.5	28.01	18.36
232.65	261.65	26.7	17.37
237.96	260.96	29.07	18.84
242.21	262.21	27.58	17.99
247.78	262.78	29.44	17.49
252.78	264.78	27.44	16.32
258.22	262.22	27.56	15.94
262.56	263.56	25.88	15.92
256.0	264.0	27.0	16.87
231.95	261.95	31.09	17.51
216.52	264.52	28.97	17.03
194.89	263.89	33.22	19.17
178.07	265.07	30.85	19.8
158.0	264.0	30.0	21.55
143.13	264.13	32.74	17.63
148.42	264.42	31.16	20.96
163.04	265.04	29.93	20.31
164.45	264.45	31.1	17.42
169.88	265.88	29.24	19.46
176.38	266.38	27.25	17.08
181.96	266.96	25.07	16.83
183.6	266.6	27.8	17.6
188.75	265.75	28.5	16.29
194.2	265.2	28.61	16.91
198.28	266.28	26.43	17.4
203.11	267.11	26.78	18.52
206.6	265.6	29.79	16.07
212.64	266.64	27.71	15.92
216.82	265.82	29.37	16.58
221.34	265.34	30.33	18.01
226.33	265.33	29.34	19.65
230.53	266.53	27.93	19.89
235.34	266.34	28.32	20.17
241.68	266.68	27.63	17.96
245.2	265.2	30.6	16.54
250.61	265.61	29.79	19.32
254.45	265.45	30.1	18.56
259.39	264.39	29.22	16.35
247.06	267.06	26.89	20.06
223.53	264.53	30.93	17.46
205.93	265.93	31.15	20.23
187.92	266.92	30.15	20.63
166.03	264.03	35.95	22.74
148.98	265.98	34.04	19.17
129.59	266.59	34.82	22.1
112.8	267.8	32.4	21.19
98.64	265.64	34.72	19.54
103.6	265.6	34.79	20.06
118.86	265.86	34.29	20.38
121.06	267.06	29.88	18.0
125.78	267.78	29.44	20.95
133.08	268.08	27.85	17.9
137.92	266.92	29.15	16.16
141.89	266.89	32.23	17.51
149.71	268.71	27.58	17.38
153.83	266.83	30.33	20.95
160.36	268.36	28.28	18.85
165.14	267.14	30.73	19.43
169.06	266.06	31.87	20.05
175.36	267.36	30.28	17.17
180.14	267.14	31.72	17.66
188.37	270.37	28.26	17.56
193.82	268.82	29.35	18.89
200.04	269.04	28.92	18.47
204.19	270.19	29.62	18.84
211.41	270.41	28.17	16.51
216.95	270.95	28.1	18.61
222.63	269.63	31.75	16.91
228.75	270.75	30.5	18.6
233.9	271.9	30.2	20.42
240.5	270.5	32.0	16.99
247.12	272.12	29.75	21.76
251.92	271.92	30.17	19.98
258.59	273.59	28.82	19.53
263.98	272.98	31.04	20.22
270.06	272.06	31.88	19.39
274.67	271.67	32.66	20.87
282.32	274.32	32.36	19.23
289.03	276.03	28.94	20.06
295.07	274.07	29.86	20.93
301.92	274.92	30.17	18.22
306.96	274.96	32.08	20.2
315.51	277.51	27.98	18.66
322.09	277.09	26.83	17.0
326.96	275.96	30.08	18.33
331.41	275.41	32.19	20.09
328.71	275.71	32.58	21.46
308.07	275.07	35.86	22.5
293.32	277.32	33.36	22.2
274.88	275.88	36.23	20.77
257.93	276.93	34.14	21.32
239.14	275.14	35.73	23.57
223.02	277.02	35.96	23.34
204.84	277.84	34.32	23.74
187.31	278.31	37.38	22.4
170.17	277.17	37.66	21.85
152.54	277.54	37.91	25.03
154.11	280.11	34.77	22.27
169.64	280.64	35.72	20.9
176.39	279.39	38.22	25.24
179.97	279.97	38.05	22.56
191.02	280.02	33.96	20.49
196.57	281.57	32.87	23.02
203.33	282.33	33.33	20.93
208.95	281.95	33.11	19.75
216.31	280.31	34.39	21.89
224.07	281.07	31.87	17.93
229.95	281.95	33.11	20.81
237.22	280.22	33.57	21.19
244.88	281.88	30.24	22.21
251.37	281.37	35.26	20.32
259.03	281.03	33.93	22.18
265.27	282.27	32.47	21.42
270.78	282.78	32.45	22.66
253.19	281.19	33.62	20.63
235.84	281.84	34.32	22.2
219.83	282.83	34.33	24.48
202.55	283.55	34.91	21.92
185.34	282.34	36.32	21.5
170.84	282.84	32.33	20.14
153.4	282.4	35.2	20.98
136.6	281.6	35.8	24.15
120.89	283.89	34.21	23.82
103.55	283.55	36.91	24.19
87.36	284.36	35.29	22.75
75.25	283.25	37.5	23.55
85.52	283.52	32.95	22.96
101.32	283.32	35.36	23.07
103.57	283.57	34.85	20.5
111.17	282.17	34.66	21.04
120.12	283.12	35.76	21.68
125.79	283.79	34.41	19.5
133.14	283.14	33.71	19.31
142.74	283.74	30.52	19.44
148.89	282.89	33.23	19.47
155.98	283.98	32.04	20.81
163.34	283.34	32.32	23.02
171.88	283.88	32.25	20.04
179.17	283.17	32.66	22.93
186.21	283.21	31.58	20.63
193.13	282.13	31.74	17.86
199.93	280.93	36.14	23.18
208.16	281.16	34.69	21.67
215.05	280.05	35.89	22.24
223.29	281.29	35.42	20.66
230.16	282.16	34.68	22.09
239.14	281.14	35.73	19.17
247.49	282.49	31.02	20.52
254.97	282.97	30.07	20.35
262.89	280.89	33.23	19.47
266.86	281.86	32.29	21.63
248.81	280.81	34.38	20.61
231.59	280.59	36.82	22.89
215.62	281.62	37.76	24.33
201.47	283.47	35.06	22.59
183.98	279.98	39.03	22.63
168.47	282.47	37.07	24.81
154.62	283.62	36.76	24.07
138.14	282.14	35.72	23.77
131.09	284.09	33.83	20.98
143.65	283.65	34.71	22.17
159.28	282.28	35.44	21.67
162.14	282.14	36.71	24.21
171.13	283.13	33.74	20.42
179.58	282.58	32.84	21.83
187.29	281.29	34.43	22.0
195.33	281.33	34.34	20.69
204.39	282.39	33.23	21.86
213.07	284.07	31.86	20.0
219.07	281.07	34.85	18.85
229.09	283.09	31.81	18.88
234.91	279.91	34.18	18.51
242.89	278.89	35.22	19.88
253.75	280.75	34.5	22.21
261.38	281.38	33.24	22.45
268.94	279.94	36.13	20.27
279.28	280.28	31.45	21.18
285.14	279.14	34.72	20.71
296.04	281.04	31.93	21.29
303.49	279.49	32.02	20.38
312.85	279.85	32.29	21.05
311.08	280.08	33.84	19.06
293.09	279.09	33.81	20.65
278.99	279.99	36.02	22.79
261.03	279.03	38.93	22.64
246.66	280.66	38.67	25.5
231.19	279.19	40.61	26.31
217.2	280.2	38.59	24.18
202.11	280.11	39.78	23.46
188.2	282.2	37.61	26.15
172.48	280.48	39.04	24.12
156.91	280.91	40.17	21.8
142.84	282.84	37.33	24.39
142.76	283.76	36.48	25.68
157.81	281.81	36.37	24.65
175.03	283.03	36.93	20.89
179.99	283.99	36.01	21.88
187.23	282.23	35.53	21.74
198.02	283.02	34.95	19.79
