309.000,279.000,56.000,41.000
306.665,276.159,55.052,47.997
305.342,277.640,53.684,46.690
303.128,275.492,54.881,47.853
301.107,277.547,54.495,47.406
300.002,277.057,54.928,47.860
298.607,275.678,54.492,47.493
296.514,277.731,53.841,46.810
295.344,276.724,53.444,46.522
293.027,277.471,53.879,46.845
292.437,276.827,53.344,46.410
289.762,277.079,53.111,46.223
288.821,277.004,53.632,46.762
286.562,276.898,53.414,46.580
284.722,275.639,53.566,46.681
282.502,277.029,53.965,46.998
282.598,275.448,53.432,46.462
279.774,276.266,54.143,47.105
278.675,339.652,53.284,46.987
274.709,351.392,52.093,44.822
271.846,349.459,52.473,45.557
269.161,348.684,53.023,46.046
268.087,348.984,54.085,47.007
266.813,350.018,53.945,46.830
264.609,348.051,53.996,47.033
262.621,347.436,54.620,47.571
262.980,350.009,52.710,45.552
259.324,347.747,54.349,47.336
258.151,347.209,54.888,47.844
255.678,347.852,55.153,47.982
254.690,348.378,54.326,47.201
253.624,347.572,54.332,47.250
251.818,346.746,55.036,47.933
249.787,348.131,54.697,47.499
249.019,347.695,52.834,45.744
247.137,345.750,54.069,47.150
244.843,346.992,54.867,47.754
243.549,344.912,55.570,48.409
241.560,344.435,55.989,48.704
240.825,346.307,55.199,47.904
239.517,345.261,54.461,47.334
237.202,344.505,55.153,48.008
235.848,345.212,55.586,48.420
234.564,345.744,55.153,47.876
233.765,344.771,53.532,46.386
232.097,344.431,54.306,47.313
230.396,344.357,55.168,48.040
229.510,343.719,54.890,47.691
226.080,341.928,56.525,49.349
226.597,343.806,55.089,47.814
224.545,345.108,54.000,46.800
223.617,342.295,54.491,47.556
222.933,343.449,53.534,46.249
220.499,342.697,55.447,48.334
218.572,342.774,55.327,48.016
218.038,341.216,55.008,47.805
217.271,342.497,54.615,47.383
214.774,341.115,55.695,48.422
213.588,341.706,55.112,47.857
212.530,341.828,54.717,47.547
212.710,342.339,53.665,46.399
209.328,339.384,55.127,48.274
209.186,341.142,54.647,47.388
208.830,341.874,54.274,47.131
207.381,341.001,53.833,46.747
204.728,339.902,55.535,48.414
204.452,341.061,54.942,47.728
202.626,340.584,55.676,48.402
203.089,339.807,54.328,47.096
200.785,341.637,54.434,47.237
199.019,339.872,55.531,48.305
198.626,339.380,54.285,47.129
197.099,341.251,55.232,47.956
195.961,339.746,54.906,47.695
194.517,339.960,55.276,48.037
193.506,339.839,54.887,47.748
192.291,340.460,54.910,47.734
191.085,340.665,55.264,48.019
188.651,339.183,55.452,48.288
189.027,340.047,55.482,48.187
187.958,340.553,55.263,47.927
185.656,339.844,55.798,48.542
184.415,340.262,55.470,48.174
183.477,340.485,55.381,48.141
182.640,339.007,55.848,48.716
145.368,334.630,41.554,36.443
105.056,336.805,33.271,29.246
72.821,335.231,28.075,24.855
45.711,334.236,25.127,22.344
25.306,334.825,22.381,19.870
10.745,335.046,19.186,17.051
-0.167,330.546,16.839,15.182
-6.865,327.828,13.729,12.231
-5.385,326.582,10.769,10.000
-5.000,324.807,10.000,10.000
-5.000,323.948,10.000,10.000
-5.000,323.115,10.000,10.000
-5.000,322.206,10.000,10.000
-5.000,321.069,10.000,10.000
-5.000,320.274,10.000,10.000
-5.000,319.769,10.000,10.000
-5.000,320.067,10.000,10.000
-5.000,319.276,10.000,10.000
-5.000,320.138,10.000,10.000
-5.000,319.711,10.000,10.000
-5.000,320.484,10.000,10.000
-5.000,320.142,10.000,10.000
-5.000,323.657,10.000,10.000
-5.000,320.660,10.000,10.000
-5.000,318.964,10.000,10.000
-5.000,318.292,10.000,10.000
-5.000,316.881,10.000,10.000
-5.000,315.672,10.000,10.000
-5.000,313.544,10.000,10.000
-5.000,312.908,10.000,10.000
-5.000,312.895,10.000,10.000
-5.000,312.904,10.000,10.000
-5.000,313.000,10.000,10.000
-5.000,312.985,10.000,10.000
-5.208,308.889,10.416,10.000
-5.000,306.822,10.000,10.000
-5.000,307.355,10.000,10.000
-5.000,306.651,10.000,10.000
-5.000,307.188,10.000,10.000
-5.000,306.415,10.000,10.000
-5.000,306.944,10.000,10.000
-5.000,307.457,10.000,10.000
-5.000,307.593,10.000,10.000
-5.000,307.693,10.000,10.000
-5.000,307.814,10.000,10.000
-5.000,307.945,10.000,10.000
-5.000,308.366,10.000,10.000
-5.000,308.485,10.000,10.000
-5.000,308.560,10.000,10.000
-5.000,308.851,10.000,10.000
-5.000,309.154,10.000,10.000
-5.000,309.261,10.000,10.000
-5.000,309.307,10.000,10.000
-5.000,309.386,10.000,10.000
-5.000,310.898,10.000,10.000
-5.000,312.103,10.000,10.000
-5.000,312.066,10.000,10.000
-5.000,312.076,10.000,10.000
-5.000,310.821,10.000,10.000
-5.000,310.427,10.000,10.000
-5.000,310.848,10.000,10.000
-5.000,311.281,10.000,10.000
-5.000,313.028,10.000,10.000
-5.000,312.558,10.000,10.000
-5.000,311.955,10.000,10.000
-5.000,311.870,10.000,10.000
-5.000,312.574,10.000,10.000
-5.000,313.276,10.000,10.000
-5.000,313.014,10.000,10.000
-5.000,312.796,10.000,10.000
-5.000,312.615,10.000,10.000
-5.000,312.130,10.000,10.000
-5.000,311.626,10.000,10.000
-5.000,313.063,10.000,10.000
-5.000,312.678,10.000,10.000
-5.000,312.070,10.000,10.000
-5.000,311.487,10.000,10.000
-5.000,312.923,10.000,10.000
-5.000,313.610,10.000,10.000
-5.000,313.360,10.000,10.000
-5.000,313.092,10.000,10.000
-5.000,312.844,10.000,10.000
-5.000,313.553,10.000,10.000
-5.000,313.080,10.000,10.000
-5.000,312.662,10.000,10.000
-5.000,312.816,10.000,10.000
-5.000,312.201,10.000,10.000
-5.000,311.276,10.000,10.000
-5.000,311.724,10.000,10.000
-5.000,312.761,10.000,10.000
-5.000,312.193,10.000,10.000
-5.000,312.810,10.000,10.000
-5.000,313.443,10.000,10.000
-5.000,313.653,10.000,10.000
-5.000,313.845,10.000,10.000
-5.000,313.553,10.000,10.000
-5.000,313.183,10.000,10.000
-5.000,312.814,10.000,10.000
-5.000,312.217,10.000,10.000
-5.000,311.230,10.000,10.000
-5.000,310.914,10.000,10.000
-5.000,310.701,10.000,10.000
-5.000,310.398,10.000,10.000
-5.000,311.117,10.000,10.000
-5.000,312.768,10.000,10.000
-5.000,312.324,10.000,10.000
-5.000,311.910,10.000,10.000
-5.000,312.932,10.000,10.000
-5.000,312.508,10.000,10.000
-5.000,312.110,10.000,10.000
-5.000,311.745,10.000,10.000
-5.000,313.340,10.000,10.000
-5.000,315.234,10.000,10.000
-5.000,315.001,10.000,10.000
-5.000,314.316,10.000,10.000
-5.000,314.441,10.000,10.000
-5.000,314.043,10.000,10.000
-5.000,313.711,10.000,10.000
-5.000,313.110,10.000,10.000
-5.000,313.525,10.000,10.000
-5.000,313.072,10.000,10.000
-5.000,312.126,10.000,10.000
-5.000,311.552,10.000,10.000
-5.000,312.547,10.000,10.000
-5.000,312.543,10.000,10.000
-5.000,312.548,10.000,10.000
-5.000,312.547,10.000,10.000
-5.000,312.043,10.000,10.000
-5.000,311.558,10.000,10.000
-5.000,311.725,10.000,10.000
-5.000,311.891,10.000,10.000
-5.000,313.487,10.000,10.000
-5.000,313.345,10.000,10.000
-5.000,313.168,10.000,10.000
-5.000,312.980,10.000,10.000
-5.000,312.218,10.000,10.000
-5.000,311.216,10.000,10.000
-5.000,311.515,10.000,10.000
-5.000,311.864,10.000,10.000
-5.000,311.761,10.000,10.000
-5.000,311.652,10.000,10.000
-5.000,311.468,10.000,10.000
-5.000,311.177,10.000,10.000
-5.000,312.320,10.000,10.000
-5.000,312.121,10.000,10.000
-5.000,313.990,10.000,10.000
-5.000,314.896,10.000,10.000
-5.000,314.868,10.000,10.000
-5.000,314.578,10.000,10.000
-5.000,314.185,10.000,10.000
-5.000,313.762,10.000,10.000
-5.000,313.586,10.000,10.000
-5.000,313.183,10.000,10.000
-5.000,312.783,10.000,10.000
-5.000,312.124,10.000,10.000
-5.000,310.750,10.000,10.000
-5.000,310.596,10.000,10.000
-5.000,310.412,10.000,10.000
-5.000,310.222,10.000,10.000
-5.000,309.872,10.000,10.000
-5.000,309.244,10.000,10.000
-5.000,308.768,10.000,10.000
-5.000,308.809,10.000,10.000
-5.000,308.875,10.000,10.000
-5.000,309.054,10.000,10.000
-5.000,309.135,10.000,10.000
-5.000,309.816,10.000,10.000
-5.000,309.473,10.000,10.000
-5.000,309.100,10.000,10.000
-5.000,308.714,10.000,10.000
-5.000,309.467,10.000,10.000
-5.000,309.953,10.000,10.000
-5.000,310.413,10.000,10.000
-5.000,310.444,10.000,10.000
-5.000,310.509,10.000,10.000
-5.000,310.542,10.000,10.000
-5.000,310.588,10.000,10.000
-5.000,310.574,10.000,10.000
-5.000,310.683,10.000,10.000
-5.000,312.143,10.000,10.000
-5.000,311.703,10.000,10.000
-5.000,312.004,10.000,10.000
-5.000,310.900,10.000,10.000
-5.000,312.014,10.000,10.000
-5.000,311.200,10.000,10.000
-5.000,311.861,10.000,10.000
-5.000,312.507,10.000,10.000
-5.000,312.113,10.000,10.000
-5.000,311.711,10.000,10.000
-5.000,309.286,10.000,10.000
-5.000,309.016,10.000,10.000
-5.000,307.879,10.000,10.000
-5.000,307.037,10.000,10.000
-5.000,306.524,10.000,10.000
-5.000,306.616,10.000,10.000
-5.000,306.653,10.000,10.000
-5.000,306.790,10.000,10.000
-5.000,306.918,10.000,10.000
-5.000,307.033,10.000,10.000
-5.000,307.197,10.000,10.000
-5.000,307.137,10.000,10.000
-5.000,307.033,10.000,10.000
-5.000,306.994,10.000,10.000
-5.000,307.687,10.000,10.000
-5.000,307.348,10.000,10.000
-5.000,307.013,10.000,10.000
-5.000,306.668,10.000,10.000
-5.000,307.485,10.000,10.000
-5.000,307.135,10.000,10.000
-5.000,306.795,10.000,10.000
-5.000,307.581,10.000,10.000
-5.000,307.059,10.000,10.000
-5.000,306.532,10.000,10.000
-5.000,306.391,10.000,10.000
-5.000,306.237,10.000,10.000
-5.000,308.004,10.000,10.000
-5.000,311.836,10.000,10.000
-5.000,315.939,10.000,10.000
-5.000,316.672,10.000,10.000
-5.000,317.139,10.000,10.000
-5.000,317.505,10.000,10.000
-5.000,316.801,10.000,10.000
-5.000,316.712,10.000,10.000
-5.000,317.757,10.000,10.000
-5.000,316.858,10.000,10.000
-5.000,317.853,10.000,10.000
-5.000,316.752,10.000,10.000
-5.000,317.606,10.000,10.000
-5.000,317.128,10.000,10.000
-5.000,316.733,10.000,10.000
-5.000,317.549,10.000,10.000
-5.000,317.154,10.000,10.000
-5.000,316.771,10.000,10.000
-5.000,317.715,10.000,10.000
-5.000,317.106,10.000,10.000
-5.000,316.591,10.000,10.000
-5.000,314.803,10.000,10.000
-5.000,313.560,10.000,10.000
-5.000,311.916,10.000,10.000
-5.000,313.870,10.000,10.000
-5.000,315.019,10.000,10.000
-5.000,314.407,10.000,10.000
-5.000,314.821,10.000,10.000
-5.000,315.250,10.000,10.000
-5.000,314.531,10.000,10.000
-5.000,314.991,10.000,10.000
-5.000,315.201,10.000,10.000
-5.000,313.630,10.000,10.000
-5.000,313.429,10.000,10.000
-5.000,313.225,10.000,10.000
-5.000,313.034,10.000,10.000
-5.000,314.115,10.000,10.000
-5.000,313.783,10.000,10.000
-5.000,314.741,10.000,10.000
-5.000,314.554,10.000,10.000
-5.000,313.640,10.000,10.000
-5.000,317.659,10.000,10.000
-5.000,320.598,10.000,10.000
-5.000,319.267,10.000,10.000
-5.000,321.186,10.000,10.000
-5.000,322.362,10.000,10.000
-5.000,323.289,10.000,10.000
-5.000,322.510,10.000,10.000
-5.000,322.656,10.000,10.000
-5.000,321.829,10.000,10.000
-5.000,321.311,10.000,10.000
-5.000,320.747,10.000,10.000
-5.000,321.817,10.000,10.000
-5.000,321.260,10.000,10.000
3.977,305.855,12.689,11.501
1.036,297.990,14.086,12.712
-6.411,300.943,12.822,11.633
-5.583,302.718,11.166,10.074
-5.000,297.807,10.000,10.000
-5.000,298.475,10.000,10.000
-5.000,298.910,10.000,10.000
-5.000,298.760,10.000,10.000
-5.000,298.608,10.000,10.000
-5.000,298.594,10.000,10.000
-5.000,298.577,10.000,10.000
-5.000,298.551,10.000,10.000
-5.000,298.539,10.000,10.000
-5.000,299.208,10.000,10.000
-5.000,298.413,10.000,10.000
-5.000,300.025,10.000,10.000
-5.000,300.514,10.000,10.000
-5.000,301.068,10.000,10.000
-5.000,301.212,10.000,10.000
-5.000,301.150,10.000,10.000
-5.000,300.956,10.000,10.000
-5.000,301.983,10.000,10.000
-5.000,301.955,10.000,10.000
-5.000,303.734,10.000,10.000
-5.000,303.618,10.000,10.000
-5.725,298.358,11.451,10.355
-6.394,307.222,12.789,11.406
-6.570,311.601,13.140,11.746
-2.915,334.362,16.382,14.536
-7.832,334.292,15.665,14.165
-6.832,328.573,13.665,12.349
-5.826,326.385,11.652,10.489
-5.000,324.368,10.000,10.000
-5.000,323.902,10.000,10.000
-5.000,321.073,10.000,10.000
-5.000,320.862,10.000,10.000
-5.000,320.183,10.000,10.000
-5.000,317.681,10.000,10.000
-5.000,315.146,10.000,10.000
-5.000,313.777,10.000,10.000
-5.000,311.922,10.000,10.000
-5.000,310.838,10.000,10.000
-5.000,309.788,10.000,10.000
-5.000,309.334,10.000,10.000
-5.000,309.132,10.000,10.000
-5.000,308.979,10.000,10.000
-5.000,309.459,10.000,10.000
-5.000,308.226,10.000,10.000
-5.000,307.633,10.000,10.000
-5.000,308.322,10.000,10.000
-5.000,309.301,10.000,10.000
-5.000,309.391,10.000,10.000
-5.000,309.539,10.000,10.000
-5.000,309.576,10.000,10.000
-5.000,309.519,10.000,10.000
-5.000,309.493,10.000,10.000
2.164,299.864,13.169,11.939
-2.622,296.523,16.383,14.752
-6.393,291.221,15.767,14.093
-7.027,293.353,14.054,12.708
-6.202,294.017,12.405,11.196
-5.322,292.732,10.645,10.000
-5.000,291.982,10.000,10.000
-5.000,292.023,10.000,10.000
-5.000,291.410,10.000,10.000
-5.000,291.239,10.000,10.000
-5.000,291.659,10.000,10.000
-5.000,292.079,10.000,10.000
-5.000,293.212,10.000,10.000
-5.000,293.113,10.000,10.000
-5.000,293.881,10.000,10.000
-5.000,293.547,10.000,10.000
-5.000,293.233,10.000,10.000
-5.000,292.979,10.000,10.000
-5.000,293.167,10.000,10.000
-5.000,292.843,10.000,10.000
-5.000,292.979,10.000,10.000
-5.000,293.089,10.000,10.000
-5.000,292.871,10.000,10.000
-5.000,293.251,10.000,10.000
-5.000,293.246,10.000,10.000
-5.000,293.550,10.000,10.000
-5.000,292.381,10.000,10.000
-5.000,293.110,10.000,10.000
-5.000,292.118,10.000,10.000
-5.000,291.844,10.000,10.000
-5.000,290.460,10.000,10.000
-0.086,309.199,13.385,11.784
-6.200,307.940,12.401,11.209
-5.250,306.147,10.500,10.000
-5.000,305.281,10.000,10.000
-5.000,304.240,10.000,10.000
-5.000,304.580,10.000,10.000
-5.000,304.936,10.000,10.000
-5.000,304.182,10.000,10.000
-5.000,303.109,10.000,10.000
-5.000,303.018,10.000,10.000
-5.000,303.131,10.000,10.000
-5.000,303.349,10.000,10.000
-5.000,305.522,10.000,10.000
-5.000,304.950,10.000,10.000
-5.000,305.449,10.000,10.000
-5.000,304.993,10.000,10.000
-5.000,304.527,10.000,10.000
-5.000,304.069,10.000,10.000
-5.000,303.608,10.000,10.000
-5.000,305.766,10.000,10.000
-5.000,305.359,10.000,10.000
-5.000,304.937,10.000,10.000
-5.000,304.557,10.000,10.000
-5.000,304.145,10.000,10.000
-5.000,303.732,10.000,10.000
-5.000,305.818,10.000,10.000
-5.000,306.081,10.000,10.000
-5.000,306.009,10.000,10.000
2.078,304.859,12.422,11.019
-5.372,307.465,10.744,10.000
-5.000,308.115,10.000,10.000
-5.000,309.094,10.000,10.000
-5.000,309.653,10.000,10.000
-5.000,310.189,10.000,10.000
-5.000,310.819,10.000,10.000
-5.000,311.553,10.000,10.000
-0.866,294.933,12.858,11.577
-6.061,294.650,12.121,10.903
-5.272,291.864,10.543,10.000
-5.000,291.713,10.000,10.000
-5.000,293.255,10.000,10.000
-5.000,293.503,10.000,10.000
-5.000,293.788,10.000,10.000
-5.000,294.000,10.000,10.000
-5.000,295.506,10.000,10.000
-5.000,296.098,10.000,10.000
-5.000,295.856,10.000,10.000
-5.000,295.276,10.000,10.000
-5.000,294.696,10.000,10.000
-5.000,294.247,10.000,10.000
-5.000,294.031,10.000,10.000
-5.000,293.933,10.000,10.000
-5.000,293.063,10.000,10.000
-5.000,292.418,10.000,10.000
-5.000,292.618,10.000,10.000
-5.000,291.583,10.000,10.000
-5.000,288.604,10.000,10.000
-5.000,288.148,10.000,10.000
-5.000,287.631,10.000,10.000
-5.000,287.474,10.000,10.000
-5.000,287.382,10.000,10.000
-5.000,289.540,10.000,10.000
-5.000,289.881,10.000,10.000
-5.000,289.269,10.000,10.000
-5.000,288.760,10.000,10.000
-5.000,287.742,10.000,10.000
-5.000,289.731,10.000,10.000
-5.000,289.126,10.000,10.000
-5.000,288.424,10.000,10.000
-5.000,288.731,10.000,10.000
-5.000,289.090,10.000,10.000
-5.000,289.804,10.000,10.000
-5.000,290.527,10.000,10.000
-5.000,293.079,10.000,10.000
-5.000,292.557,10.000,10.000
-5.000,292.572,10.000,10.000
-5.000,292.483,10.000,10.000
-5.000,292.341,10.000,10.000
-5.000,292.213,10.000,10.000
-5.000,291.881,10.000,10.000
-5.000,291.693,10.000,10.000
-5.000,291.532,10.000,10.000
-5.000,291.298,10.000,10.000
-5.000,291.187,10.000,10.000
-5.000,291.070,10.000,10.000
-5.000,290.865,10.000,10.000
-5.000,290.983,10.000,10.000
-5.000,291.287,10.000,10.000
-5.000,291.325,10.000,10.000
-5.000,291.359,10.000,10.000
-5.000,291.410,10.000,10.000
-5.000,291.452,10.000,10.000
-5.000,291.531,10.000,10.000
-5.000,291.709,10.000,10.000
-5.000,291.991,10.000,10.000
-5.000,291.707,10.000,10.000
-5.000,292.655,10.000,10.000
-5.000,296.004,10.000,10.000
-5.000,296.808,10.000,10.000
-5.000,297.572,10.000,10.000
-5.000,297.163,10.000,10.000
-5.000,296.761,10.000,10.000
-5.000,297.522,10.000,10.000
-5.000,297.124,10.000,10.000
-5.000,296.719,10.000,10.000
-5.000,296.602,10.000,10.000
-5.000,296.431,10.000,10.000
-5.000,296.860,10.000,10.000
-5.000,297.265,10.000,10.000
2.900,283.235,11.155,10.245
-3.273,281.124,11.419,10.346
-5.100,282.602,10.199,10.000
-5.000,283.677,10.000,10.000
-5.000,284.496,10.000,10.000
-5.000,285.517,10.000,10.000
-5.000,283.881,10.000,10.000
-5.000,283.306,10.000,10.000
-5.000,282.693,10.000,10.000
-5.000,280.970,10.000,10.000
-5.000,279.760,10.000,10.000
-5.000,279.211,10.000,10.000
-5.000,278.660,10.000,10.000
-5.000,278.355,10.000,10.000
-5.000,278.262,10.000,10.000
-5.000,278.047,10.000,10.000
-5.000,277.785,10.000,10.000
-5.000,277.946,10.000,10.000
-5.000,278.728,10.000,10.000
-5.000,279.217,10.000,10.000
-5.000,280.408,10.000,10.000
-5.000,280.937,10.000,10.000
-5.000,281.523,10.000,10.000
-5.000,282.112,10.000,10.000
-5.000,282.619,10.000,10.000
-5.000,283.273,10.000,10.000
-5.000,282.499,10.000,10.000
-5.000,281.675,10.000,10.000
-5.000,281.127,10.000,10.000
-5.000,280.242,10.000,10.000
-5.000,279.512,10.000,10.000
-5.000,278.925,10.000,10.000
-5.000,277.395,10.000,10.000
-5.000,276.936,10.000,10.000
-5.000,275.843,10.000,10.000
-5.000,275.509,10.000,10.000
-5.000,275.189,10.000,10.000
-5.000,274.848,10.000,10.000
-5.000,275.876,10.000,10.000
-5.000,275.031,10.000,10.000
-5.000,274.162,10.000,10.000
-5.000,275.393,10.000,10.000
-5.000,274.717,10.000,10.000
-5.000,276.000,10.000,10.000
-5.000,276.353,10.000,10.000
-5.000,276.423,10.000,10.000
-5.000,276.819,10.000,10.000
-5.000,276.317,10.000,10.000
-5.000,274.116,10.000,10.000
-5.000,272.015,10.000,10.000
-5.000,269.389,10.000,10.000
-5.000,266.923,10.000,10.000
-5.000,265.052,10.000,10.000
-5.000,264.481,10.000,10.000
-5.000,265.051,10.000,10.000
-5.000,264.481,10.000,10.000
-5.000,265.076,10.000,10.000
-5.000,264.513,10.000,10.000
-5.000,264.156,10.000,10.000
-5.000,263.793,10.000,10.000
-5.000,263.935,10.000,10.000
-5.000,263.509,10.000,10.000
-5.000,264.839,10.000,10.000
-5.000,263.861,10.000,10.000
-5.000,265.208,10.000,10.000
-5.000,264.094,10.000,10.000
-5.000,263.174,10.000,10.000
-5.000,264.679,10.000,10.000
-5.000,263.769,10.000,10.000
-5.000,265.252,10.000,10.000
-5.000,264.090,10.000,10.000
-5.000,263.152,10.000,10.000
-5.000,264.688,10.000,10.000
-5.000,263.544,10.000,10.000
-5.000,264.077,10.000,10.000
-5.000,263.518,10.000,10.000
-5.000,264.008,10.000,10.000
-5.000,263.297,10.000,10.000
-5.000,265.282,10.000,10.000
-5.000,267.395,10.000,10.000
-5.000,265.575,10.000,10.000
-5.000,262.895,10.000,10.000
-5.000,261.393,10.000,10.000
-5.000,260.974,10.000,10.000
-5.000,259.484,10.000,10.000
-5.000,257.801,10.000,10.000
-5.000,256.665,10.000,10.000
-5.000,255.037,10.000,10.000
-5.000,254.774,10.000,10.000
-5.000,253.364,10.000,10.000
-5.000,251.321,10.000,10.000
-5.000,249.784,10.000,10.000
-5.000,249.097,10.000,10.000
-5.000,248.514,10.000,10.000
-5.000,246.908,10.000,10.000
-5.000,246.192,10.000,10.000
-5.000,245.572,10.000,10.000
-5.000,244.606,10.000,10.000
-5.000,244.131,10.000,10.000
-5.000,243.666,10.000,10.000
-5.000,242.240,10.000,10.000
-5.000,241.091,10.000,10.000
-5.000,239.855,10.000,10.000
-5.000,239.091,10.000,10.000
-5.000,238.615,10.000,10.000
-5.000,239.953,10.000,10.000
-5.000,241.709,10.000,10.000
-5.000,241.557,10.000,10.000
-5.000,243.118,10.000,10.000
-5.000,242.175,10.000,10.000
-5.000,241.502,10.000,10.000
-5.000,242.209,10.000,10.000
-5.000,238.194,10.000,10.000
-5.000,237.004,10.000,10.000
-5.000,237.251,10.000,10.000
-5.000,237.158,10.000,10.000
-5.000,236.712,10.000,10.000
-5.000,236.335,10.000,10.000
-5.000,235.726,10.000,10.000
-5.000,235.091,10.000,10.000
-5.000,234.423,10.000,10.000
-5.000,232.987,10.000,10.000
-5.000,231.957,10.000,10.000
-5.000,231.199,10.000,10.000
-5.000,230.367,10.000,10.000
-5.000,230.393,10.000,10.000
-5.000,231.268,10.000,10.000
-5.000,233.567,10.000,10.000
-5.000,233.611,10.000,10.000
-5.000,234.194,10.000,10.000
-5.000,234.322,10.000,10.000
-5.000,234.454,10.000,10.000
-5.000,234.581,10.000,10.000
-5.000,234.718,10.000,10.000
-5.000,234.189,10.000,10.000
-5.000,233.667,10.000,10.000
-5.040,232.394,10.081,10.000
-5.322,232.366,10.644,10.000
-5.257,229.431,10.514,10.000
-5.115,228.273,10.231,10.000
-6.115,232.743,12.231,10.858
-6.485,231.831,12.970,11.600
-6.981,224.683,13.963,12.599
-7.176,215.314,14.352,12.902
-7.692,210.219,15.384,13.880
-7.246,205.960,14.493,13.023
-6.571,202.850,13.141,11.919
-6.073,200.955,12.147,10.990
-5.952,200.562,11.905,10.649
-5.712,200.539,11.424,10.217
-5.157,196.831,10.313,10.000
-5.000,193.442,10.000,10.000
-5.000,191.463,10.000,10.000
-5.000,188.996,10.000,10.000
-5.000,184.213,10.000,10.000
-5.000,180.793,10.000,10.000
-5.000,178.299,10.000,10.000
-5.000,174.323,10.000,10.000
-5.000,172.837,10.000,10.000
-5.000,170.948,10.000,10.000
-2.459,164.341,10.385,10.000
-4.080,160.895,10.590,10.000
-5.000,160.486,10.000,10.000
-5.000,159.348,10.000,10.000
-5.000,159.936,10.000,10.000
-5.000,160.546,10.000,10.000
-5.000,159.420,10.000,10.000
-5.000,157.611,10.000,10.000
-5.000,158.188,10.000,10.000
-5.000,157.228,10.000,10.000
-5.000,156.649,10.000,10.000
-5.000,154.859,10.000,10.000
-5.000,153.599,10.000,10.000
-5.000,151.286,10.000,10.000
-5.000,149.237,10.000,10.000
-5.000,146.186,10.000,10.000
-5.000,142.379,10.000,10.000
-5.000,139.867,10.000,10.000
-5.000,132.905,10.000,10.000
-5.000,133.478,10.000,10.000
-5.000,133.213,10.000,10.000
-5.000,132.945,10.000,10.000
-5.000,133.079,10.000,10.000
-5.000,131.656,10.000,10.000
-5.000,127.902,10.000,10.000
-5.000,127.933,10.000,10.000
-5.000,127.884,10.000,10.000
-5.000,127.839,10.000,10.000
-5.000,127.785,10.000,10.000
-5.000,127.736,10.000,10.000
-5.000,127.682,10.000,10.000
-5.000,126.863,10.000,10.000
-5.000,125.936,10.000,10.000
-5.000,122.425,10.000,10.000
-5.000,120.064,10.000,10.000
-5.000,115.693,10.000,10.000
-5.000,113.383,10.000,10.000
-5.000,111.088,10.000,10.000
-5.000,109.042,10.000,10.000
-5.000,108.474,10.000,10.000
-5.000,107.136,10.000,10.000
-5.000,103.247,10.000,10.000
-5.000,98.544,10.000,10.000
9.219,77.882,14.556,12.051
16.664,65.127,22.674,19.731
10.858,69.358,19.137,16.577
15.925,64.209,20.097,17.585
11.174,67.639,17.759,15.454
12.038,65.288,18.726,16.316
11.368,67.589,17.401,15.091
14.878,64.298,20.435,17.839
9.548,70.185,16.992,14.783
13.542,67.412,22.288,19.372
8.175,67.414,18.583,16.235
15.343,63.233,17.714,15.554
11.376,70.547,18.078,15.677
13.551,68.047,20.512,17.896
9.972,67.319,17.052,14.820
18.622,62.733,20.008,17.569
11.759,69.165,19.262,16.778
14.926,62.218,21.460,18.790
10.364,71.072,19.117,16.587
14.782,67.185,20.851,18.134
11.258,66.967,18.575,16.152
12.098,65.106,17.870,15.535
10.752,67.687,16.512,14.317
14.650,63.884,22.766,19.737
8.360,69.718,18.192,15.868
11.760,67.916,20.722,18.081
14.655,65.123,18.456,16.079
11.051,69.167,17.228,14.952
11.913,67.431,19.754,17.189
14.928,65.889,17.964,15.734
13.755,66.550,18.834,16.222
11.384,68.507,17.274,14.979
12.934,66.788,19.864,17.272
10.711,67.393,16.999,14.807
15.811,63.406,21.729,18.977
11.348,70.481,18.923,16.451
15.595,64.758,25.243,21.827
8.071,69.665,19.856,17.344
10.346,67.014,18.450,16.071
14.508,64.323,17.263,15.130
10.629,68.414,16.169,14.096
15.664,64.070,23.500,20.537
9.527,68.642,18.497,16.123
11.565,67.442,17.477,15.217
13.909,65.227,20.477,17.814
9.678,67.862,15.997,13.904
18.291,63.122,24.680,21.451
10.460,67.843,19.926,17.322
13.030,67.510,18.708,16.333
13.159,65.404,17.662,15.285
12.236,66.345,16.852,14.597
18.270,62.704,20.289,17.697
11.754,68.751,19.318,16.817
14.213,65.340,21.789,19.049
7.261,68.184,18.378,16.020
11.638,66.671,19.974,17.540
14.367,65.801,18.047,15.766
13.089,65.790,17.153,14.845
15.231,64.791,18.321,16.014
10.686,70.179,17.669,15.347
11.900,67.469,20.259,17.642
15.085,66.069,18.569,16.148
13.639,66.167,17.557,15.164
12.728,65.077,16.967,14.708
12.709,65.123,17.118,14.815
12.709,65.365,17.162,14.867
14.780,64.302,17.621,15.330
10.348,69.283,17.822,15.465
11.859,66.927,20.793,18.072
11.132,69.148,18.063,15.721
11.721,67.489,21.356,18.482
13.228,65.447,18.546,16.177
11.128,66.471,17.537,15.148
21.527,62.319,18.446,16.281
12.298,69.842,20.147,17.435
9.961,67.310,19.152,16.694
11.163,64.485,17.180,15.046
10.019,63.352,16.899,14.741
9.730,67.420,16.780,14.624
14.770,63.958,22.371,19.548
8.839,69.151,18.283,15.873
12.283,67.857,21.669,18.917
10.864,65.937,18.290,16.020
9.781,67.326,17.849,15.491
15.628,63.684,20.409,17.933
9.724,70.863,18.245,15.858
11.687,70.118,19.493,17.020
12.588,64.593,21.422,18.683
6.829,69.261,17.521,15.332
12.878,63.876,25.775,22.605
0.367,63.097,20.124,17.567
9.708,68.101,17.802,15.963
14.095,66.534,20.061,17.601
9.489,69.076,17.201,14.985
12.108,67.638,22.093,19.139
10.079,66.594,18.297,15.955
14.223,64.802,17.722,15.458
11.612,66.257,16.600,14.387
17.273,63.434,19.568,17.107
10.553,70.617,19.467,16.925
13.907,66.606,22.633,19.682
9.052,69.413,18.815,16.360
9.492,69.830,18.791,16.333
9.997,69.566,18.742,16.281
9.587,67.892,18.272,15.886
17.531,63.801,18.387,16.230
9.688,68.839,19.571,17.006
12.359,65.685,18.910,16.485
10.683,68.552,17.470,15.164
13.259,66.907,22.729,19.668
7.672,67.488,18.699,16.320
13.539,63.075,18.301,16.027
9.148,69.993,16.567,14.484
15.891,64.917,25.143,21.854
7.244,69.341,19.942,17.339
7.215,67.134,18.619,16.249
11.816,63.767,17.694,15.542
7.522,69.986,15.924,14.016
15.397,64.644,25.660,22.180
4.538,68.618,19.682,17.271
13.375,63.710,19.223,16.944
9.127,70.323,17.112,14.888
14.893,64.612,26.035,22.557
3.293,65.838,20.142,17.566
9.329,66.959,17.032,14.970
18.230,61.181,23.053,20.177
7.378,71.432,19.526,17.144
12.342,67.654,21.103,18.404
9.112,66.296,18.327,15.965
13.060,63.026,17.599,15.362
8.778,69.527,14.933,13.091
14.314,65.462,23.694,20.557
2.534,67.822,19.197,16.805
15.048,64.053,22.689,20.027
6.959,70.822,18.350,16.049
14.142,66.136,23.172,20.235
7.113,70.120,18.814,16.358
11.717,67.492,21.870,19.148
8.011,68.399,17.792,15.550
15.708,64.139,24.549,21.513
5.311,69.505,18.957,16.527
13.340,63.950,27.765,24.203
-0.438,62.122,21.615,19.031
0.370,67.637,17.115,15.052
16.123,63.454,22.950,20.189
8.899,70.606,19.619,17.051
11.575,67.627,20.370,17.771
13.103,66.140,18.526,16.082
12.858,66.443,17.747,15.374
13.626,64.897,17.414,15.152
9.949,68.229,16.127,14.057
15.737,63.066,24.421,21.220
5.529,68.810,18.672,16.403
13.621,64.030,26.694,23.275
-0.025,66.311,21.218,18.613
7.759,67.327,17.629,15.464
19.267,62.381,19.767,17.380
11.286,69.346,20.287,17.551
12.285,65.877,19.738,17.147
9.540,69.390,17.716,15.425
12.669,67.785,22.890,19.787
7.058,67.123,18.929,16.504
10.443,65.405,17.751,15.528
12.684,64.848,17.759,15.522
9.145,68.133,16.331,14.257
20.129,62.398,25.793,22.369
8.590,66.938,21.154,18.406
10.341,68.145,19.114,16.624
11.063,67.376,18.032,15.728
14.494,64.223,19.264,16.947
11.095,69.341,17.460,15.155
13.167,66.721,23.729,20.538
0.860,66.608,19.002,16.597
14.199,63.427,22.410,19.963
7.809,71.348,18.735,16.326
14.469,66.654,21.897,19.227
