326.000,263.000,40.000,38.000
323.509,268.047,40.288,31.791
322.661,267.320,40.554,32.124
323.016,266.684,42.163,33.345
323.157,267.661,41.754,33.074
322.001,266.366,42.452,33.750
323.650,267.693,42.065,33.258
323.136,267.739,42.141,33.425
324.023,267.616,42.238,33.436
323.594,266.713,42.089,33.441
324.337,267.766,41.980,33.203
324.804,267.290,41.586,32.961
325.260,267.908,40.733,32.256
325.531,267.911,40.946,32.433
325.230,267.020,41.372,32.865
325.989,267.735,41.174,32.631
326.477,266.421,42.304,33.541
327.280,266.182,42.514,33.675
326.905,266.387,42.210,33.530
327.073,265.233,42.755,33.906
327.812,264.846,43.047,34.116
329.021,265.892,41.916,33.219
329.219,265.397,41.892,33.271
328.805,264.820,41.456,32.959
330.265,265.358,40.233,31.821
330.749,265.528,40.329,31.922
330.209,265.561,40.372,31.999
330.838,264.205,40.549,32.136
329.910,264.204,40.714,32.257
330.586,264.775,41.140,32.493
330.453,263.561,41.542,32.901
330.491,263.837,41.223,32.620
330.759,264.231,40.977,32.385
330.412,263.711,40.745,32.339
330.052,263.407,41.526,32.915
329.855,262.782,41.776,33.164
330.695,263.362,41.102,32.460
330.742,263.314,40.580,32.078
330.300,262.841,40.607,32.105
331.031,263.569,40.630,32.106
330.556,262.937,40.730,32.278
330.783,263.033,40.824,32.288
331.495,262.805,40.823,32.300
331.802,258.971,41.354,33.000
332.598,245.478,41.683,33.300
332.051,232.238,41.437,33.004
332.440,227.843,41.444,32.792
332.653,229.678,41.318,32.507
333.934,230.634,41.710,32.994
333.376,230.069,42.407,33.735
333.656,229.272,43.054,34.237
333.673,228.678,44.422,35.412
335.596,228.511,44.339,35.278
336.768,229.423,43.536,34.676
337.838,228.746,44.418,35.371
338.764,228.705,43.921,35.043
341.514,227.866,43.858,34.918
343.468,228.566,43.907,34.915
345.708,237.407,43.509,34.450
348.160,250.919,43.868,34.897
351.128,253.014,42.365,33.714
353.254,251.150,41.721,33.121
354.705,250.124,42.403,33.650
357.204,248.755,42.424,33.667
359.749,247.363,42.960,34.120
361.531,248.012,43.489,34.583
363.642,245.772,43.757,34.864
365.376,246.314,43.853,34.913
369.191,245.109,43.857,34.853
370.381,244.808,43.640,34.778
352.940,243.790,44.719,35.870
325.854,244.287,44.869,35.740
300.728,242.515,44.257,35.248
276.943,243.086,44.387,35.177
264.768,242.302,43.381,34.389
268.658,241.645,44.658,35.372
273.479,241.699,44.512,35.291
276.692,240.028,44.365,35.267
279.393,240.843,44.316,35.245
282.225,240.993,43.274,34.498
285.678,240.382,42.904,33.993
288.569,240.067,42.621,33.783
290.727,239.017,41.766,33.148
292.508,238.019,42.480,33.731
295.599,239.074,41.555,32.916
298.658,237.347,41.225,32.626
300.476,237.325,41.230,32.600
302.835,237.183,40.960,32.349
305.162,237.279,40.423,31.920
306.942,236.835,41.096,32.551
308.666,235.682,41.467,32.883
310.263,234.554,42.413,33.631
313.193,234.040,42.879,33.991
314.092,233.040,42.949,34.131
314.773,232.436,43.865,34.828
316.361,230.582,45.362,36.106
318.361,233.077,43.669,34.687
319.440,233.163,42.339,33.615
321.862,233.686,42.456,33.587
323.896,234.277,41.147,32.610
324.602,232.655,42.159,33.495
325.351,232.199,43.447,34.522
326.210,233.148,43.772,34.822
328.122,231.587,44.844,35.724
329.768,231.812,45.239,35.986
330.661,231.747,45.793,36.534
332.560,230.664,45.381,36.154
334.543,229.544,45.251,36.095
336.640,228.233,43.745,34.845
338.910,223.720,44.435,35.386
340.906,220.861,44.387,35.286
343.624,215.767,45.040,35.881
347.003,209.933,45.307,36.146
350.561,204.496,44.087,35.120
353.488,197.429,44.141,35.222
356.132,189.383,44.574,35.588
360.593,180.029,45.571,36.414
364.046,170.387,45.949,36.751
367.673,159.690,45.989,36.745
371.353,148.441,46.268,37.037
375.763,136.077,46.143,36.878
379.759,123.183,46.572,37.305
383.656,110.411,46.165,37.091
388.458,95.616,47.049,37.714
393.859,79.581,48.430,38.086
399.333,64.825,49.333,38.441
404.773,49.885,49.653,38.849
410.485,35.780,50.960,39.657
416.084,20.729,51.617,39.969
422.598,4.034,51.360,39.843
431.052,-4.681,46.923,35.861
437.716,-1.033,40.821,31.445
421.553,25.568,29.996,23.415
419.448,18.194,24.473,19.177
425.605,23.474,23.683,18.520
436.614,17.011,24.689,19.267
428.956,17.178,22.761,18.077
425.386,22.804,21.370,16.707
434.991,18.615,22.160,17.369
437.623,9.755,23.806,19.159
426.982,21.522,19.954,15.627
432.902,17.242,20.697,16.247
428.897,17.533,20.395,16.079
429.756,11.770,22.505,17.911
428.129,21.479,21.962,17.203
432.526,14.782,20.497,16.282
429.561,20.717,19.900,15.799
432.698,18.101,20.326,16.035
428.345,18.866,18.916,15.052
427.073,13.850,19.802,16.016
428.114,21.624,19.397,15.467
434.341,14.697,20.016,16.098
430.372,18.601,20.620,16.454
427.773,18.765,19.328,15.485
424.804,15.639,19.589,15.763
424.277,16.842,19.335,15.504
424.000,20.319,17.868,14.284
431.092,19.970,19.419,15.476
428.499,20.984,18.433,14.796
437.645,18.784,18.163,14.425
431.981,16.062,17.603,14.234
432.529,20.537,17.047,13.718
433.976,17.388,16.755,13.511
433.278,21.852,17.531,14.118
436.314,17.839,19.214,15.413
432.647,18.191,18.507,14.869
430.660,18.537,19.523,15.663
428.887,18.635,18.780,15.028
426.694,18.109,17.600,14.075
427.183,18.931,16.589,13.295
433.957,18.976,15.147,12.130
433.177,17.998,14.605,11.770
431.288,18.298,14.629,11.835
434.783,18.411,16.255,13.005
433.016,19.833,15.467,12.443
434.685,16.182,14.501,11.678
433.657,13.648,14.339,11.632
431.047,19.023,15.652,12.684
432.230,17.803,14.574,11.709
434.501,17.517,15.792,12.616
443.992,38.988,17.766,14.424
432.005,20.077,22.935,18.382
423.330,19.735,20.549,16.457
421.707,17.949,19.664,15.771
415.982,17.829,18.309,14.745
415.309,15.488,18.653,15.179
411.353,20.925,19.554,15.825
407.249,16.029,20.833,16.960
395.684,16.358,22.197,17.700
384.731,13.749,23.219,18.736
360.877,30.209,21.425,17.316
377.937,0.936,28.404,23.330
360.893,20.911,24.613,19.464
333.252,-2.267,39.557,29.830
314.955,17.541,27.799,21.443
328.879,-0.514,32.901,26.326
317.638,11.895,33.605,26.504
290.224,21.398,28.369,22.344
278.616,-3.630,40.796,30.535
221.543,12.394,29.157,22.342
185.512,-6.556,31.525,23.509
151.947,15.669,25.504,19.663
126.398,-5.807,30.511,21.079
83.483,18.785,25.150,20.673
60.306,28.055,21.196,16.778
40.455,32.882,18.743,15.168
22.605,31.961,18.564,15.205
12.491,26.352,20.224,16.679
5.530,27.852,17.947,14.524
16.455,16.578,18.258,15.379
11.363,24.663,18.084,14.652
14.178,15.446,18.453,15.023
13.819,48.568,18.848,15.286
12.015,63.765,16.720,13.701
10.404,62.626,16.712,13.724
7.990,65.295,16.372,13.433
16.463,64.768,20.023,16.273
9.667,67.339,18.232,14.692
13.148,62.425,18.128,14.844
8.554,66.493,16.364,13.220
20.465,60.796,19.851,16.060
10.788,66.842,18.861,15.195
8.547,64.889,17.425,14.212
9.354,59.535,17.397,14.119
6.401,62.843,16.286,13.401
9.080,63.892,17.370,14.210
9.305,55.483,17.038,13.954
9.079,61.458,16.405,13.417
12.902,65.387,17.209,14.118
8.739,68.083,16.004,13.017
15.661,64.933,20.389,16.670
8.777,69.788,18.484,14.962
8.810,67.569,17.585,14.327
16.158,63.477,20.488,16.526
9.529,68.400,17.709,14.256
13.667,64.362,20.003,16.227
9.201,68.384,16.725,13.496
16.365,63.585,23.186,18.938
9.661,67.932,19.484,15.553
8.790,62.835,17.070,13.776
7.089,62.980,15.849,12.985
12.037,61.595,18.462,15.193
6.401,63.943,17.327,14.143
7.730,63.393,16.722,13.797
9.859,58.236,17.165,14.135
5.895,62.419,16.177,13.233
11.262,64.607,19.106,15.799
8.957,64.260,17.337,14.119
6.641,56.891,16.530,13.452
8.218,63.552,15.578,12.808
12.240,67.853,17.708,14.474
14.243,65.822,18.410,14.806
10.146,66.235,16.840,13.716
12.702,65.613,17.585,14.223
10.311,64.758,17.086,13.994
7.928,56.976,17.154,14.051
7.118,62.184,16.826,13.806
12.264,64.571,17.511,14.375
9.112,61.443,17.377,14.287
10.878,66.443,16.742,13.660
14.048,64.142,18.782,15.347
9.023,65.575,16.467,13.339
16.783,65.686,17.145,13.858
12.021,63.925,18.992,15.658
7.149,64.026,16.991,13.777
11.017,64.053,17.060,13.986
8.665,61.791,15.997,13.032
9.488,66.112,15.742,12.927
17.181,64.684,17.490,14.103
11.730,66.436,19.803,16.120
10.833,66.521,17.039,13.828
15.257,64.140,18.405,14.817
9.565,68.873,17.022,13.787
10.423,66.673,18.125,14.784
14.324,63.293,17.160,13.820
9.667,65.586,15.135,12.315
18.403,63.313,19.465,15.897
10.912,67.034,18.160,14.635
17.081,61.259,18.105,14.699
9.801,67.568,18.272,14.891
17.860,54.028,18.165,15.178
7.309,63.277,16.725,13.665
10.482,63.035,17.519,14.292
6.643,64.664,16.219,13.297
14.725,64.442,24.650,19.998
7.128,66.314,19.126,15.281
8.904,63.595,16.897,13.722
11.266,64.941,17.206,14.038
9.460,63.032,16.696,13.578
12.295,64.096,18.009,14.729
7.257,65.607,16.784,13.693
13.084,65.796,18.708,15.301
10.306,66.334,16.028,12.934
18.437,62.941,21.086,17.193
9.284,69.097,18.229,14.652
12.071,66.392,18.698,15.157
10.787,63.331,17.837,14.447
6.577,62.075,16.593,13.608
9.551,65.485,17.250,14.120
12.473,64.073,17.944,14.605
7.626,65.174,16.351,13.315
15.137,65.793,18.434,15.006
12.000,65.655,17.700,14.404
11.925,63.428,16.745,13.592
9.358,65.027,15.969,13.108
15.511,65.592,19.984,16.293
9.760,66.972,19.109,15.323
13.002,60.956,17.113,13.968
9.153,68.756,15.410,12.544
14.383,65.643,19.235,15.731
10.453,67.073,15.866,12.751
19.357,62.579,21.026,17.043
6.728,67.731,18.218,14.727
12.927,60.016,18.177,14.841
6.935,64.770,15.825,12.812
15.198,65.507,20.143,16.577
9.398,66.200,17.300,13.961
13.121,63.717,17.214,13.995
7.834,67.977,15.210,12.318
14.925,65.311,21.087,17.396
10.183,67.547,17.391,13.881
17.423,64.009,18.024,14.571
10.153,68.927,17.943,14.633
10.341,67.501,17.837,14.503
13.554,64.935,20.358,16.368
7.320,67.217,16.527,13.315
17.976,62.277,20.598,16.697
8.613,69.229,18.663,15.027
9.431,67.556,17.795,14.426
13.653,64.560,19.973,16.185
8.313,68.518,16.706,13.342
15.849,65.397,19.039,15.426
10.213,68.155,16.708,13.428
14.106,65.290,20.697,16.867
8.387,67.085,16.638,13.381
21.286,62.483,20.649,16.624
10.941,67.457,18.588,14.966
11.444,62.311,17.418,14.129
9.695,64.115,15.829,12.941
11.432,67.553,16.206,13.249
14.745,64.949,20.572,16.823
8.613,69.591,17.015,13.580
15.332,66.187,22.436,18.316
10.462,65.453,18.448,14.829
8.422,60.758,16.851,13.697
13.557,66.601,16.597,13.616
16.391,63.138,18.657,14.951
9.906,66.917,17.533,14.171
