1449.000,290.000,70.000,48.000
1415.726,284.862,97.124,70.552
1405.782,267.434,111.349,82.523
1395.815,266.071,114.402,84.821
1361.945,265.358,116.767,86.778
1332.581,262.703,123.316,91.348
1309.399,263.213,125.624,92.571
1284.796,259.471,123.641,91.341
1268.179,258.985,122.882,91.048
1290.826,254.297,124.650,92.328
1316.428,254.997,125.847,93.489
1341.201,252.385,129.408,96.045
1364.430,251.238,129.404,96.011
1391.765,250.660,127.682,94.785
1415.506,251.914,124.031,92.330
1440.636,253.507,123.236,92.349
1456.639,252.089,125.287,93.619
1452.822,255.783,122.933,91.650
1425.914,253.154,121.762,90.803
1397.677,254.897,119.336,89.025
1371.584,254.341,119.304,89.005
1340.139,254.571,122.493,91.171
1322.462,256.950,119.839,89.428
1289.347,253.461,125.707,93.590
1261.928,255.807,125.765,93.640
1240.639,254.346,126.159,93.770
1210.288,252.441,128.159,95.299
1191.304,252.626,125.649,93.647
1169.409,255.019,121.764,90.900
1148.604,253.796,120.312,89.683
1123.892,253.529,118.323,87.793
1089.037,251.003,125.277,92.299
1057.614,249.910,130.296,96.362
1055.609,248.822,134.660,99.525
1086.996,250.554,130.852,97.019
1114.316,251.377,127.670,94.838
1140.060,251.005,128.476,95.306
1154.847,251.645,129.813,96.256
1176.949,250.899,131.774,97.797
1197.760,250.246,134.177,99.376
1225.007,253.747,127.289,94.644
1243.347,252.289,130.435,97.505
1256.870,250.185,134.226,100.283
1256.534,253.648,129.106,96.008
1224.541,254.800,118.920,88.776
1200.415,254.961,116.851,87.198
1171.285,255.620,119.211,88.704
1150.572,255.661,116.037,86.602
1117.966,254.206,117.192,87.187
1088.762,252.960,119.158,88.514
1059.160,252.529,126.259,93.817
1028.891,248.965,131.102,97.189
1002.410,250.396,131.828,97.400
957.935,249.917,139.201,102.486
924.001,256.784,143.675,106.172
920.660,249.813,145.738,107.269
898.373,258.768,170.927,125.716
909.661,260.769,188.338,138.775
1032.483,284.757,92.815,34.318
1024.287,269.203,95.855,70.595
1037.913,261.193,114.702,85.654
1059.368,257.095,125.787,93.659
1073.595,254.059,142.564,105.591
1067.397,247.833,168.738,124.652
1099.128,248.780,172.889,127.762
1093.357,250.248,188.691,138.722
1048.350,262.195,221.999,163.614
1130.987,243.570,212.610,158.274
0.000,0.000,0.000,0.000
1058.481,308.539,221.199,162.264
1135.613,281.059,78.639,36.816
1109.679,266.411,92.064,67.142
1078.860,258.756,121.413,88.851
1040.596,242.793,139.546,101.985
1008.014,237.163,148.397,108.885
994.007,240.667,146.630,108.092
991.481,241.123,155.914,114.459
1013.392,235.464,154.987,114.235
1004.278,245.789,171.557,126.155
1021.342,243.668,185.261,136.720
983.186,248.452,219.592,161.117
0.000,0.000,0.000,0.000
0.000,0.000,0.000,0.000
1149.496,303.796,220.742,162.080
0.000,0.000,0.000,0.000
1198.559,278.643,196.487,146.074
0.000,0.000,0.000,0.000
1249.173,310.448,179.707,132.900
1268.034,239.154,169.493,125.860
1238.359,237.903,191.692,141.133
1214.334,257.148,212.470,157.261
0.000,0.000,0.000,0.000
1215.898,252.903,200.181,148.043
1246.162,228.197,157.828,118.493
1233.155,238.008,141.686,106.041
1145.384,275.582,172.973,124.739
1133.598,300.854,160.978,120.632
1117.558,319.905,163.288,122.111
1084.078,331.703,166.764,124.194
1038.014,355.528,179.316,133.138
1020.057,390.742,166.160,124.864
996.244,396.146,167.917,124.919
960.489,389.730,168.542,124.621
933.558,392.238,158.575,118.262
914.052,396.327,159.451,118.901
867.724,417.668,169.054,125.635
845.552,442.973,164.848,123.595
818.998,452.434,163.413,121.851
777.442,446.396,159.394,118.358
751.554,444.118,159.229,117.912
703.930,452.540,163.509,121.454
680.919,448.574,165.045,122.648
661.913,444.575,161.181,119.332
609.391,437.516,171.674,126.756
578.486,448.773,170.276,126.852
551.114,446.953,170.093,125.934
515.867,445.308,172.882,127.951
479.646,441.487,175.339,129.579
445.319,439.812,179.744,132.462
420.191,433.781,182.478,134.493
379.157,435.415,172.123,127.481
361.351,439.940,156.534,116.094
350.641,442.792,152.680,112.911
360.956,445.212,136.664,101.614
369.498,450.223,134.890,99.809
393.957,449.647,132.801,98.412
409.355,452.390,126.199,93.488
413.382,453.316,135.492,100.066
432.388,449.598,138.702,102.371
445.843,445.784,143.686,106.435
459.026,446.407,142.939,105.692
470.879,446.713,142.098,105.305
474.981,452.931,148.708,110.122
486.270,452.617,141.200,104.558
505.211,454.362,138.977,102.965
514.465,455.890,135.923,100.538
536.798,458.940,132.617,98.365
540.654,458.408,132.992,98.223
577.362,454.113,133.267,99.193
590.426,460.090,130.247,96.663
579.786,462.070,137.772,101.701
594.146,461.384,135.586,100.447
612.481,466.229,136.744,101.413
619.253,464.132,137.444,101.664
630.682,468.536,141.164,104.242
642.397,468.427,137.216,100.995
659.626,467.515,143.578,106.376
670.133,469.137,140.957,104.209
685.613,470.908,139.031,103.020
696.093,473.273,140.222,103.731
697.717,472.760,141.526,104.246
715.345,471.432,145.503,107.918
725.638,470.221,150.110,111.405
727.131,475.941,152.809,113.108
747.442,474.691,145.384,108.707
760.670,474.704,145.561,109.105
758.386,480.395,147.591,110.067
727.213,492.164,148.621,110.351
668.522,500.212,177.819,130.430
619.464,488.408,190.064,139.371
548.446,465.166,224.710,163.731
0.000,0.000,0.000,0.000
0.000,0.000,0.000,0.000
550.636,489.357,205.967,151.879
548.650,501.102,206.252,151.340
554.026,504.854,212.123,155.775
559.054,515.551,209.761,154.415
570.246,512.368,207.178,152.154
624.799,514.405,159.881,62.978
655.838,505.095,147.452,108.985
667.258,511.317,134.927,99.714
682.491,507.803,143.206,105.636
708.666,509.497,134.379,99.142
716.335,508.654,135.459,100.167
724.733,513.895,137.162,101.461
736.674,515.679,134.041,99.566
750.571,519.991,130.712,97.685
759.704,517.499,132.085,98.224
704.014,540.375,161.227,117.706
643.339,541.939,200.694,146.680
594.118,544.694,220.906,163.598
0.000,0.000,0.000,0.000
555.326,512.955,198.946,147.116
559.770,517.627,153.563,114.863
561.541,521.377,137.307,102.245
550.432,534.307,145.722,107.731
550.518,542.692,161.684,119.289
529.548,546.267,191.254,140.786
0.000,0.000,0.000,0.000
0.000,0.000,0.000,0.000
0.000,0.000,0.000,0.000
0.000,0.000,0.000,0.000
0.000,0.000,0.000,0.000
0.000,0.000,0.000,0.000
0.000,0.000,0.000,0.000
0.000,0.000,0.000,0.000
0.000,0.000,0.000,0.000
0.000,0.000,0.000,0.000
0.000,0.000,0.000,0.000
0.000,0.000,0.000,0.000
0.000,0.000,0.000,0.000
0.000,0.000,0.000,0.000
0.000,0.000,0.000,0.000
0.000,0.000,0.000,0.000
0.000,0.000,0.000,0.000
0.000,0.000,0.000,0.000
0.000,0.000,0.000,0.000
0.000,0.000,0.000,0.000
0.000,0.000,0.000,0.000
0.000,0.000,0.000,0.000
0.000,0.000,0.000,0.000
0.000,0.000,0.000,0.000
0.000,0.000,0.000,0.000
0.000,0.000,0.000,0.000
0.000,0.000,0.000,0.000
0.000,0.000,0.000,0.000
0.000,0.000,0.000,0.000
0.000,0.000,0.000,0.000
0.000,0.000,0.000,0.000
0.000,0.000,0.000,0.000
0.000,0.000,0.000,0.000
0.000,0.000,0.000,0.000
0.000,0.000,0.000,0.000
0.000,0.000,0.000,0.000
0.000,0.000,0.000,0.000
0.000,0.000,0.000,0.000
0.000,0.000,0.000,0.000
0.000,0.000,0.000,0.000
967.988,597.304,144.210,106.234
930.626,620.927,119.382,89.621
839.074,641.934,153.959,111.481
782.483,645.286,181.863,133.193
799.832,634.454,185.035,137.498
0.000,0.000,0.000,0.000
0.000,0.000,0.000,0.000
0.000,0.000,0.000,0.000
0.000,0.000,0.000,0.000
0.000,0.000,0.000,0.000
0.000,0.000,0.000,0.000
0.000,0.000,0.000,0.000
0.000,0.000,0.000,0.000
0.000,0.000,0.000,0.000
1003.876,671.591,90.125,41.653
962.604,656.936,103.310,74.906
947.204,652.615,126.082,93.878
896.700,662.440,159.808,117.665
866.778,668.074,185.704,137.666
0.000,0.000,0.000,0.000
0.000,0.000,0.000,0.000
0.000,0.000,0.000,0.000
0.000,0.000,0.000,0.000
0.000,0.000,0.000,0.000
0.000,0.000,0.000,0.000
932.859,708.576,202.740,149.584
0.000,0.000,0.000,0.000
0.000,0.000,0.000,0.000
0.000,0.000,0.000,0.000
0.000,0.000,0.000,0.000
0.000,0.000,0.000,0.000
0.000,0.000,0.000,0.000
0.000,0.000,0.000,0.000
0.000,0.000,0.000,0.000
0.000,0.000,0.000,0.000
0.000,0.000,0.000,0.000
0.000,0.000,0.000,0.000
0.000,0.000,0.000,0.000
0.000,0.000,0.000,0.000
0.000,0.000,0.000,0.000
1173.136,575.958,90.739,55.390
1171.684,575.901,110.636,81.502
1174.105,572.343,130.347,97.001
1137.329,579.738,156.887,115.874
1126.086,584.094,179.606,132.560
1202.075,566.745,138.899,104.712
1191.790,568.629,119.820,89.956
1179.958,571.457,142.458,105.727
1116.533,590.160,183.428,134.420
0.000,0.000,0.000,0.000
1117.746,628.708,213.751,155.466
0.000,0.000,0.000,0.000
0.000,0.000,0.000,0.000
1172.338,564.407,107.747,59.331
1147.139,567.485,127.118,93.506
1113.752,572.446,155.439,114.858
1108.125,575.729,169.408,125.137
1067.071,582.533,201.300,148.650
1171.203,568.690,95.488,53.382
1173.633,567.235,106.147,79.482
1157.162,566.887,123.381,91.648
1142.361,559.291,145.157,107.674
1098.607,578.987,174.944,129.467
1067.017,596.045,199.921,147.858
0.000,0.000,0.000,0.000
0.000,0.000,0.000,0.000
0.000,0.000,0.000,0.000
0.000,0.000,0.000,0.000
0.000,0.000,0.000,0.000
0.000,0.000,0.000,0.000
0.000,0.000,0.000,0.000
0.000,0.000,0.000,0.000
0.000,0.000,0.000,0.000
1188.815,541.529,119.187,60.571
1159.865,546.363,126.054,93.213
1142.785,547.920,137.612,102.079
1120.714,543.398,148.324,110.106
1123.498,546.349,149.610,111.342
1088.734,566.202,180.903,134.073
0.000,0.000,0.000,0.000
0.000,0.000,0.000,0.000
0.000,0.000,0.000,0.000
0.000,0.000,0.000,0.000
0.000,0.000,0.000,0.000
0.000,0.000,0.000,0.000
1088.880,646.575,207.555,151.725
0.000,0.000,0.000,0.000
0.000,0.000,0.000,0.000
0.000,0.000,0.000,0.000
0.000,0.000,0.000,0.000
1155.793,592.609,156.972,119.980
1148.260,586.958,135.449,101.734
1109.435,602.314,153.873,113.982
1115.849,593.920,147.177,109.303
1118.093,588.880,142.699,105.784
1101.808,591.086,154.865,114.441
1102.166,587.452,163.210,120.900
1106.821,584.295,154.168,114.552
1086.682,586.238,167.653,123.707
1092.581,586.027,165.859,122.973
1070.398,588.892,176.961,130.832
1074.251,585.319,179.694,133.228
1056.257,590.855,195.977,144.601
0.000,0.000,0.000,0.000
0.000,0.000,0.000,0.000
0.000,0.000,0.000,0.000
0.000,0.000,0.000,0.000
0.000,0.000,0.000,0.000
0.000,0.000,0.000,0.000
0.000,0.000,0.000,0.000
0.000,0.000,0.000,0.000
0.000,0.000,0.000,0.000
0.000,0.000,0.000,0.000
1127.708,579.309,98.784,54.111
1121.119,576.216,115.733,85.723
1103.111,567.990,132.039,97.541
1094.961,560.497,146.986,108.739
1079.744,554.753,163.288,120.454
1070.800,551.538,165.743,122.760
1125.797,525.571,142.923,107.992
1121.965,518.200,138.801,103.598
1123.100,508.337,133.120,99.240
1123.037,495.095,132.977,99.177
1120.576,482.654,134.325,100.295
1120.713,469.318,133.239,99.363
1121.868,456.497,133.072,99.781
1125.915,445.344,128.376,96.247
1121.158,439.352,128.101,95.929
1120.564,444.790,129.711,97.029
1114.282,454.867,134.034,99.993
1116.125,465.689,131.815,98.838
1112.329,476.833,132.748,99.385
1108.646,486.958,135.149,101.001
1109.824,499.293,134.860,100.966
1100.703,510.895,137.992,102.989
1109.493,523.856,132.989,99.650
1112.748,525.764,131.906,98.267
1104.963,508.868,134.866,100.177
1103.884,496.385,132.462,98.798
1102.910,483.804,132.824,98.943
1095.499,470.525,137.157,101.965
1093.748,458.661,137.348,102.647
1093.777,449.287,136.826,102.362
1091.702,443.127,135.224,101.129
1098.636,452.197,133.038,99.775
1088.604,463.333,137.271,102.410
1091.560,477.033,135.513,101.746
1086.799,491.285,137.413,102.922
1090.372,507.585,134.505,101.095
1085.222,519.665,136.857,102.216
1085.220,535.166,135.177,101.604
1086.897,550.616,132.815,99.693
1076.358,562.938,138.044,103.158
1084.880,592.854,132.544,100.396
1080.709,608.324,133.087,99.484
1079.731,610.664,132.957,99.202
1075.168,597.990,133.501,99.350
1075.984,585.755,134.139,99.737
1072.548,577.222,133.757,99.546
1070.246,569.723,133.600,99.501
1064.920,560.900,136.137,101.242
1065.822,553.323,135.396,101.044
1060.838,545.271,137.337,102.285
1063.784,538.545,135.165,100.816
1060.696,533.266,135.078,100.420
1061.136,525.187,136.184,101.308
1059.853,519.889,133.939,99.561
1061.195,512.954,133.463,99.501
1063.918,508.480,131.547,98.291
1047.638,506.224,137.106,101.534
1038.941,520.336,149.739,111.071
1030.146,542.989,161.069,119.642
1028.669,556.608,157.334,117.421
1021.202,574.396,167.127,124.153
1012.933,585.085,174.087,129.252
1018.475,605.469,168.590,125.938
1011.233,628.746,162.649,121.177
1016.433,613.559,167.703,123.608
1003.217,612.151,157.378,115.996
1015.840,598.123,154.188,114.114
1007.852,603.689,150.760,111.454
1011.895,592.999,153.191,112.927
1018.120,591.960,140.319,103.911
1023.530,589.028,138.376,102.550
1014.722,591.649,137.616,101.610
1008.156,582.517,142.114,104.873
1014.833,584.095,138.287,102.689
1008.938,584.583,139.873,103.346
1015.668,582.125,136.323,101.076
1015.333,582.983,136.785,101.128
1012.089,584.338,131.157,97.118
1012.576,585.264,130.791,96.944
1011.996,585.925,139.017,102.595
1030.981,577.816,131.842,98.345
1035.371,578.656,130.841,97.551
1028.935,577.645,133.938,99.528
1036.515,577.184,128.071,95.321
1026.997,575.384,132.205,98.242
1030.946,574.393,129.541,96.524
1025.161,569.548,134.083,99.654
1028.880,565.729,133.288,99.317
1025.341,563.804,132.704,98.405
1028.458,558.767,131.047,97.573
1022.626,554.200,136.261,101.131
1026.736,548.329,133.706,99.462
1021.015,543.815,135.075,100.215
1021.973,537.042,134.855,100.496
1023.075,532.178,132.961,98.834
1020.284,525.753,133.699,99.156
1019.608,517.678,133.803,99.367
1017.239,512.754,132.934,98.840
1017.285,503.112,133.061,99.039
1011.288,494.944,136.378,101.203
1013.598,488.235,133.382,98.973
1012.746,478.433,134.690,100.072
1012.115,469.363,135.898,100.930
1011.046,461.540,136.869,101.745
1009.880,454.566,137.578,102.315
1009.481,450.946,135.661,100.895
1010.872,445.298,133.383,99.349
1014.716,445.016,130.904,97.261
1008.547,439.450,133.489,99.117
1011.313,435.768,133.183,99.151
1003.782,435.711,137.491,102.101
1004.197,434.336,136.840,101.914
1005.040,433.043,135.848,100.968
1004.783,433.892,132.405,98.524
1003.852,432.116,134.698,100.145
1002.620,434.675,132.822,98.887
1001.901,433.223,133.307,99.636
999.226,435.836,132.743,99.278
1002.954,449.792,134.759,100.942
1008.052,474.956,131.623,99.118
1003.744,497.040,135.648,101.869
999.109,522.801,135.584,101.987
997.342,543.752,133.807,100.314
992.368,545.996,137.908,102.319
1000.781,545.361,130.859,97.419
990.900,543.579,135.125,100.308
990.959,542.524,135.229,100.639
995.648,545.976,131.525,97.934
986.865,544.691,136.309,101.350
993.078,546.358,131.540,97.973
988.877,548.466,130.909,97.382
975.790,554.625,132.543,98.145
963.587,549.075,136.655,100.510
970.448,550.523,138.039,102.120
974.716,549.946,133.101,98.710
974.546,551.493,135.610,100.276
968.575,546.448,142.483,105.026
965.366,554.876,140.021,103.799
953.670,551.638,142.532,105.291
965.554,552.357,134.214,99.890
961.002,549.812,140.526,104.983
944.129,551.467,143.470,106.803
895.975,567.256,152.400,113.070
831.418,571.668,170.943,125.296
800.707,562.694,168.842,124.633
780.023,559.827,188.589,139.067
796.085,555.093,149.889,112.303
816.126,554.307,121.718,91.298
829.575,554.969,112.510,83.718
829.206,557.072,105.463,78.264
831.136,553.272,110.486,81.802
823.299,554.835,107.093,79.358
831.261,553.109,105.919,78.537
822.002,558.369,96.816,72.229
826.744,557.866,93.255,69.525
829.670,554.580,99.367,73.877
821.925,556.550,94.585,70.417
824.849,556.067,92.273,68.850
823.825,554.674,94.373,70.258
823.834,553.834,95.766,71.332
824.644,551.419,97.439,72.509
823.947,551.870,97.769,72.718
822.035,550.385,99.767,74.245
821.908,549.971,99.459,74.092
823.441,548.145,99.931,74.473
823.850,548.554,98.770,73.644
824.475,548.036,99.845,74.480
825.527,546.643,100.017,74.569
825.358,546.274,100.632,75.112
826.359,546.152,100.881,75.244
827.990,544.686,101.730,76.062
826.631,544.517,102.291,76.252
828.358,542.960,103.258,77.042
830.149,544.759,103.329,77.234
830.443,543.594,103.504,77.321
831.704,544.187,102.981,76.715
832.051,543.588,103.900,77.486
833.698,543.818,103.783,77.368
834.012,543.382,103.432,77.125
836.793,545.451,101.870,75.975
837.509,544.493,101.357,75.508
839.281,544.347,101.421,75.620
841.101,544.437,100.676,75.082
840.138,544.615,100.842,75.077
842.213,545.242,99.239,73.969
845.139,547.379,96.743,72.141
845.546,547.355,96.415,71.830
846.600,548.650,95.149,70.971
846.804,546.828,95.676,71.258
847.548,547.562,95.925,71.504
849.581,547.647,94.458,70.400
846.244,547.709,96.250,71.506
848.552,549.000,93.593,69.651
850.008,548.683,92.615,68.998
851.215,547.842,91.161,67.957
849.173,548.193,92.957,69.188
849.120,546.806,93.677,69.652
848.239,545.936,94.779,70.493
846.957,546.275,95.327,70.925
852.810,548.015,90.137,67.211
846.754,546.161,92.893,68.877
847.632,544.445,93.026,69.310
839.046,540.975,99.841,73.864
838.490,540.906,102.442,75.895
830.841,537.877,108.738,80.388
840.042,540.126,104.954,77.905
829.054,537.903,109.642,81.172
839.273,540.994,103.466,76.907
832.108,538.108,107.283,79.416
843.929,540.485,100.731,74.898
834.617,538.473,105.557,78.165
849.517,542.587,95.632,71.268
845.849,541.886,95.146,70.665
841.029,541.509,99.199,73.577
847.655,542.543,96.412,71.841
842.028,543.704,97.444,72.276
850.239,545.734,91.319,68.105
857.264,547.777,85.157,63.700
858.334,550.157,81.443,61.075
863.373,551.586,77.813,58.341
857.801,551.092,81.468,60.697
852.841,551.679,83.080,61.665
862.894,554.979,77.881,58.469
844.765,551.513,88.396,65.460
838.074,550.768,91.778,67.879
818.458,542.740,111.586,82.399
791.768,540.444,126.183,93.627
782.709,538.006,144.732,106.934
756.733,560.291,169.974,126.168
725.310,579.048,195.886,145.012
729.836,560.780,194.997,144.312
0.000,0.000,0.000,0.000
777.525,546.550,144.929,56.630
784.459,538.949,138.354,102.604
771.123,549.000,153.058,113.235
752.846,558.937,171.971,126.361
730.440,574.913,194.967,143.770
0.000,0.000,0.000,0.000
0.000,0.000,0.000,0.000
0.000,0.000,0.000,0.000
760.571,573.426,188.212,139.159
0.000,0.000,0.000,0.000
772.831,580.365,186.303,137.484
767.572,563.083,181.485,134.347
0.000,0.000,0.000,0.000
0.000,0.000,0.000,0.000
0.000,0.000,0.000,0.000
804.151,583.061,178.449,131.298
800.032,567.821,186.334,137.855
0.000,0.000,0.000,0.000
801.415,604.603,196.120,145.364
0.000,0.000,0.000,0.000
764.266,571.225,190.426,142.333
0.000,0.000,0.000,0.000
706.946,562.259,180.058,134.150
684.315,559.773,176.121,129.441
653.508,570.066,161.567,119.642
690.866,569.235,137.910,102.745
715.237,578.535,123.113,92.056
728.116,580.996,114.194,84.961
733.258,581.766,114.132,84.646
751.413,583.345,108.919,81.141
748.304,583.552,110.927,82.135
762.743,585.972,107.808,80.239
772.176,585.478,106.915,79.388
772.958,585.075,111.656,82.846
777.442,582.922,120.510,89.418
795.776,586.165,114.341,85.151
800.266,585.420,116.107,85.917
809.101,589.353,113.424,84.155
817.875,591.341,111.720,82.980
840.826,591.230,106.721,79.512
839.661,592.719,111.091,82.304
863.020,594.801,104.688,78.097
863.174,595.110,107.581,79.924
869.737,592.575,111.022,82.464
882.403,593.158,111.852,83.271
889.448,595.866,113.034,83.883
902.152,595.759,108.631,80.850
920.254,597.217,105.531,78.503
930.199,597.576,108.536,80.481
929.317,595.162,111.998,82.957
927.919,591.233,122.630,90.866
952.907,595.762,121.437,90.700
956.370,598.066,113.144,84.647
933.147,596.347,117.978,87.892
895.584,594.717,121.708,90.600
844.457,595.969,123.119,91.498
830.334,595.105,121.162,89.641
794.189,593.777,118.157,87.601
797.342,587.654,127.631,94.759
813.103,590.239,130.589,97.028
831.755,591.480,127.422,94.528
848.048,591.698,125.472,93.259
860.793,593.626,122.135,90.717
879.550,595.232,118.446,87.825
884.891,593.647,116.089,86.094
887.481,589.619,123.975,91.700
895.357,586.274,127.366,94.371
914.697,587.313,125.969,93.488
929.642,588.002,120.263,89.244
947.189,590.190,118.336,87.703
956.434,586.473,122.783,91.022
968.600,587.029,122.557,90.807
985.694,585.759,121.474,90.198
996.159,584.593,121.511,89.922
1003.385,581.490,124.578,92.480
1018.800,583.377,128.945,95.614
1034.666,579.105,127.864,94.892
1043.080,579.699,129.785,97.382
1052.630,581.403,129.977,96.942
0.000,0.000,0.000,0.000
978.761,578.684,125.107,92.615
945.686,575.322,135.594,101.431
901.395,581.512,136.824,101.192
0.000,0.000,0.000,0.000
0.000,0.000,0.000,0.000
0.000,0.000,0.000,0.000
0.000,0.000,0.000,0.000
0.000,0.000,0.000,0.000
0.000,0.000,0.000,0.000
0.000,0.000,0.000,0.000
0.000,0.000,0.000,0.000
0.000,0.000,0.000,0.000
0.000,0.000,0.000,0.000
0.000,0.000,0.000,0.000
0.000,0.000,0.000,0.000
0.000,0.000,0.000,0.000
0.000,0.000,0.000,0.000
0.000,0.000,0.000,0.000
0.000,0.000,0.000,0.000
0.000,0.000,0.000,0.000
0.000,0.000,0.000,0.000
0.000,0.000,0.000,0.000
0.000,0.000,0.000,0.000
0.000,0.000,0.000,0.000
0.000,0.000,0.000,0.000
0.000,0.000,0.000,0.000
0.000,0.000,0.000,0.000
0.000,0.000,0.000,0.000
0.000,0.000,0.000,0.000
0.000,0.000,0.000,0.000
0.000,0.000,0.000,0.000
0.000,0.000,0.000,0.000
0.000,0.000,0.000,0.000
0.000,0.000,0.000,0.000
0.000,0.000,0.000,0.000
0.000,0.000,0.000,0.000
0.000,0.000,0.000,0.000
0.000,0.000,0.000,0.000
0.000,0.000,0.000,0.000
0.000,0.000,0.000,0.000
0.000,0.000,0.000,0.000
0.000,0.000,0.000,0.000
0.000,0.000,0.000,0.000
0.000,0.000,0.000,0.000
0.000,0.000,0.000,0.000
0.000,0.000,0.000,0.000
0.000,0.000,0.000,0.000
0.000,0.000,0.000,0.000
0.000,0.000,0.000,0.000
0.000,0.000,0.000,0.000
0.000,0.000,0.000,0.000
0.000,0.000,0.000,0.000
0.000,0.000,0.000,0.000
0.000,0.000,0.000,0.000
0.000,0.000,0.000,0.000
0.000,0.000,0.000,0.000
0.000,0.000,0.000,0.000
0.000,0.000,0.000,0.000
0.000,0.000,0.000,0.000
0.000,0.000,0.000,0.000
0.000,0.000,0.000,0.000
0.000,0.000,0.000,0.000
0.000,0.000,0.000,0.000
0.000,0.000,0.000,0.000
0.000,0.000,0.000,0.000
0.000,0.000,0.000,0.000
0.000,0.000,0.000,0.000
0.000,0.000,0.000,0.000
0.000,0.000,0.000,0.000
0.000,0.000,0.000,0.000
0.000,0.000,0.000,0.000
0.000,0.000,0.000,0.000
0.000,0.000,0.000,0.000
0.000,0.000,0.000,0.000
0.000,0.000,0.000,0.000
0.000,0.000,0.000,0.000
0.000,0.000,0.000,0.000
0.000,0.000,0.000,0.000
0.000,0.000,0.000,0.000
0.000,0.000,0.000,0.000
0.000,0.000,0.000,0.000
0.000,0.000,0.000,0.000
0.000,0.000,0.000,0.000
0.000,0.000,0.000,0.000
0.000,0.000,0.000,0.000
0.000,0.000,0.000,0.000
0.000,0.000,0.000,0.000
0.000,0.000,0.000,0.000
0.000,0.000,0.000,0.000
0.000,0.000,0.000,0.000
0.000,0.000,0.000,0.000
0.000,0.000,0.000,0.000
0.000,0.000,0.000,0.000
0.000,0.000,0.000,0.000
0.000,0.000,0.000,0.000
0.000,0.000,0.000,0.000
0.000,0.000,0.000,0.000
0.000,0.000,0.000,0.000
0.000,0.000,0.000,0.000
0.000,0.000,0.000,0.000
0.000,0.000,0.000,0.000
0.000,0.000,0.000,0.000
0.000,0.000,0.000,0.000
0.000,0.000,0.000,0.000
0.000,0.000,0.000,0.000
0.000,0.000,0.000,0.000
0.000,0.000,0.000,0.000
0.000,0.000,0.000,0.000
0.000,0.000,0.000,0.000
0.000,0.000,0.000,0.000
0.000,0.000,0.000,0.000
0.000,0.000,0.000,0.000
0.000,0.000,0.000,0.000
0.000,0.000,0.000,0.000
0.000,0.000,0.000,0.000
0.000,0.000,0.000,0.000
0.000,0.000,0.000,0.000
0.000,0.000,0.000,0.000
0.000,0.000,0.000,0.000
1176.951,570.354,185.816,60.340
0.000,0.000,0.000,0.000
0.000,0.000,0.000,0.000
0.000,0.000,0.000,0.000
0.000,0.000,0.000,0.000
0.000,0.000,0.000,0.000
0.000,0.000,0.000,0.000
0.000,0.000,0.000,0.000
0.000,0.000,0.000,0.000
0.000,0.000,0.000,0.000
0.000,0.000,0.000,0.000
0.000,0.000,0.000,0.000
0.000,0.000,0.000,0.000
0.000,0.000,0.000,0.000
1385.106,561.505,159.595,59.117
0.000,0.000,0.000,0.000
0.000,0.000,0.000,0.000
0.000,0.000,0.000,0.000
0.000,0.000,0.000,0.000
0.000,0.000,0.000,0.000
0.000,0.000,0.000,0.000
1194.865,570.013,171.747,65.256
0.000,0.000,0.000,0.000
0.000,0.000,0.000,0.000
0.000,0.000,0.000,0.000
1097.756,560.138,193.667,74.527
1141.087,574.906,158.228,59.594
1165.151,575.559,162.875,60.246
1175.531,572.482,183.592,61.618
0.000,0.000,0.000,0.000
0.000,0.000,0.000,0.000
0.000,0.000,0.000,0.000
0.000,0.000,0.000,0.000
0.000,0.000,0.000,0.000
0.000,0.000,0.000,0.000
0.000,0.000,0.000,0.000
0.000,0.000,0.000,0.000
0.000,0.000,0.000,0.000
0.000,0.000,0.000,0.000
0.000,0.000,0.000,0.000
0.000,0.000,0.000,0.000
0.000,0.000,0.000,0.000
0.000,0.000,0.000,0.000
0.000,0.000,0.000,0.000
0.000,0.000,0.000,0.000
0.000,0.000,0.000,0.000
0.000,0.000,0.000,0.000
0.000,0.000,0.000,0.000
1168.985,569.806,168.656,68.416
1206.559,575.258,147.376,61.523
0.000,0.000,0.000,0.000
1246.650,579.330,147.884,58.804
1275.250,584.576,121.523,48.895
0.000,0.000,0.000,0.000
0.000,0.000,0.000,0.000
0.000,0.000,0.000,0.000
0.000,0.000,0.000,0.000
0.000,0.000,0.000,0.000
0.000,0.000,0.000,0.000
0.000,0.000,0.000,0.000
0.000,0.000,0.000,0.000
1190.785,577.433,133.813,55.878
0.000,0.000,0.000,0.000
1138.935,581.007,145.512,56.443
0.000,0.000,0.000,0.000
0.000,0.000,0.000,0.000
0.000,0.000,0.000,0.000
0.000,0.000,0.000,0.000
0.000,0.000,0.000,0.000
989.584,572.668,187.734,66.788
1007.837,578.296,123.936,93.320
1055.492,586.848,102.604,76.811
1094.265,589.931,88.871,66.700
1121.650,590.568,82.296,61.786
1141.704,590.427,81.626,60.998
1164.328,590.030,81.709,61.102
1193.392,592.184,77.086,57.852
1217.109,594.054,75.546,56.989
1229.019,598.415,70.035,52.936
1206.687,597.174,73.360,55.065
1178.663,597.418,74.412,55.849
1152.744,596.885,74.720,56.200
1125.907,598.563,75.295,56.551
1101.810,597.773,75.146,56.544
1077.619,597.683,74.351,56.016
1050.573,598.184,75.171,56.500
1024.173,598.242,76.008,57.112
997.062,596.393,78.091,58.520
972.670,598.352,76.287,57.284
948.804,598.421,76.768,57.134
940.402,598.236,76.068,56.846
960.738,594.520,81.416,61.153
991.737,597.447,80.233,60.404
1018.440,599.788,76.549,57.659
1042.662,598.988,75.157,56.617
1065.170,599.423,75.273,56.566
1087.956,599.967,76.887,57.856
1109.424,599.720,77.319,58.050
1134.303,599.300,77.513,58.380
1158.806,601.513,75.566,56.983
1170.769,603.615,71.830,54.184
1149.902,603.440,74.128,55.519
1121.742,603.207,74.903,56.242
1096.235,604.804,75.232,56.497
1072.945,604.663,74.650,56.238
1047.430,605.626,74.828,56.239
1022.818,605.073,74.866,56.358
996.236,604.583,75.940,57.075
970.256,603.162,77.057,57.762
944.807,602.533,77.633,57.918
927.463,605.750,72.175,54.051
942.056,604.055,74.519,55.884
965.220,601.365,78.181,58.943
990.815,600.770,79.701,59.902
1012.791,601.494,80.816,60.613
1036.426,601.775,80.886,60.670
1062.381,602.072,79.566,59.804
1086.551,601.162,80.035,60.119
1110.443,603.214,78.629,58.993
1127.028,600.262,84.345,63.169
1156.500,602.229,82.149,61.599
1184.706,605.108,78.396,58.873
1207.178,605.734,77.388,58.362
1220.343,607.897,72.460,54.767
1196.348,607.388,75.571,56.455
1167.797,607.273,77.919,58.381
1142.958,607.828,77.211,57.996
1120.290,608.206,76.392,57.430
1096.231,607.551,77.610,58.274
1069.786,608.105,78.393,58.655
1042.528,606.719,79.626,59.718
1022.606,607.626,77.302,58.187
993.636,606.658,81.116,60.607
969.118,605.802,81.868,61.358
940.621,606.064,82.573,61.739
915.853,605.262,84.005,62.867
891.560,606.196,82.943,61.960
871.501,606.332,80.161,59.591
863.256,606.360,77.965,58.043
878.214,601.513,88.032,65.962
908.909,601.636,90.638,67.894
932.032,601.641,89.831,66.978
943.708,598.717,96.539,72.292
955.146,604.574,90.304,67.615
926.890,602.834,95.393,70.834
892.136,601.623,98.184,72.847
858.690,598.105,104.184,77.133
833.653,597.195,106.680,79.333
806.395,597.120,107.942,80.097
775.895,594.591,112.245,82.703
766.415,597.307,107.166,79.047
787.390,593.255,114.750,85.057
804.699,593.225,122.076,90.353
834.831,591.736,119.885,88.990
860.188,592.281,118.214,87.745
877.614,590.855,118.795,87.952
907.691,592.124,117.646,87.433
930.102,596.148,110.392,82.370
939.569,599.700,101.766,75.868
901.505,596.752,107.882,79.913
861.523,593.194,116.552,86.069
840.380,594.515,112.447,83.550
810.294,591.295,115.823,85.168
801.277,593.061,108.957,80.406
821.702,594.014,109.947,81.268
850.752,593.962,109.651,81.533
872.484,592.234,108.593,80.533
889.543,590.716,112.406,83.185
906.191,589.058,116.347,86.251
927.334,591.219,112.548,84.003
928.377,591.021,109.084,81.193
886.951,588.702,118.165,87.128
867.265,591.164,112.914,84.095
843.467,591.723,111.359,82.799
811.448,588.282,112.639,83.076
777.160,585.666,117.409,86.332
780.439,582.160,122.720,90.528
807.667,582.370,127.151,94.113
834.325,582.411,124.386,92.062
857.584,583.217,119.628,88.544
883.178,582.040,117.877,87.362
904.672,585.501,114.091,84.556
913.983,584.950,116.718,86.995
924.889,584.520,112.696,84.055
894.273,582.352,117.333,86.928
871.304,581.472,114.352,84.775
828.456,579.643,122.083,90.198
811.375,577.765,118.643,88.129
761.575,571.668,126.650,93.498
742.684,575.974,124.681,92.834
733.127,577.036,115.902,86.498
695.079,576.354,112.931,84.304
672.646,576.174,111.223,82.690
646.628,575.510,106.746,79.078
609.939,574.510,110.229,81.003
632.457,576.279,100.509,74.759
659.766,574.351,99.642,74.235
668.947,570.774,106.204,78.520
680.634,568.450,108.837,80.371
691.106,562.362,119.230,88.196
701.739,562.292,122.968,90.987
726.482,564.538,110.760,82.357
718.469,562.611,108.263,80.133
706.328,558.608,112.409,82.962
705.494,563.169,106.868,79.120
708.113,561.825,100.255,74.288
688.304,557.394,107.983,79.750
685.472,556.386,107.998,79.798
681.025,556.183,104.371,77.370
682.246,556.176,99.877,73.916
669.633,553.821,102.937,76.146
664.250,554.330,99.652,73.851
654.563,550.596,104.220,76.936
650.452,549.725,104.044,76.743
640.891,547.694,105.051,77.694
625.859,542.945,110.313,81.518
622.979,543.401,109.027,80.606
616.560,540.751,108.523,79.978
603.016,537.457,111.304,82.182
587.236,531.810,118.958,87.787
584.459,533.113,116.904,86.340
576.194,533.372,116.759,86.352
574.755,532.935,111.643,82.628
552.238,526.940,115.780,85.467
552.129,524.720,115.533,85.075
558.123,525.073,107.309,79.451
577.097,523.640,108.396,80.349
587.231,518.327,118.830,87.920
