0.09968805
0.10984278
0.11189365
0.12045002
0.11007214
0.12011933
0.11967540
0.11949515
0.11972141
0.13024235
0.12426329
0.12987447
0.12021565
0.11971879
0.44098496
0.11001825
0.11556053
0.11982775
0.11014581
0.12010932
0.13891459
0.28988314
0.12012529
0.13014317
0.13073039
0.46973491
0.11972117
0.12984943
0.12995720
0.11988878
0.13031721
0.12995744
0.13407564
0.12854218
0.10611749
0.12992477
0.12943554
0.12074566
0.13007832
0.10990095
0.11983085
0.11018419
0.12024283
0.12995028
0.15008926
0.13006854
0.13454747
0.12543559
0.10865307
0.12800527
0.12529016
0.12776446
0.12945986
0.13241029
0.11486483
0.12643027
0.11563921
0.12643027
0.13526750
0.12711763
0.11121058
0.13129854
0.12503099
0.11920714
0.12099290
0.12768173
0.12971640
0.13189793
0.11965227
0.12878537
0.13426614
0.12941408
0.11201620
0.12301660
0.12825918
0.12779045
0.12700462
0.12260723
0.12121010
0.12696791
0.12400007
0.12900376
0.12600088
0.12400007
0.12499928
0.12799668
0.12299609
0.12399793
0.12099600
0.12500000
0.12199926
0.12000084
0.12200117
0.12799597
0.13099504
0.12600493
0.12500381
0.12399960
0.12299609
0.12299800
0.10899997
0.12600017
0.12699699
0.12399840
0.12500334
0.12799597
0.12499952
0.12999654
0.12199950
0.12300014
0.12999439
0.12799859
0.12799644
0.12400031
0.12000036
0.11399603
0.12739444
0.13519907
0.11991143
0.12025452
0.12354422
0.11875844
0.12026739
0.12699509
0.13036609
0.12021661
0.12990165
0.11461425
0.12143087
0.12006021
0.12947392
0.12620187
0.12628508
0.12278867
0.12301445
0.12400007
0.12100077
0.12699986
0.12300134
0.12399840
0.12500405
0.12599969
0.12299943
0.12600064
0.14500046
0.12499690
0.11700058
0.12020707
0.11990714
0.13501072
0.16551065
0.14399934
0.12201691
0.12720156
0.11973095
0.10846519
0.12725735
0.14241743
0.12274933
0.11998749
0.12403750
0.12199903
0.12499571
0.12500024
0.11600494
0.12099624
0.12701297
0.12599993
0.12199998
0.12999630
0.13000059
0.12998390
0.12599635
0.12699604
0.12199736
0.12212825
0.12221766
0.12071204
0.11340952
0.10269523
0.12733555
0.12023377
0.29202080
0.12199807
0.13100147
0.12599945
0.12599945
0.12799954
0.13199997
0.12300110
0.12599993
0.12299752
0.12799978
0.12599826
0.12299848
0.12600446
0.12700009
0.11600018
0.13499999
0.13499951
0.11799979
0.12400103
0.12600279
0.12799954
0.12600017
0.12600017
0.12799597
0.12399960
0.12400341
0.12745571
0.12851691
0.11749530
0.12755585
0.12075830
0.13760448
0.12009954
0.13178372
0.12969375
0.12827468
0.11962032
0.14013290
0.12953925
0.12104225
0.12553811
0.11883831
0.13199854
0.12093544
0.14366603
0.12599635
0.12599945
0.12599969
0.12899637
0.12699890
0.10400414
0.12599564
0.12799597
0.11999941
0.13399601
0.14499998
0.12399507
0.12699413
0.12799978
0.13100004
0.12500048
0.11600232
0.12599564
0.12299967
0.11896014
0.11821508
0.12539482
0.13060379
0.13200307
0.12678790
0.10717535
0.11925292
0.10902786
0.11999559
0.12001085
0.11966920
0.12862873
0.12432671
0.12835145
0.13348055
0.12334299
0.11957169
0.12989044
0.12301254
0.11973476
0.13012624
0.12987566
0.12955117
0.12676287
0.12432432
0.12257266
0.12842250
0.12552667
0.12551785
0.12857914
0.11709428
0.12094569
0.11975956
0.12005687
0.11953378
0.13000774
0.11922574
0.13082886
0.10404253
0.29559278
0.12952828
0.12941670
0.12150884
0.12391949
0.12400007
0.12501025
0.12599993
0.12302303
0.12300396
0.12299609
0.12500787
0.12942171
0.12951326
0.12000346
0.12300014
0.29099488
0.12700129
0.12099981
0.12100005
0.12200093
0.12799978
0.12200069
0.12799621
0.12300348
0.11799979
0.12400007
0.12499857
0.12599969
0.12599635
0.12199974
0.12399983
0.12637734
0.12599993
0.13399601
0.13699627
0.12199712
0.12500787
0.12800002
0.12400031
0.12000418
0.12199950
0.12200069
0.12600160
0.12299895
0.09999633
0.12599587
0.12500048
0.12999988
0.12599969
0.12599969
0.12799525
0.12000060
0.12499928
0.12699986
0.11899948
0.11700034
0.12700367
0.12399983
0.11900187
0.12200165
0.11800385
0.10900092
0.12599564
0.12300014
0.12299919
0.12100220
0.12299657
0.12166047
0.13035631
0.11969924
0.12032223
0.13200212
0.12007475
0.12047815
0.12987542
0.13126588
0.13004827
0.13334179
0.12195683
0.11970448
0.12474275
0.12844491
0.11771441
0.14006495
0.11988974
0.12347770
0.11980748
0.26702452
0.12506247
0.11982274
0.13009572
0.13019180
0.28014350
0.12005496
0.13012576
0.13006949
0.11997652
0.12142110
0.11988831
0.12494063
0.13003016
0.12980938
0.11976433
0.10985470
0.12097216
0.12989354
0.12228394
0.12979579
0.13007879
0.11954045
0.12999344
0.12509918
0.08986044
0.11996388
0.13027334
0.13026857
0.12983227
0.11516666
0.12023640
0.12728071
0.12002826
0.12014198
0.11973786
0.11981320
0.12013340
0.12018251
0.11984706
0.12017012
0.11970568
0.12097812
0.12567472
0.13014030
0.12742448
0.12110829
0.12027907
0.13019967
0.13010907
0.12706757
0.13987756
0.13015914
0.12008643
0.13024020
0.12967563
0.12033725
0.11978269
0.12025476
0.12773967
0.12012386
0.12979293
0.12959766
0.12036824
0.11972952
0.11993527
0.13076997
0.11970305
0.12029934
0.28989792
0.12008429
0.12000275
0.11971426
0.12107563
0.11987805
0.11983371
0.13029408
0.12069368
0.12068868
0.13000798
0.12993979
0.12969661
0.13283300
0.13024807
0.11014247
0.12971711
0.11887908
0.13008666
0.13003922
0.12964725
0.12041259
0.12036467
0.12994671
0.13003492
0.12968469
0.12029767
0.12017393
0.13000321
0.29980302
0.11601233
0.11983919
0.19045281
0.14010286
0.15977931
0.12998414
0.13003302
0.11985230
0.11979699
0.12382674
0.11995053
0.12995076
0.12029386
0.12202477
0.12016892
0.12585545
0.12300110
0.12304616
0.12686658
0.13019204
0.12833118
0.11940622
0.10988402
0.12951279
0.11990523
0.11995339
0.12021017
0.13013220
0.11972690
0.12184691
0.12999463
0.12694860
0.11982107
0.12503147
0.12026691
0.12781620
0.46622825
0.12004662
0.12503386
0.12971187
0.11971927
0.12997007
0.12016845
0.13501644
0.12286735
0.11993599
0.11982679
0.12017298
0.12021637
0.12002921
0.12168169
0.10001397
0.11502409
0.13419890
0.12006521
0.11980820
0.11999416
0.11997962
0.13005328
0.10988474
0.12024045
0.12540269
0.12995267
0.10993457
0.12997627
0.11955595
0.11044669
0.11985159
0.11986136
0.11945462
0.12012768
0.12013102
0.12398195
0.11953592
0.13185835
0.12980938
0.13007641
0.12932992
0.13010669
0.12993765
0.12977123
0.13527513
0.12854981
0.12981987
0.12987447
0.12167525
0.13038087
0.13005781
0.12219763
0.11972785
0.14989805
0.12983131
0.12983394
0.12999606
0.13000989
0.12988973
0.12829518
0.11992288
0.12026286
0.13026452
0.14143634
0.11980152
0.11984420
0.12326646
0.11994171
0.11986661
0.12990403
0.12982988
0.11997914
0.11985493
0.11959052
0.11962461
0.12519479
0.28999448
0.12674713
0.12988782
0.11999440
0.12011695
0.13996410
0.13080764
0.13986754
0.15013742
0.13012958
0.12325382
0.14023376
0.12955022
0.11988330
0.12529731
0.12989926
0.12138534
0.11992455
0.11988497
0.13021827
0.12951612
0.12526441
0.12884307
0.12204957
0.11991835
0.12793589
0.12007761
0.12909985
0.12019253
0.12500310
0.12012053
0.11983395
0.12031126
0.49012685
0.29544449
0.29027033
0.28990102
0.28687620
0.11985278
0.11811471
0.12118697
0.12993097
0.12814140
0.12998509
0.11972308
0.11849022
0.13029218
0.11979675
0.12025142
0.13092542
0.11980033
0.12015486
0.11967564
0.11874843
0.12000132
0.12413430
0.12027335
0.11984992
0.12320375
0.13001156
0.13036609
0.10003543
0.11999774
0.13781714
0.10594893
0.11975884
0.13006377
0.12975812
0.13000584
0.12018061
0.12001014
0.13492942
0.11972427
0.11985588
0.12978148
0.11973715
0.11827230
0.12034655
0.12999368
0.12881947
0.13027549
0.12980747
0.12303758
0.11986613
0.09999704
0.12006187
0.12002754
0.12981892
0.12016964
0.13015103
0.13024449
0.12988901
0.12994838
0.12001944
0.13203883
0.12018156
0.13214278
0.12253547
0.13860822
0.12034130
0.13015985
0.11493945
0.28807259
0.29106212
0.28954911
0.29502511
0.28977919
0.30993962
0.27985168
0.29000902
0.29949641
0.29981685
0.28008509
0.27994990
0.30006361
0.29043674
0.27963710
0.29003644
0.29995728
0.11996627
0.25960374
0.29001617
0.27965927
0.28995204
0.30001402
0.29001808
0.29134655
0.28979135
0.30965471
0.29851794
0.29021478
0.28017449
0.28989840
0.28985167
0.29034567
0.29008222
0.29026651
0.29503655
0.28535342
0.29009438
0.28968763
0.28989410
0.28998280
0.28038621
0.28009677
0.30011296
0.27997255
0.29005766
0.29006648
0.31020808
0.27802467
0.29016614
0.28977132
0.28963637
0.28979588
0.28996158
0.29001141
0.29009771
0.28999972
0.29958105
0.29973245
0.29540825
0.30975747
0.30033827
0.30005360
0.28976369
0.29169083
0.27026892
0.30581498
0.33792186
0.30981398
0.48611140
0.51814318
0.48192620
0.50487280
0.50583458
0.50777221
0.48023367
0.52448797
0.49962878
0.57993340
0.81970763
0.80523658
0.38115883
0.38434863
0.37940502
0.38193560
0.37496638
0.36999679
0.38963652
0.37480545
0.36415243
0.35950804
0.36887980
0.38454032
0.37500310
0.37836289
0.38789535
0.35517287
0.35998249
0.37506890
0.38380265
0.38985062
0.38502216
0.37985611
0.37703085
0.38399887
0.60098362
0.59022093
0.59907556
0.61015558
0.58003998
0.61989856
0.56533456
0.58997107
0.38530922
0.38033271
0.37967777
0.38532710
0.37509322
0.39001870
0.38014174
0.39184761
0.38444042
0.38056469
0.37529802
0.37299252
0.35278320
0.39521933
0.37743998
0.37535238
0.39992523
0.37974811
0.36899877
0.36968827
0.39009309
0.37532139
0.37501550
0.38227248
0.39153290
0.34970808
0.38204908
0.38902855
0.37026215
0.39168692
0.38203406
0.36512661
0.37433028
0.39471531
0.39161181
0.36995625
0.36367297
0.38485193
0.38873839
0.36581993
0.35842085
0.37766623
0.37012601
0.37591004
0.37023044
0.37490439
0.37972951
0.39018512
0.37313366
0.38005924
0.37994480
0.37993073
0.37465262
0.34683752
0.39181900
0.40505409
0.38486791
0.34727407
0.38992858
0.38246417
0.39129519
0.39223409
0.32003641
0.37417412
0.35008383
0.36985636
0.37022257
0.37532043
0.37371159
0.37987900
0.37732649
0.36806512
0.37018728
0.37976289
0.39505696
0.36470771
0.39371109
0.37991142
0.37205744
0.38479018
0.37991714
0.36300206
0.39005542
0.35964513
0.38673759
0.39004850
0.37985349
0.36797500
0.38507557
0.40008283
0.38012099
0.38619995
0.39216638
0.35511065
0.38008785
0.37022042
0.38062239
0.37515092
0.37494636
0.37895393
0.37968588
0.37541842
0.37300658
0.37359500
0.39013433
0.38967156
0.37484074
0.39994645
0.38506746
0.36787724
0.62000155
0.61009002
0.58970904
0.60994577
0.59632421
0.59032869
0.60012984
0.60590410
0.60060811
0.59421206
0.59712791
0.57947683
0.60015440
0.59425759
0.61015058
0.57511497
0.59010482
0.59979820
0.60494947
0.59792972
0.59007812
0.61919022
0.59493804
0.61013746
0.57509160
0.37500072
0.38051486
0.38028669
0.36366582
0.37462783
0.37512875
0.37988281
0.38519812
0.37778568
0.38002563
0.39026284
0.37022400
0.38796377
0.36019492
0.37512851
0.36400557
0.34417725
0.38022804
0.37421751
0.38991261
0.37643933
0.38011789
0.39499235
0.39005399
0.39227319
0.36401677
0.36993551
0.37685895
0.37719274
0.37175941
0.38004303
0.16235614
0.16455555
0.16480064
0.16103840
0.17495608
0.16022253
0.16973448
0.16018820
0.15993047
0.15970063
0.15517831
0.16501594
0.16436410
0.16079354
0.16981173
0.14527512
0.16967368
0.17331743
0.17019510
0.15680027
0.17315030
0.16054320
0.15024090
0.18481684
0.16869164
0.16510725
0.15491414
0.16482139
0.16505766
0.16050100
0.16006136
0.16031146
